keyword,age_code,gender,period,ratio
실리프팅,all,all,2016-01-01,62.45908
실리프팅,all,all,2016-02-01,67.70687
실리프팅,all,all,2016-03-01,100.0
실리프팅,all,all,2016-04-01,67.37954
실리프팅,all,all,2016-05-01,70.08352
실리프팅,all,all,2016-06-01,37.08135
실리프팅,all,all,2016-07-01,21.40483
실리프팅,all,all,2016-08-01,19.82056
실리프팅,all,all,2016-09-01,20.7352
실리프팅,all,all,2016-10-01,15.02634
실리프팅,all,all,2016-11-01,14.96696
실리프팅,all,all,2016-12-01,49.92116
실리프팅,all,all,2017-01-01,18.9658
실리프팅,all,all,2017-02-01,12.72803
실리프팅,all,all,2017-03-01,13.27242
실리프팅,all,all,2017-04-01,11.88176
실리프팅,all,all,2017-05-01,11.61081
실리프팅,all,all,2017-06-01,9.98463
실리프팅,all,all,2017-07-01,7.86395
실리프팅,all,all,2017-08-01,11.1238
실리프팅,all,all,2017-09-01,11.14177
실리프팅,all,all,2017-10-01,12.24003
실리프팅,all,all,2017-11-01,11.96409
실리프팅,all,all,2017-12-01,13.64765
실리프팅,all,all,2018-01-01,16.76479
실리프팅,all,all,2018-02-01,17.57664
실리프팅,all,all,2018-03-01,14.53035
실리프팅,all,all,2018-04-01,13.92758
실리프팅,all,all,2018-05-01,11.09636
실리프팅,all,all,2018-06-01,8.81352
실리프팅,all,all,2018-07-01,9.45171
실리프팅,all,all,2018-08-01,9.85339
실리프팅,all,all,2018-09-01,9.80749
실리프팅,all,all,2018-10-01,10.22214
실리프팅,all,all,2018-11-01,10.26106
실리프팅,all,all,2018-12-01,10.61235
실리프팅,all,all,2019-01-01,17.53672
실리프팅,all,all,2019-02-01,12.62424
실리프팅,all,all,2019-03-01,16.08818
실리프팅,all,all,2019-04-01,12.01049
실리프팅,all,all,2019-05-01,10.04301
실리프팅,all,all,2019-06-01,9.32198
실리프팅,all,all,2019-07-01,10.02904
실리프팅,all,all,2019-08-01,10.02255
실리프팅,all,all,2019-09-01,9.51608
실리프팅,all,all,2019-10-01,11.20314
실리프팅,all,all,2019-11-01,12.24901
실리프팅,all,all,2019-12-01,12.84429
실리프팅,all,all,2020-01-01,11.57838
실리프팅,all,all,2020-02-01,7.18883
실리프팅,all,all,2020-03-01,6.91589
실리프팅,all,all,2020-04-01,7.16638
실리프팅,all,all,2020-05-01,6.59554
실리프팅,all,all,2020-06-01,5.58959
실리프팅,all,all,2020-07-01,6.16642
실리프팅,all,all,2020-08-01,5.45487
실리프팅,all,all,2020-09-01,4.97634
실리프팅,all,all,2020-10-01,4.93992
실리프팅,all,all,2020-11-01,4.79222
실리프팅,all,all,2020-12-01,5.07664
실리프팅,all,all,2021-01-01,5.6854
실리프팅,all,all,2021-02-01,5.01876
실리프팅,all,all,2021-03-01,5.37503
실리프팅,all,all,2021-04-01,5.09909
실리프팅,all,all,2021-05-01,4.42696
실리프팅,all,all,2021-06-01,4.56069
실리프팅,all,all,2021-07-01,4.66149
실리프팅,all,all,2021-08-01,4.97634
실리프팅,all,all,2021-09-01,4.54422
실리프팅,all,all,2021-10-01,5.06466
실리프팅,all,all,2021-11-01,5.10558
실리프팅,all,all,2021-12-01,4.73533
실리프팅,all,all,2022-01-01,5.50576
실리프팅,all,all,2022-02-01,4.66298
실리프팅,all,all,2022-03-01,5.4883
실리프팅,all,all,2022-04-01,5.65396
실리프팅,all,all,2022-05-01,6.09107
실리프팅,all,all,2022-06-01,6.17689
실리프팅,all,all,2022-07-01,5.94836
실리프팅,all,all,2022-08-01,5.7842
실리프팅,all,all,2022-09-01,5.63101
실리프팅,all,all,2022-10-01,9.9971
실리프팅,all,all,2022-11-01,11.43068
실리프팅,all,all,2022-12-01,11.40872
실리프팅,all,all,2023-01-01,12.70358
실리프팅,all,all,2023-02-01,15.03682
실리프팅,all,all,2023-03-01,14.75839
실리프팅,all,all,2023-04-01,13.75444
실리프팅,all,all,2023-05-01,12.42265
실리프팅,all,all,2023-06-01,10.85984
실리프팅,all,all,2023-07-01,10.79797
실리프팅,all,all,2023-08-01,10.59139
실리프팅,all,all,2023-09-01,10.36485
실리프팅,all,all,2023-10-01,10.53301
실리프팅,all,all,2023-11-01,10.92371
실리프팅,all,all,2023-12-01,12.08085
실리프팅,all,all,2024-01-01,13.90064
실리프팅,all,all,2024-02-01,13.14318
실리프팅,all,all,2024-03-01,13.29038
실리프팅,all,all,2024-04-01,12.44361
실리프팅,all,all,2024-05-01,10.76404
실리프팅,all,all,2024-06-01,9.98063
실리프팅,all,all,2024-07-01,11.05893
실리프팅,all,all,2024-08-01,10.20667
실리프팅,all,all,2024-09-01,10.22763
실리프팅,all,all,2024-10-01,12.43263
실리프팅,all,all,2024-11-01,12.1522
실리프팅,all,all,2024-12-01,12.18863
실리프팅,all,all,2025-01-01,16.49584
실리프팅,all,all,2025-02-01,13.45056
실리프팅,all,all,2025-03-01,12.49351
실리프팅,all,all,2025-04-01,10.6353
실리프팅,all,all,2025-05-01,10.08442
실리프팅,all,all,2025-06-01,9.01161
실리프팅,all,all,2025-07-01,8.74765
실리프팅,all,all,2025-08-01,8.60594
실리프팅,all,all,2025-09-01,9.45421
실리프팅,all,all,2025-10-01,16.68645
실리프팅,all,all,2025-11-01,12.95756
실리프팅,all,all,2025-12-01,11.69414
실리프팅,all,f,2016-01-01,33.93228
실리프팅,all,f,2016-02-01,34.06355
실리프팅,all,f,2016-03-01,29.09419
실리프팅,all,f,2016-04-01,31.05787
실리프팅,all,f,2016-05-01,29.75057
실리프팅,all,f,2016-06-01,39.53342
실리프팅,all,f,2016-07-01,42.33945
실리프팅,all,f,2016-08-01,36.90515
실리프팅,all,f,2016-09-01,29.29931
실리프팅,all,f,2016-10-01,31.46811
실리프팅,all,f,2016-11-01,39.5088
실리프팅,all,f,2016-12-01,100.0
실리프팅,all,f,2017-01-01,44.48911
실리프팅,all,f,2017-02-01,39.94639
실리프팅,all,f,2017-03-01,38.46406
실리프팅,all,f,2017-04-01,35.94245
실리프팅,all,f,2017-05-01,30.37687
실리프팅,all,f,2017-06-01,29.78886
실리프팅,all,f,2017-07-01,25.3446
실리프팅,all,f,2017-08-01,26.96094
실리프팅,all,f,2017-09-01,29.67946
실리프팅,all,f,2017-10-01,36.1339
실리프팅,all,f,2017-11-01,38.00185
실리프팅,all,f,2017-12-01,32.87659
실리프팅,all,f,2018-01-01,46.20665
실리프팅,all,f,2018-02-01,38.34372
실리프팅,all,f,2018-03-01,36.09287
실리프팅,all,f,2018-04-01,34.35619
실리프팅,all,f,2018-05-01,32.51832
실리프팅,all,f,2018-06-01,30.51635
실리프팅,all,f,2018-07-01,34.90044
실리프팅,all,f,2018-08-01,34.80746
실리프팅,all,f,2018-09-01,35.92878
실리프팅,all,f,2018-10-01,41.01301
실리프팅,all,f,2018-11-01,42.08511
실리프팅,all,f,2018-12-01,42.83448
실리프팅,all,f,2019-01-01,74.76479
실리프팅,all,f,2019-02-01,52.89082
실리프팅,all,f,2019-03-01,64.00831
실리프팅,all,f,2019-04-01,46.90952
실리프팅,all,f,2019-05-01,39.56624
실리프팅,all,f,2019-06-01,37.61076
실리프팅,all,f,2019-07-01,38.9919
실리프팅,all,f,2019-08-01,38.77584
실리프팅,all,f,2019-09-01,35.89869
실리프팅,all,f,2019-10-01,43.00131
실리프팅,all,f,2019-11-01,51.3866
실리프팅,all,f,2019-12-01,55.45618
실리프팅,all,f,2020-01-01,49.32173
실리프팅,all,f,2020-02-01,27.82518
실리프팅,all,f,2020-03-01,25.95449
실리프팅,all,f,2020-04-01,29.18717
실리프팅,all,f,2020-05-01,26.50147
실리프팅,all,f,2020-06-01,21.65791
실리프팅,all,f,2020-07-01,24.14123
실리프팅,all,f,2020-08-01,21.84389
실리프팅,all,f,2020-09-01,18.93392
실리프팅,all,f,2020-10-01,19.11716
실리프팅,all,f,2020-11-01,18.13805
실리프팅,all,f,2020-12-01,19.39886
실리프팅,all,f,2021-01-01,23.31254
실리프팅,all,f,2021-02-01,21.16836
실리프팅,all,f,2021-03-01,21.83021
실리프팅,all,f,2021-04-01,20.9523
실리프팅,all,f,2021-05-01,18.04233
실리프팅,all,f,2021-06-01,18.59479
실리프팅,all,f,2021-07-01,19.09528
실리프팅,all,f,2021-08-01,18.93392
실리프팅,all,f,2021-09-01,19.00229
실리프팅,all,f,2021-10-01,19.89114
실리프팅,all,f,2021-11-01,21.16836
실리프팅,all,f,2021-12-01,19.66415
실리프팅,all,f,2022-01-01,23.37818
실리프팅,all,f,2022-02-01,19.55748
실리프팅,all,f,2022-03-01,22.47839
실리프팅,all,f,2022-04-01,23.78022
실리프팅,all,f,2022-05-01,25.31998
실리프팅,all,f,2022-06-01,24.75932
실리프팅,all,f,2022-07-01,24.32447
실리프팅,all,f,2022-08-01,23.87047
실리프팅,all,f,2022-09-01,23.36998
실리프팅,all,f,2022-10-01,44.12536
실리프팅,all,f,2022-11-01,50.36921
실리프팅,all,f,2022-12-01,50.25708
실리프팅,all,f,2023-01-01,56.17
실리프팅,all,f,2023-02-01,67.16442
실리프팅,all,f,2023-03-01,64.98194
실리프팅,all,f,2023-04-01,58.89672
실리프팅,all,f,2023-05-01,52.71305
실리프팅,all,f,2023-06-01,46.26408
실리프팅,all,f,2023-07-01,46.04802
실리프팅,all,f,2023-08-01,45.56667
실리프팅,all,f,2023-09-01,44.82551
실리프팅,all,f,2023-10-01,45.00601
실리프팅,all,f,2023-11-01,45.41899
실리프팅,all,f,2023-12-01,52.34383
실리프팅,all,f,2024-01-01,60.34624
실리프팅,all,f,2024-02-01,56.6869
실리프팅,all,f,2024-03-01,57.43354
실리프팅,all,f,2024-04-01,50.86423
실리프팅,all,f,2024-05-01,45.29591
실리프팅,all,f,2024-06-01,41.29198
실리프팅,all,f,2024-07-01,44.5903
실리프팅,all,f,2024-08-01,42.77704
실리프팅,all,f,2024-09-01,43.02319
실리프팅,all,f,2024-10-01,52.08128
실리프팅,all,f,2024-11-01,50.96543
실리프팅,all,f,2024-12-01,51.74215
실리프팅,all,f,2025-01-01,71.99431
실리프팅,all,f,2025-02-01,57.42533
실리프팅,all,f,2025-03-01,53.20533
실리프팅,all,f,2025-04-01,45.12361
실리프팅,all,f,2025-05-01,41.45334
실리프팅,all,f,2025-06-01,36.22141
실리프팅,all,f,2025-07-01,35.24504
실리프팅,all,f,2025-08-01,35.37906
실리프팅,all,f,2025-09-01,38.98369
실리프팅,all,f,2025-10-01,71.34886
실리프팅,all,f,2025-11-01,54.61929
실리프팅,all,f,2025-12-01,47.01072
실리프팅,all,m,2016-01-01,11.74627
실리프팅,all,m,2016-02-01,10.29546
실리프팅,all,m,2016-03-01,16.59035
실리프팅,all,m,2016-04-01,11.70771
실리프팅,all,m,2016-05-01,12.04029
실리프팅,all,m,2016-06-01,14.92745
실리프팅,all,m,2016-07-01,15.37571
실리프팅,all,m,2016-08-01,18.59063
실리프팅,all,m,2016-09-01,14.71056
실리프팅,all,m,2016-10-01,10.20388
실리프팅,all,m,2016-11-01,11.97281
실리프팅,all,m,2016-12-01,100.0
실리프팅,all,m,2017-01-01,13.38024
실리프팅,all,m,2017-02-01,12.16079
실리프팅,all,m,2017-03-01,10.47862
실리프팅,all,m,2017-04-01,10.89796
실리프팅,all,m,2017-05-01,9.24953
실리프팅,all,m,2017-06-01,9.43268
실리프팅,all,m,2017-07-01,7.37456
실리프팅,all,m,2017-08-01,7.71677
실리프팅,all,m,2017-09-01,7.49023
실리프팅,all,m,2017-10-01,10.02554
실리프팅,all,m,2017-11-01,15.81915
실리프팅,all,m,2017-12-01,13.13442
실리프팅,all,m,2018-01-01,15.35643
실리프팅,all,m,2018-02-01,10.14122
실리프팅,all,m,2018-03-01,10.20388
실리프팅,all,m,2018-04-01,11.47635
실리프팅,all,m,2018-05-01,10.47862
실리프팅,all,m,2018-06-01,8.66149
실리프팅,all,m,2018-07-01,10.50754
실리프팅,all,m,2018-08-01,10.09302
실리프팅,all,m,2018-09-01,11.11485
실리프팅,all,m,2018-10-01,11.59203
실리프팅,all,m,2018-11-01,10.55092
실리프팅,all,m,2018-12-01,11.29319
실리프팅,all,m,2019-01-01,15.38053
실리프팅,all,m,2019-02-01,11.35585
실리프팅,all,m,2019-03-01,16.20475
실리프팅,all,m,2019-04-01,13.29348
실리프팅,all,m,2019-05-01,11.39441
실리프팅,all,m,2019-06-01,11.05702
실리프팅,all,m,2019-07-01,10.33884
실리프팅,all,m,2019-08-01,10.86422
실리프팅,all,m,2019-09-01,9.25435
실리프팅,all,m,2019-10-01,10.74854
실리프팅,all,m,2019-11-01,10.75336
실리프팅,all,m,2019-12-01,11.54383
실리프팅,all,m,2020-01-01,10.8353
실리프팅,all,m,2020-02-01,8.35301
실리프팅,all,m,2020-03-01,7.30708
실리프팅,all,m,2020-04-01,7.95777
실리프팅,all,m,2020-05-01,7.90957
실리프팅,all,m,2020-06-01,7.85173
실리프팅,all,m,2020-07-01,8.23251
실리프팅,all,m,2020-08-01,6.45876
실리프팅,all,m,2020-09-01,6.3238
실리프팅,all,m,2020-10-01,6.69976
실리프팅,all,m,2020-11-01,6.41056
실리프팅,all,m,2020-12-01,7.2637
실리프팅,all,m,2021-01-01,7.49987
실리프팅,all,m,2021-02-01,6.07798
실리프팅,all,m,2021-03-01,7.24442
실리프팅,all,m,2021-04-01,6.45394
실리프팅,all,m,2021-05-01,5.85626
실리프팅,all,m,2021-06-01,6.08762
실리프팅,all,m,2021-07-01,5.78878
실리프팅,all,m,2021-08-01,6.00568
실리프팅,all,m,2021-09-01,5.31161
실리프팅,all,m,2021-10-01,5.10917
실리프팅,all,m,2021-11-01,5.649
실리프팅,all,m,2021-12-01,5.7695
실리프팅,all,m,2022-01-01,6.52142
실리프팅,all,m,2022-02-01,5.7936
실리프팅,all,m,2022-03-01,7.36492
실리프팅,all,m,2022-04-01,6.48768
실리프팅,all,m,2022-05-01,7.22514
실리프팅,all,m,2022-06-01,9.37002
실리프팅,all,m,2022-07-01,8.06863
실리프팅,all,m,2022-08-01,6.96486
실리프팅,all,m,2022-09-01,6.97932
실리프팅,all,m,2022-10-01,9.29772
실리프팅,all,m,2022-11-01,9.54836
실리프팅,all,m,2022-12-01,10.04964
실리프팅,all,m,2023-01-01,11.60649
실리프팅,all,m,2023-02-01,12.55121
실리프팅,all,m,2023-03-01,13.00428
실리프팅,all,m,2023-04-01,12.21863
실리프팅,all,m,2023-05-01,12.18489
실리프팅,all,m,2023-06-01,11.0522
실리프팅,all,m,2023-07-01,11.29319
실리프팅,all,m,2023-08-01,10.72444
실리프팅,all,m,2023-09-01,10.0159
실리프팅,all,m,2023-10-01,10.75336
실리프팅,all,m,2023-11-01,13.0573
실리프팅,all,m,2023-12-01,11.86677
실리프팅,all,m,2024-01-01,13.467
실리프팅,all,m,2024-02-01,14.38762
실리프팅,all,m,2024-03-01,13.28866
실리프팅,all,m,2024-04-01,12.985
실리프팅,all,m,2024-05-01,12.77293
실리프팅,all,m,2024-06-01,13.01874
실리프팅,all,m,2024-07-01,14.7202
실리프팅,all,m,2024-08-01,12.09813
실리프팅,all,m,2024-09-01,12.18007
실리프팅,all,m,2024-10-01,15.33233
실리프팅,all,m,2024-11-01,14.89853
실리프팅,all,m,2024-12-01,14.04058
실리프팅,all,m,2025-01-01,17.25068
실리프팅,all,m,2025-02-01,14.63344
실리프팅,all,m,2025-03-01,13.90562
실리프팅,all,m,2025-04-01,12.14151
실리프팅,all,m,2025-05-01,13.63088
실리프팅,all,m,2025-06-01,12.00655
실리프팅,all,m,2025-07-01,12.18971
실리프팅,all,m,2025-08-01,11.20161
실리프팅,all,m,2025-09-01,11.52937
실리프팅,all,m,2025-10-01,15.59743
실리프팅,all,m,2025-11-01,13.71282
실리프팅,all,m,2025-12-01,13.22118
실리프팅,3,all,2016-01-01,22.46028
실리프팅,3,all,2016-02-01,26.21237
실리프팅,3,all,2016-03-01,15.90719
실리프팅,3,all,2016-04-01,16.85827
실리프팅,3,all,2016-05-01,15.80267
실리프팅,3,all,2016-06-01,19.66973
실리프팅,3,all,2016-07-01,18.93812
실리프팅,3,all,2016-08-01,17.0255
실리프팅,3,all,2016-09-01,14.86204
실리프팅,3,all,2016-10-01,14.96655
실리프팅,3,all,2016-11-01,21.76003
실리프팅,3,all,2016-12-01,100.0
실리프팅,3,all,2017-01-01,24.44607
실리프팅,3,all,2017-02-01,19.63837
실리프팅,3,all,2017-03-01,18.76045
실리프팅,3,all,2017-04-01,17.4122
실리프팅,3,all,2017-05-01,15.41596
실리프팅,3,all,2017-06-01,17.83026
실리프팅,3,all,2017-07-01,13.70192
실리프팅,3,all,2017-08-01,13.47198
실리프팅,3,all,2017-09-01,17.57943
실리프팅,3,all,2017-10-01,28.19816
실리프팅,3,all,2017-11-01,21.94816
실리프팅,3,all,2017-12-01,20.21321
실리프팅,3,all,2018-01-01,30.17349
실리프팅,3,all,2018-02-01,22.70066
실리프팅,3,all,2018-03-01,18.18561
실리프팅,3,all,2018-04-01,17.08821
실리프팅,3,all,2018-05-01,15.94899
실리프팅,3,all,2018-06-01,15.21739
실리프팅,3,all,2018-07-01,21.85409
실리프팅,3,all,2018-08-01,19.1158
실리프팅,3,all,2018-09-01,16.7015
실리프팅,3,all,2018-10-01,20.77759
실리프팅,3,all,2018-11-01,20.21321
실리프팅,3,all,2018-12-01,20.91346
실리프팅,3,all,2019-01-01,24.352
실리프팅,3,all,2019-02-01,20.06688
실리프팅,3,all,2019-03-01,21.28971
실리프팅,3,all,2019-04-01,17.46446
실리프팅,3,all,2019-05-01,14.46488
실리프팅,3,all,2019-06-01,14.33946
실리프팅,3,all,2019-07-01,14.09908
실리프팅,3,all,2019-08-01,13.46153
실리프팅,3,all,2019-09-01,11.8102
실리프팅,3,all,2019-10-01,12.1551
실리프팅,3,all,2019-11-01,14.38127
실리프팅,3,all,2019-12-01,19.36663
실리프팅,3,all,2020-01-01,15.23829
실리프팅,3,all,2020-02-01,8.88377
실리프팅,3,all,2020-03-01,8.7061
실리프팅,3,all,2020-04-01,8.62249
실리프팅,3,all,2020-05-01,8.69565
실리프팅,3,all,2020-06-01,8.0372
실리프팅,3,all,2020-07-01,8.97784
실리프팅,3,all,2020-08-01,7.33695
실리프팅,3,all,2020-09-01,7.26379
실리프팅,3,all,2020-10-01,6.74122
실리프팅,3,all,2020-11-01,6.09322
실리프팅,3,all,2020-12-01,6.83528
실리프팅,3,all,2021-01-01,6.38586
실리프팅,3,all,2021-02-01,5.5602
실리프팅,3,all,2021-03-01,5.53929
실리프팅,3,all,2021-04-01,5.93645
실리프팅,3,all,2021-05-01,5.00627
실리프팅,3,all,2021-06-01,5.42433
실리프팅,3,all,2021-07-01,6.55309
실리프팅,3,all,2021-08-01,6.17683
실리프팅,3,all,2021-09-01,5.80058
실리프팅,3,all,2021-10-01,5.74832
실리프팅,3,all,2021-11-01,5.41387
실리프팅,3,all,2021-12-01,5.03762
실리프팅,3,all,2022-01-01,5.30936
실리프팅,3,all,2022-02-01,4.23285
실리프팅,3,all,2022-03-01,4.94356
실리프팅,3,all,2022-04-01,5.5811
실리프팅,3,all,2022-05-01,5.5602
실리프팅,3,all,2022-06-01,5.59155
실리프팅,3,all,2022-07-01,5.42433
실리프팅,3,all,2022-08-01,5.6229
실리프팅,3,all,2022-09-01,5.86329
실리프팅,3,all,2022-10-01,7.90133
실리프팅,3,all,2022-11-01,8.30894
실리프팅,3,all,2022-12-01,10.69188
실리프팅,3,all,2023-01-01,11.02633
실리프팅,3,all,2023-02-01,9.80351
실리프팅,3,all,2023-03-01,10.70234
실리프팅,3,all,2023-04-01,10.48285
실리프팅,3,all,2023-05-01,9.59448
실리프팅,3,all,2023-06-01,8.40301
실리프팅,3,all,2023-07-01,9.50041
실리프팅,3,all,2023-08-01,10.17976
실리프팅,3,all,2023-09-01,9.7826
실리프팅,3,all,2023-10-01,9.04055
실리프팅,3,all,2023-11-01,9.64673
실리프팅,3,all,2023-12-01,12.64632
실리프팅,3,all,2024-01-01,13.03302
실리프팅,3,all,2024-02-01,12.8658
실리프팅,3,all,2024-03-01,14.70526
실리프팅,3,all,2024-04-01,12.23871
실리프팅,3,all,2024-05-01,11.852
실리프팅,3,all,2024-06-01,10.97408
실리프팅,3,all,2024-07-01,11.72658
실리프팅,3,all,2024-08-01,9.82441
실리프팅,3,all,2024-09-01,9.92892
실리프팅,3,all,2024-10-01,11.44439
실리프팅,3,all,2024-11-01,11.02633
실리프팅,3,all,2024-12-01,11.8311
실리프팅,3,all,2025-01-01,14.20359
실리프팅,3,all,2025-02-01,13.63921
실리프팅,3,all,2025-03-01,12.33277
실리프팅,3,all,2025-04-01,10.54556
실리프팅,3,all,2025-05-01,9.71989
실리프팅,3,all,2025-06-01,8.60158
실리프팅,3,all,2025-07-01,9.64673
실리프팅,3,all,2025-08-01,8.61204
실리프팅,3,all,2025-09-01,7.66095
실리프팅,3,all,2025-10-01,9.47951
실리프팅,3,all,2025-11-01,9.00919
실리프팅,3,all,2025-12-01,8.77926
실리프팅,3,f,2016-01-01,34.93237
실리프팅,3,f,2016-02-01,40.93778
실리프팅,3,f,2016-03-01,25.28403
실리프팅,3,f,2016-04-01,25.8972
실리프팅,3,f,2016-05-01,23.55275
실리프팅,3,f,2016-06-01,29.72046
실리프팅,3,f,2016-07-01,28.94499
실리프팅,3,f,2016-08-01,23.64292
실리프팅,3,f,2016-09-01,22.39855
실리프팅,3,f,2016-10-01,23.13796
실리프팅,3,f,2016-11-01,33.23715
실리프팅,3,f,2016-12-01,100.0
실리프팅,3,f,2017-01-01,37.29486
실리프팅,3,f,2017-02-01,29.55816
실리프팅,3,f,2017-03-01,28.06131
실리프팅,3,f,2017-04-01,25.46438
실리프팅,3,f,2017-05-01,22.38052
실리프팅,3,f,2017-06-01,25.96934
실리프팅,3,f,2017-07-01,20.86564
실리프팅,3,f,2017-08-01,19.63931
실리프팅,3,f,2017-09-01,27.73669
실리프팅,3,f,2017-10-01,44.88728
실리프팅,3,f,2017-11-01,33.30928
실리프팅,3,f,2017-12-01,30.31559
실리프팅,3,f,2018-01-01,46.4743
실리프팅,3,f,2018-02-01,35.59963
실리프팅,3,f,2018-03-01,27.17763
실리프팅,3,f,2018-04-01,26.34806
실리프팅,3,f,2018-05-01,23.98557
실리프팅,3,f,2018-06-01,23.53471
실리프팅,3,f,2018-07-01,31.86654
실리프팅,3,f,2018-08-01,28.34986
실리프팅,3,f,2018-09-01,23.84129
실리프팅,3,f,2018-10-01,30.83859
실리프팅,3,f,2018-11-01,30.71235
실리프팅,3,f,2018-12-01,31.23534
실리프팅,3,f,2019-01-01,37.06041
실리프팅,3,f,2019-02-01,30.92876
실리프팅,3,f,2019-03-01,30.02705
실리프팅,3,f,2019-04-01,24.56266
실리프팅,3,f,2019-05-01,20.34265
실리프팅,3,f,2019-06-01,19.90982
실리프팅,3,f,2019-07-01,20.70333
실리프팅,3,f,2019-08-01,19.06221
실리프팅,3,f,2019-09-01,17.15058
실리프팅,3,f,2019-10-01,17.49323
실리프팅,3,f,2019-11-01,21.33453
실리프팅,3,f,2019-12-01,28.72858
실리프팅,3,f,2020-01-01,22.77727
실리프팅,3,f,2020-02-01,12.71415
실리프팅,3,f,2020-03-01,13.21911
실리프팅,3,f,2020-04-01,12.62398
실리프팅,3,f,2020-05-01,12.38954
실리프팅,3,f,2020-06-01,11.07303
실리프팅,3,f,2020-07-01,12.96663
실리프팅,3,f,2020-08-01,10.94679
실리프팅,3,f,2020-09-01,9.91884
실리프팅,3,f,2020-10-01,9.75653
실리프팅,3,f,2020-11-01,8.78268
실리프팅,3,f,2020-12-01,9.66636
실리프팅,3,f,2021-01-01,9.12533
실리프팅,3,f,2021-02-01,7.52028
실리프팅,3,f,2021-03-01,7.70063
실리프팅,3,f,2021-04-01,8.4761
실리프팅,3,f,2021-05-01,7.37601
실리프팅,3,f,2021-06-01,7.77276
실리프팅,3,f,2021-07-01,9.01713
실리프팅,3,f,2021-08-01,8.58431
실리프팅,3,f,2021-09-01,8.422
실리프팅,3,f,2021-10-01,8.25969
실리프팅,3,f,2021-11-01,7.75473
실리프팅,3,f,2021-12-01,6.94319
실리프팅,3,f,2022-01-01,7.32191
실리프팅,3,f,2022-02-01,5.59062
실리프팅,3,f,2022-03-01,7.06943
실리프팅,3,f,2022-04-01,8.07935
실리프팅,3,f,2022-05-01,7.64652
실리프팅,3,f,2022-06-01,7.71866
실리프팅,3,f,2022-07-01,7.2137
실리프팅,3,f,2022-08-01,7.77276
실리프팅,3,f,2022-09-01,7.52028
실리프팅,3,f,2022-10-01,11.1091
실리프팅,3,f,2022-11-01,11.92064
실리프팅,3,f,2022-12-01,16.01442
실리프팅,3,f,2023-01-01,16.12263
실리프팅,3,f,2023-02-01,14.48151
실리프팅,3,f,2023-03-01,16.35707
실리프팅,3,f,2023-04-01,15.20288
실리프팅,3,f,2023-05-01,14.40937
실리프팅,3,f,2023-06-01,12.69612
실리프팅,3,f,2023-07-01,14.30117
실리프팅,3,f,2023-08-01,15.25698
실리프팅,3,f,2023-09-01,14.64382
실리프팅,3,f,2023-10-01,13.30928
실리프팅,3,f,2023-11-01,14.67989
실리프팅,3,f,2023-12-01,19.15238
실리프팅,3,f,2024-01-01,19.31469
실리프팅,3,f,2024-02-01,19.65734
실리프팅,3,f,2024-03-01,22.36248
실리프팅,3,f,2024-04-01,16.88007
실리프팅,3,f,2024-05-01,17.34896
실리프팅,3,f,2024-06-01,16.321
실리프팅,3,f,2024-07-01,17.02434
실리프팅,3,f,2024-08-01,14.46348
실리프팅,3,f,2024-09-01,14.78809
실리프팅,3,f,2024-10-01,16.17673
실리프팅,3,f,2024-11-01,16.17673
실리프팅,3,f,2024-12-01,17.74571
실리프팅,3,f,2025-01-01,21.60504
실리프팅,3,f,2025-02-01,20.55906
실리프팅,3,f,2025-03-01,18.25067
실리프팅,3,f,2025-04-01,15.74391
실리프팅,3,f,2025-05-01,14.17493
실리프팅,3,f,2025-06-01,12.82236
실리프팅,3,f,2025-07-01,14.24706
실리프팅,3,f,2025-08-01,12.67808
실리프팅,3,f,2025-09-01,11.19927
실리프팅,3,f,2025-10-01,14.17493
실리프팅,3,f,2025-11-01,13.16501
실리프팅,3,f,2025-12-01,12.44364
실리프팅,3,m,2016-01-01,5.26969
실리프팅,3,m,2016-02-01,5.91598
실리프팅,3,m,2016-03-01,2.98284
실리프팅,3,m,2016-04-01,4.3997
실리프팅,3,m,2016-05-01,5.12055
실리프팅,3,m,2016-06-01,5.81655
실리프팅,3,m,2016-07-01,5.14541
실리프팅,3,m,2016-08-01,7.90454
실리프팅,3,m,2016-09-01,4.47427
실리프팅,3,m,2016-10-01,3.7037
실리프팅,3,m,2016-11-01,5.94084
실리프팅,3,m,2016-12-01,100.0
실리프팅,3,m,2017-01-01,6.73626
실리프팅,3,m,2017-02-01,5.96569
실리프팅,3,m,2017-03-01,5.94084
실리프팅,3,m,2017-04-01,6.31369
실리프팅,3,m,2017-05-01,5.81655
실리프팅,3,m,2017-06-01,6.61198
실리프팅,3,m,2017-07-01,3.82798
실리프팅,3,m,2017-08-01,4.97141
실리프팅,3,m,2017-09-01,3.57941
실리프팅,3,m,2017-10-01,5.19512
실리프팅,3,m,2017-11-01,6.28883
실리프팅,3,m,2017-12-01,6.28883
실리프팅,3,m,2018-01-01,7.70569
실리프팅,3,m,2018-02-01,4.9217
실리프팅,3,m,2018-03-01,5.79169
실리프팅,3,m,2018-04-01,4.32513
실리프팅,3,m,2018-05-01,4.87198
실리프팅,3,m,2018-06-01,3.75341
실리프팅,3,m,2018-07-01,8.05369
실리프팅,3,m,2018-08-01,6.38826
실리프팅,3,m,2018-09-01,6.86055
실리프팅,3,m,2018-10-01,6.91026
실리프팅,3,m,2018-11-01,5.74198
실리프팅,3,m,2018-12-01,6.68655
실리프팅,3,m,2019-01-01,6.83569
실리프팅,3,m,2019-02-01,5.09569
실리프팅,3,m,2019-03-01,9.24683
실리프팅,3,m,2019-04-01,7.68083
실리프팅,3,m,2019-05-01,6.36341
실리프팅,3,m,2019-06-01,6.66169
실리프팅,3,m,2019-07-01,4.99627
실리프팅,3,m,2019-08-01,5.74198
실리프팅,3,m,2019-09-01,4.44941
실리프팅,3,m,2019-10-01,4.79741
실리프팅,3,m,2019-11-01,4.79741
실리프팅,3,m,2019-12-01,6.46283
실리프팅,3,m,2020-01-01,4.84712
실리프팅,3,m,2020-02-01,3.60427
실리프팅,3,m,2020-03-01,2.4857
실리프팅,3,m,2020-04-01,3.10713
실리프팅,3,m,2020-05-01,3.60427
실리프팅,3,m,2020-06-01,3.85284
실리프팅,3,m,2020-07-01,3.47999
실리프팅,3,m,2020-08-01,2.36142
실리프팅,3,m,2020-09-01,3.60427
실리프팅,3,m,2020-10-01,2.58513
실리프팅,3,m,2020-11-01,2.38627
실리프팅,3,m,2020-12-01,2.93313
실리프팅,3,m,2021-01-01,2.60999
실리프팅,3,m,2021-02-01,2.85856
실리프팅,3,m,2021-03-01,2.56027
실리프팅,3,m,2021-04-01,2.43599
실리프팅,3,m,2021-05-01,1.73999
실리프팅,3,m,2021-06-01,2.18742
실리프팅,3,m,2021-07-01,3.15684
실리프팅,3,m,2021-08-01,2.85856
실리프팅,3,m,2021-09-01,2.18742
실리프팅,3,m,2021-10-01,2.28685
실리프팅,3,m,2021-11-01,2.18742
실리프팅,3,m,2021-12-01,2.41113
실리프팅,3,m,2022-01-01,2.53542
실리프팅,3,m,2022-02-01,2.36142
실리프팅,3,m,2022-03-01,2.01342
실리프팅,3,m,2022-04-01,2.1377
실리프팅,3,m,2022-05-01,2.68456
실리프팅,3,m,2022-06-01,2.6597
실리프팅,3,m,2022-07-01,2.95799
실리프팅,3,m,2022-08-01,2.6597
실리프팅,3,m,2022-09-01,3.57941
실리프팅,3,m,2022-10-01,3.47999
실리프팅,3,m,2022-11-01,3.33084
실리프팅,3,m,2022-12-01,3.3557
실리프팅,3,m,2023-01-01,4.00198
실리프팅,3,m,2023-02-01,3.3557
실리프팅,3,m,2023-03-01,2.90827
실리프팅,3,m,2023-04-01,3.97713
실리프팅,3,m,2023-05-01,2.95799
실리프팅,3,m,2023-06-01,2.4857
실리프팅,3,m,2023-07-01,2.88342
실리프팅,3,m,2023-08-01,3.1817
실리프팅,3,m,2023-09-01,3.08227
실리프팅,3,m,2023-10-01,3.15684
실리프팅,3,m,2023-11-01,2.70942
실리프팅,3,m,2023-12-01,3.67884
실리프팅,3,m,2024-01-01,4.37484
실리프팅,3,m,2024-02-01,3.50484
실리프팅,3,m,2024-03-01,4.15113
실리프팅,3,m,2024-04-01,5.84141
실리프팅,3,m,2024-05-01,4.27541
실리프팅,3,m,2024-06-01,3.60427
실리프팅,3,m,2024-07-01,4.42455
실리프팅,3,m,2024-08-01,3.43027
실리프팅,3,m,2024-09-01,3.23141
실리프팅,3,m,2024-10-01,4.9217
실리프팅,3,m,2024-11-01,3.92741
실리프팅,3,m,2024-12-01,3.67884
실리프팅,3,m,2025-01-01,4.00198
실리프팅,3,m,2025-02-01,4.10141
실리프팅,3,m,2025-03-01,4.17598
실리프팅,3,m,2025-04-01,3.38056
실리프팅,3,m,2025-05-01,3.57941
실리프팅,3,m,2025-06-01,2.78399
실리프팅,3,m,2025-07-01,3.30599
실리프팅,3,m,2025-08-01,3.0077
실리프팅,3,m,2025-09-01,2.78399
실리프팅,3,m,2025-10-01,3.0077
실리프팅,3,m,2025-11-01,3.28113
실리프팅,3,m,2025-12-01,3.72856
실리프팅,4,all,2016-01-01,29.08823
실리프팅,4,all,2016-02-01,30.20842
실리프팅,4,all,2016-03-01,41.98879
실리프팅,4,all,2016-04-01,28.28941
실리프팅,4,all,2016-05-01,24.9472
실리프팅,4,all,2016-06-01,35.50638
실리프팅,4,all,2016-07-01,26.23266
실리프팅,4,all,2016-08-01,28.72096
실리프팅,4,all,2016-09-01,30.85116
실리프팅,4,all,2016-10-01,23.28528
실리프팅,4,all,2016-11-01,27.57322
실리프팅,4,all,2016-12-01,100.0
실리프팅,4,all,2017-01-01,31.28271
실리프팅,4,all,2017-02-01,28.30777
실리프팅,4,all,2017-03-01,29.88706
실리프팅,4,all,2017-04-01,29.40042
실리프팅,4,all,2017-05-01,24.87374
실리프팅,4,all,2017-06-01,24.35038
실리프팅,4,all,2017-07-01,19.85125
실리프팅,4,all,2017-08-01,20.6868
실리프팅,4,all,2017-09-01,20.4848
실리프팅,4,all,2017-10-01,27.54567
실리프팅,4,all,2017-11-01,33.59654
실리프팅,4,all,2017-12-01,27.49058
실리프팅,4,all,2018-01-01,39.61068
실리프팅,4,all,2018-02-01,29.47387
실리프팅,4,all,2018-03-01,29.29023
실리프팅,4,all,2018-04-01,29.16169
실리프팅,4,all,2018-05-01,25.62666
실리프팅,4,all,2018-06-01,23.46891
실리프팅,4,all,2018-07-01,25.89293
실리프팅,4,all,2018-08-01,26.69176
실리프팅,4,all,2018-09-01,24.57074
실리프팅,4,all,2018-10-01,28.51896
실리프팅,4,all,2018-11-01,27.49058
실리프팅,4,all,2018-12-01,29.5106
실리프팅,4,all,2019-01-01,36.02974
실리프팅,4,all,2019-02-01,30.06151
실리프팅,4,all,2019-03-01,34.14746
실리프팅,4,all,2019-04-01,26.3153
실리프팅,4,all,2019-05-01,22.89964
실리프팅,4,all,2019-06-01,22.66091
실리프팅,4,all,2019-07-01,23.67092
실리프팅,4,all,2019-08-01,23.28528
실리프팅,4,all,2019-09-01,20.64089
실리프팅,4,all,2019-10-01,22.79864
실리프팅,4,all,2019-11-01,24.35038
실리프팅,4,all,2019-12-01,26.5173
실리프팅,4,all,2020-01-01,26.29694
실리프팅,4,all,2020-02-01,16.89468
실리프팅,4,all,2020-03-01,15.7194
실리프팅,4,all,2020-04-01,16.45395
실리프팅,4,all,2020-05-01,15.26948
실리프팅,4,all,2020-06-01,13.61674
실리프팅,4,all,2020-07-01,14.94812
실리프팅,4,all,2020-08-01,12.63428
실리프팅,4,all,2020-09-01,11.64264
실리프팅,4,all,2020-10-01,11.13763
실리프팅,4,all,2020-11-01,11.72527
실리프팅,4,all,2020-12-01,12.41391
실리프팅,4,all,2021-01-01,12.85465
실리프팅,4,all,2021-02-01,10.88054
실리프팅,4,all,2021-03-01,12.63428
실리프팅,4,all,2021-04-01,11.78036
실리프팅,4,all,2021-05-01,10.05417
실리프팅,4,all,2021-06-01,9.65016
실리프팅,4,all,2021-07-01,10.13681
실리프팅,4,all,2021-08-01,9.29207
실리프팅,4,all,2021-09-01,10.00826
실리프팅,4,all,2021-10-01,9.2278
실리프팅,4,all,2021-11-01,10.60508
실리프팅,4,all,2021-12-01,9.30125
실리프팅,4,all,2022-01-01,9.69607
실리프팅,4,all,2022-02-01,9.28289
실리프팅,4,all,2022-03-01,10.70608
실리프팅,4,all,2022-04-01,10.10926
실리프팅,4,all,2022-05-01,10.76117
실리프팅,4,all,2022-06-01,10.26535
실리프팅,4,all,2022-07-01,10.47654
실리프팅,4,all,2022-08-01,10.48572
실리프팅,4,all,2022-09-01,10.06335
실리프팅,4,all,2022-10-01,15.76531
실리프팅,4,all,2022-11-01,17.39968
실리프팅,4,all,2022-12-01,17.96896
실리프팅,4,all,2023-01-01,19.03406
실리프팅,4,all,2023-02-01,19.45643
실리프팅,4,all,2023-03-01,23.18428
실리프팅,4,all,2023-04-01,19.42888
실리프팅,4,all,2023-05-01,17.88632
실리프팅,4,all,2023-06-01,16.38967
실리프팅,4,all,2023-07-01,16.08667
실리프팅,4,all,2023-08-01,17.73023
실리프팅,4,all,2023-09-01,15.81122
실리프팅,4,all,2023-10-01,15.81122
실리프팅,4,all,2023-11-01,16.48149
실리프팅,4,all,2023-12-01,19.37379
실리프팅,4,all,2024-01-01,23.56992
실리프팅,4,all,2024-02-01,22.52318
실리프팅,4,all,2024-03-01,22.62418
실리프팅,4,all,2024-04-01,19.48397
실리프팅,4,all,2024-05-01,17.40886
실리프팅,4,all,2024-06-01,15.99485
실리프팅,4,all,2024-07-01,17.30786
실리프팅,4,all,2024-08-01,15.35212
실리프팅,4,all,2024-09-01,15.99485
실리프팅,4,all,2024-10-01,18.51069
실리프팅,4,all,2024-11-01,18.68515
실리프팅,4,all,2024-12-01,16.93141
실리프팅,4,all,2025-01-01,21.28362
실리프팅,4,all,2025-02-01,20.94389
실리프팅,4,all,2025-03-01,19.51152
실리프팅,4,all,2025-04-01,16.06831
실리프팅,4,all,2025-05-01,15.65512
실리프팅,4,all,2025-06-01,12.89137
실리프팅,4,all,2025-07-01,12.28537
실리프팅,4,all,2025-08-01,12.46901
실리프팅,4,all,2025-09-01,14.47984
실리프팅,4,all,2025-10-01,18.0516
실리프팅,4,all,2025-11-01,16.69268
실리프팅,4,all,2025-12-01,13.09337
실리프팅,4,f,2016-01-01,43.64202
실리프팅,4,f,2016-02-01,45.10505
실리프팅,4,f,2016-03-01,39.5175
실리프팅,4,f,2016-04-01,40.18677
실리프팅,4,f,2016-05-01,35.81322
실리프팅,4,f,2016-06-01,48.80933
실리프팅,4,f,2016-07-01,37.6498
실리프팅,4,f,2016-08-01,29.75875
실리프팅,4,f,2016-09-01,32.12451
실리프팅,4,f,2016-10-01,34.24124
실리프팅,4,f,2016-11-01,41.78988
실리프팅,4,f,2016-12-01,100.0
실리프팅,4,f,2017-01-01,46.28793
실리프팅,4,f,2017-02-01,41.85214
실리프팅,4,f,2017-03-01,44.40466
실리프팅,4,f,2017-04-01,42.75486
실리프팅,4,f,2017-05-01,37.01167
실리프팅,4,f,2017-06-01,35.93774
실리프팅,4,f,2017-07-01,29.4319
실리프팅,4,f,2017-08-01,31.11284
실리프팅,4,f,2017-09-01,30.31906
실리프팅,4,f,2017-10-01,41.44747
실리프팅,4,f,2017-11-01,48.59143
실리프팅,4,f,2017-12-01,37.60311
실리프팅,4,f,2018-01-01,55.71984
실리프팅,4,f,2018-02-01,40.40466
실리프팅,4,f,2018-03-01,41.18287
실리프팅,4,f,2018-04-01,38.77042
실리프팅,4,f,2018-05-01,33.55642
실리프팅,4,f,2018-06-01,32.96498
실리프팅,4,f,2018-07-01,38.10116
실리프팅,4,f,2018-08-01,37.72762
실리프팅,4,f,2018-09-01,34.21011
실리프팅,4,f,2018-10-01,41.35408
실리프팅,4,f,2018-11-01,41.0428
실리프팅,4,f,2018-12-01,42.49027
실리프팅,4,f,2019-01-01,53.18287
실리프팅,4,f,2019-02-01,44.43579
실리프팅,4,f,2019-03-01,49.32295
실리프팅,4,f,2019-04-01,37.19844
실리프팅,4,f,2019-05-01,32.54474
실리프팅,4,f,2019-06-01,32.1712
실리프팅,4,f,2019-07-01,33.74319
실리프팅,4,f,2019-08-01,32.43579
실리프팅,4,f,2019-09-01,29.60311
실리프팅,4,f,2019-10-01,32.80933
실리프팅,4,f,2019-11-01,35.89105
실리프팅,4,f,2019-12-01,39.22178
실리프팅,4,f,2020-01-01,38.72373
실리프팅,4,f,2020-02-01,23.93774
실리프팅,4,f,2020-03-01,22.87937
실리프팅,4,f,2020-04-01,23.89105
실리프팅,4,f,2020-05-01,21.83657
실리프팅,4,f,2020-06-01,19.03501
실리프팅,4,f,2020-07-01,21.47859
실리프팅,4,f,2020-08-01,17.99221
실리프팅,4,f,2020-09-01,16.1712
실리프팅,4,f,2020-10-01,15.20622
실리프팅,4,f,2020-11-01,15.93774
실리프팅,4,f,2020-12-01,16.48249
실리프팅,4,f,2021-01-01,17.97665
실리프팅,4,f,2021-02-01,15.5175
실리프팅,4,f,2021-03-01,16.70038
실리프팅,4,f,2021-04-01,16.0
실리프팅,4,f,2021-05-01,13.78988
실리프팅,4,f,2021-06-01,12.88715
실리프팅,4,f,2021-07-01,14.03891
실리프팅,4,f,2021-08-01,12.35797
실리프팅,4,f,2021-09-01,13.92996
실리프팅,4,f,2021-10-01,12.98054
실리프팅,4,f,2021-11-01,14.81712
실리프팅,4,f,2021-12-01,12.62256
실리프팅,4,f,2022-01-01,13.40077
실리프팅,4,f,2022-02-01,12.88715
실리프팅,4,f,2022-03-01,15.36186
실리프팅,4,f,2022-04-01,13.89883
실리프팅,4,f,2022-05-01,14.92607
실리프팅,4,f,2022-06-01,14.33463
실리프팅,4,f,2022-07-01,13.83657
실리프팅,4,f,2022-08-01,14.3035
실리프팅,4,f,2022-09-01,13.96108
실리프팅,4,f,2022-10-01,22.41245
실리프팅,4,f,2022-11-01,24.87159
실리프팅,4,f,2022-12-01,24.63813
실리프팅,4,f,2023-01-01,27.20622
실리프팅,4,f,2023-02-01,27.82879
실리프팅,4,f,2023-03-01,32.01556
실리프팅,4,f,2023-04-01,28.0
실리프팅,4,f,2023-05-01,25.55642
실리프팅,4,f,2023-06-01,23.29961
실리프팅,4,f,2023-07-01,22.6926
실리프팅,4,f,2023-08-01,26.10116
실리프팅,4,f,2023-09-01,22.5214
실리프팅,4,f,2023-10-01,22.55252
실리프팅,4,f,2023-11-01,23.71984
실리프팅,4,f,2023-12-01,27.87548
실리프팅,4,f,2024-01-01,35.17509
실리프팅,4,f,2024-02-01,31.03501
실리프팅,4,f,2024-03-01,32.35797
실리프팅,4,f,2024-04-01,27.42412
실리프팅,4,f,2024-05-01,24.07782
실리프팅,4,f,2024-06-01,22.78599
실리프팅,4,f,2024-07-01,23.93774
실리프팅,4,f,2024-08-01,21.57198
실리프팅,4,f,2024-09-01,22.36575
실리프팅,4,f,2024-10-01,25.0428
실리프팅,4,f,2024-11-01,26.6926
실리프팅,4,f,2024-12-01,23.87548
실리프팅,4,f,2025-01-01,30.19455
실리프팅,4,f,2025-02-01,29.46303
실리프팅,4,f,2025-03-01,27.03501
실리프팅,4,f,2025-04-01,23.06614
실리프팅,4,f,2025-05-01,21.38521
실리프팅,4,f,2025-06-01,17.72762
실리프팅,4,f,2025-07-01,16.76264
실리프팅,4,f,2025-08-01,17.69649
실리프팅,4,f,2025-09-01,19.5175
실리프팅,4,f,2025-10-01,26.41245
실리프팅,4,f,2025-11-01,23.65758
실리프팅,4,f,2025-12-01,18.19455
실리프팅,4,m,2016-01-01,8.15047
실리프팅,4,m,2016-02-01,8.77742
실리프팅,4,m,2016-03-01,45.54411
실리프팅,4,m,2016-04-01,11.1733
실리프팅,4,m,2016-05-01,9.31482
실리프팅,4,m,2016-06-01,16.36811
실리프팅,4,m,2016-07-01,9.80743
실리프팅,4,m,2016-08-01,27.22794
실리프팅,4,m,2016-09-01,29.01925
실리프팅,4,m,2016-10-01,7.52351
실리프팅,4,m,2016-11-01,7.12046
실리프팅,4,m,2016-12-01,100.0
실리프팅,4,m,2017-01-01,9.69547
실리프팅,4,m,2017-02-01,8.82221
실리프팅,4,m,2017-03-01,9.00134
실리프팅,4,m,2017-04-01,10.18808
실리프팅,4,m,2017-05-01,7.41155
실리프팅,4,m,2017-06-01,7.68025
실리프팅,4,m,2017-07-01,6.06806
실리프팅,4,m,2017-08-01,5.68741
실리프팅,4,m,2017-09-01,6.33676
실리프팅,4,m,2017-10-01,7.5459
실리프팅,4,m,2017-11-01,12.02418
실리프팅,4,m,2017-12-01,12.94223
실리프팅,4,m,2018-01-01,16.43528
실리프팅,4,m,2018-02-01,13.74832
실리프팅,4,m,2018-03-01,12.18092
실리프팅,4,m,2018-04-01,15.33811
실리프팅,4,m,2018-05-01,14.21854
실리프팅,4,m,2018-06-01,9.80743
실리프팅,4,m,2018-07-01,8.3296
실리프팅,4,m,2018-08-01,10.81504
실리프팅,4,m,2018-09-01,10.70309
실리프팅,4,m,2018-10-01,10.05373
실리프팅,4,m,2018-11-01,7.99373
실리프팅,4,m,2018-12-01,10.83743
실리프팅,4,m,2019-01-01,11.35244
실리프팅,4,m,2019-02-01,9.38199
실리프팅,4,m,2019-03-01,12.31527
실리프팅,4,m,2019-04-01,10.6583
실리프팅,4,m,2019-05-01,9.02373
실리프팅,4,m,2019-06-01,8.97895
실리프팅,4,m,2019-07-01,9.18047
실리프팅,4,m,2019-08-01,10.12091
실리프팅,4,m,2019-09-01,7.74742
실리프팅,4,m,2019-10-01,8.39677
실리프팅,4,m,2019-11-01,7.74742
실리프팅,4,m,2019-12-01,8.24003
실리프팅,4,m,2020-01-01,8.41916
실리프팅,4,m,2020-02-01,6.7622
실리프팅,4,m,2020-03-01,5.41871
실리프팅,4,m,2020-04-01,5.75459
실리프팅,4,m,2020-05-01,5.82176
실리프팅,4,m,2020-06-01,5.82176
실리프팅,4,m,2020-07-01,5.55306
실리프팅,4,m,2020-08-01,4.9261
실리프팅,4,m,2020-09-01,5.12763
실리프팅,4,m,2020-10-01,5.28437
실리프팅,4,m,2020-11-01,5.66502
실리프팅,4,m,2020-12-01,6.56068
실리프팅,4,m,2021-01-01,5.48589
실리프팅,4,m,2021-02-01,4.20958
실리프팅,4,m,2021-03-01,6.78459
실리프팅,4,m,2021-04-01,5.7098
실리프팅,4,m,2021-05-01,4.6798
실리프팅,4,m,2021-06-01,4.99328
실리프팅,4,m,2021-07-01,4.52306
실리프팅,4,m,2021-08-01,4.88132
실리프팅,4,m,2021-09-01,4.36632
실리프팅,4,m,2021-10-01,3.82892
실리프팅,4,m,2021-11-01,4.54545
실리프팅,4,m,2021-12-01,4.52306
실리프팅,4,m,2022-01-01,4.36632
실리프팅,4,m,2022-02-01,4.09762
실리프팅,4,m,2022-03-01,4.00806
실리프팅,4,m,2022-04-01,4.65741
실리프팅,4,m,2022-05-01,4.76936
실리프팅,4,m,2022-06-01,4.4111
실리프팅,4,m,2022-07-01,5.64263
실리프팅,4,m,2022-08-01,4.99328
실리프팅,4,m,2022-09-01,4.45588
실리프팅,4,m,2022-10-01,6.20241
실리프팅,4,m,2022-11-01,6.65024
실리프팅,4,m,2022-12-01,8.37438
실리프팅,4,m,2023-01-01,7.2772
실리프팅,4,m,2023-02-01,7.41155
실리프팅,4,m,2023-03-01,10.47917
실리프팅,4,m,2023-04-01,7.09807
실리프팅,4,m,2023-05-01,6.85176
실리프팅,4,m,2023-06-01,6.44872
실리프팅,4,m,2023-07-01,6.58307
실리프팅,4,m,2023-08-01,5.68741
실리프팅,4,m,2023-09-01,6.15763
실리프팅,4,m,2023-10-01,6.11285
실리프팅,4,m,2023-11-01,6.06806
실리프팅,4,m,2023-12-01,7.14285
실리프팅,4,m,2024-01-01,6.87416
실리프팅,4,m,2024-02-01,10.27765
실리프팅,4,m,2024-03-01,8.62068
실리프팅,4,m,2024-04-01,8.0609
실리프팅,4,m,2024-05-01,7.81459
실리프팅,4,m,2024-06-01,6.2248
실리프팅,4,m,2024-07-01,7.76981
실리프팅,4,m,2024-08-01,6.40394
실리프팅,4,m,2024-09-01,6.82937
실리프팅,4,m,2024-10-01,9.1133
실리프팅,4,m,2024-11-01,7.16524
실리프팅,4,m,2024-12-01,6.94133
실리프팅,4,m,2025-01-01,8.46394
실리프팅,4,m,2025-02-01,8.68786
실리프팅,4,m,2025-03-01,8.68786
실리프팅,4,m,2025-04-01,6.00089
실리프팅,4,m,2025-05-01,7.41155
실리프팅,4,m,2025-06-01,5.93372
실리프팅,4,m,2025-07-01,5.84415
실리프팅,4,m,2025-08-01,4.94849
실리프팅,4,m,2025-09-01,7.23242
실리프팅,4,m,2025-10-01,6.02328
실리프팅,4,m,2025-11-01,6.67263
실리프팅,4,m,2025-12-01,5.75459
실리프팅,5,all,2016-01-01,33.29977
실리프팅,5,all,2016-02-01,32.42105
실리프팅,5,all,2016-03-01,25.85812
실리프팅,5,all,2016-04-01,29.50114
실리프팅,5,all,2016-05-01,25.254
실리프팅,5,all,2016-06-01,23.66132
실리프팅,5,all,2016-07-01,22.94736
실리프팅,5,all,2016-08-01,23.07551
실리프팅,5,all,2016-09-01,21.71167
실리프팅,5,all,2016-10-01,22.84668
실리프팅,5,all,2016-11-01,28.98855
실리프팅,5,all,2016-12-01,100.0
실리프팅,5,all,2017-01-01,32.59496
실리프팅,5,all,2017-02-01,31.24942
실리프팅,5,all,2017-03-01,29.95881
실리프팅,5,all,2017-04-01,29.40961
실리프팅,5,all,2017-05-01,24.9794
실리프팅,5,all,2017-06-01,24.32951
실리프팅,5,all,2017-07-01,21.81235
실리프팅,5,all,2017-08-01,21.87643
실리프팅,5,all,2017-09-01,21.91304
실리프팅,5,all,2017-10-01,25.26315
실리프팅,5,all,2017-11-01,30.27917
실리프팅,5,all,2017-12-01,24.8421
실리프팅,5,all,2018-01-01,33.29061
실리프팅,5,all,2018-02-01,26.39816
실리프팅,5,all,2018-03-01,26.72768
실리프팅,5,all,2018-04-01,26.06864
실리프팅,5,all,2018-05-01,23.45995
실리프팅,5,all,2018-06-01,22.99313
실리프팅,5,all,2018-07-01,25.38215
실리프팅,5,all,2018-08-01,24.67734
실리프팅,5,all,2018-09-01,26.627
실리프팅,5,all,2018-10-01,29.254
실리프팅,5,all,2018-11-01,30.37986
실리프팅,5,all,2018-12-01,29.01601
실리프팅,5,all,2019-01-01,45.77574
실리프팅,5,all,2019-02-01,37.17162
실리프팅,5,all,2019-03-01,42.63615
실리프팅,5,all,2019-04-01,32.66819
실리프팅,5,all,2019-05-01,27.30434
실리프팅,5,all,2019-06-01,25.99542
실리프팅,5,all,2019-07-01,27.02974
실리프팅,5,all,2019-08-01,28.26544
실리프팅,5,all,2019-09-01,25.73913
실리프팅,5,all,2019-10-01,28.03661
실리프팅,5,all,2019-11-01,31.13043
실리프팅,5,all,2019-12-01,32.42105
실리프팅,5,all,2020-01-01,30.55377
실리프팅,5,all,2020-02-01,19.13958
실리프팅,5,all,2020-03-01,17.48283
실리프팅,5,all,2020-04-01,21.53775
실리프팅,5,all,2020-05-01,20.62242
실리프팅,5,all,2020-06-01,16.83295
실리프팅,5,all,2020-07-01,17.31807
실리프팅,5,all,2020-08-01,15.02974
실리프팅,5,all,2020-09-01,13.1167
실리프팅,5,all,2020-10-01,13.254
실리프팅,5,all,2020-11-01,13.92219
실리프팅,5,all,2020-12-01,14.27002
실리프팅,5,all,2021-01-01,16.22883
실리프팅,5,all,2021-02-01,13.19908
실리프팅,5,all,2021-03-01,14.37986
실리프팅,5,all,2021-04-01,13.3913
실리프팅,5,all,2021-05-01,12.49427
실리프팅,5,all,2021-06-01,12.39359
실리프팅,5,all,2021-07-01,13.5286
실리프팅,5,all,2021-08-01,12.97025
실리프팅,5,all,2021-09-01,12.32951
실리프팅,5,all,2021-10-01,11.70709
실리프팅,5,all,2021-11-01,13.58352
실리프팅,5,all,2021-12-01,12.62242
실리프팅,5,all,2022-01-01,14.22425
실리프팅,5,all,2022-02-01,12.58581
실리프팅,5,all,2022-03-01,15.12128
실리프팅,5,all,2022-04-01,14.57208
실리프팅,5,all,2022-05-01,15.4508
실리프팅,5,all,2022-06-01,15.50572
실리프팅,5,all,2022-07-01,14.32494
실리프팅,5,all,2022-08-01,14.45308
실리프팅,5,all,2022-09-01,14.15102
실리프팅,5,all,2022-10-01,19.25858
실리프팅,5,all,2022-11-01,24.41189
실리프팅,5,all,2022-12-01,21.87643
실리프팅,5,all,2023-01-01,26.04118
실리프팅,5,all,2023-02-01,28.8421
실리프팅,5,all,2023-03-01,29.254
실리프팅,5,all,2023-04-01,26.89244
실리프팅,5,all,2023-05-01,26.16018
실리프팅,5,all,2023-06-01,23.13043
실리프팅,5,all,2023-07-01,23.0572
실리프팅,5,all,2023-08-01,22.24256
실리프팅,5,all,2023-09-01,21.75743
실리프팅,5,all,2023-10-01,21.45537
실리프팅,5,all,2023-11-01,21.97711
실리프팅,5,all,2023-12-01,23.1762
실리프팅,5,all,2024-01-01,27.68878
실리프팅,5,all,2024-02-01,27.76201
실리프팅,5,all,2024-03-01,26.89244
실리프팅,5,all,2024-04-01,24.39359
실리프팅,5,all,2024-05-01,23.55148
실리프팅,5,all,2024-06-01,20.32951
실리프팅,5,all,2024-07-01,23.1945
실리프팅,5,all,2024-08-01,20.33867
실리프팅,5,all,2024-09-01,21.254
실리프팅,5,all,2024-10-01,25.07093
실리프팅,5,all,2024-11-01,25.65675
실리프팅,5,all,2024-12-01,22.51716
실리프팅,5,all,2025-01-01,27.92677
실리프팅,5,all,2025-02-01,26.45308
실리프팅,5,all,2025-03-01,23.85354
실리프팅,5,all,2025-04-01,21.3913
실리프팅,5,all,2025-05-01,21.17162
실리프팅,5,all,2025-06-01,19.68878
실리프팅,5,all,2025-07-01,17.24485
실리프팅,5,all,2025-08-01,17.1167
실리프팅,5,all,2025-09-01,18.81922
실리프팅,5,all,2025-10-01,26.36155
실리프팅,5,all,2025-11-01,21.86727
실리프팅,5,all,2025-12-01,18.89244
실리프팅,5,f,2016-01-01,43.5081
실리프팅,5,f,2016-02-01,44.91017
실리프팅,5,f,2016-03-01,35.19789
실리프팅,5,f,2016-04-01,38.71768
실리프팅,5,f,2016-05-01,33.53293
실리프팅,5,f,2016-06-01,33.12399
실리프팅,5,f,2016-07-01,31.83876
실리프팅,5,f,2016-08-01,31.69271
실리프팅,5,f,2016-09-01,29.80867
실리프팅,5,f,2016-10-01,32.24769
실리프팅,5,f,2016-11-01,40.82079
실리프팅,5,f,2016-12-01,100.0
실리프팅,5,f,2017-01-01,45.77187
실리프팅,5,f,2017-02-01,41.75551
실리프팅,5,f,2017-03-01,42.73404
실리프팅,5,f,2017-04-01,40.36804
실리프팅,5,f,2017-05-01,34.10252
실리프팅,5,f,2017-06-01,32.70045
실리프팅,5,f,2017-07-01,29.94011
실리프팅,5,f,2017-08-01,30.30524
실리프팅,5,f,2017-09-01,30.86023
실리프팅,5,f,2017-10-01,33.4453
실리프팅,5,f,2017-11-01,40.66014
실리프팅,5,f,2017-12-01,33.31386
실리프팅,5,f,2018-01-01,46.28304
실리프팅,5,f,2018-02-01,37.25719
실리프팅,5,f,2018-03-01,38.41098
실리프팅,5,f,2018-04-01,36.64378
실리프팅,5,f,2018-05-01,33.27004
실리프팅,5,f,2018-06-01,32.16007
실리프팅,5,f,2018-07-01,34.51146
실리프팅,5,f,2018-08-01,34.00029
실리프팅,5,f,2018-09-01,37.56389
실리프팅,5,f,2018-10-01,41.02526
실리프팅,5,f,2018-11-01,42.93851
실리프팅,5,f,2018-12-01,40.86461
실리프팅,5,f,2019-01-01,65.97049
실리프팅,5,f,2019-02-01,53.36643
실리프팅,5,f,2019-03-01,59.07696
실리프팅,5,f,2019-04-01,44.76413
실리프팅,5,f,2019-05-01,36.78983
실리프팅,5,f,2019-06-01,35.18329
실리프팅,5,f,2019-07-01,36.43931
실리프팅,5,f,2019-08-01,38.51321
실리프팅,5,f,2019-09-01,35.63604
실리프팅,5,f,2019-10-01,38.92215
실리프팅,5,f,2019-11-01,43.23061
실리프팅,5,f,2019-12-01,46.04936
실리프팅,5,f,2020-01-01,43.02614
실리프팅,5,f,2020-02-01,26.25967
실리프팅,5,f,2020-03-01,23.57236
실리프팅,5,f,2020-04-01,29.54578
실리프팅,5,f,2020-05-01,27.5157
실리프팅,5,f,2020-06-01,22.7983
실리프팅,5,f,2020-07-01,23.41171
실리프팅,5,f,2020-08-01,20.75361
실리프팅,5,f,2020-09-01,17.32145
실리프팅,5,f,2020-10-01,17.52592
실리프팅,5,f,2020-11-01,17.30684
실리프팅,5,f,2020-12-01,18.0663
실리프팅,5,f,2021-01-01,20.4323
실리프팅,5,f,2021-02-01,17.58434
실리프팅,5,f,2021-03-01,19.13246
실리프팅,5,f,2021-04-01,17.42368
실리프팅,5,f,2021-05-01,15.94859
실리프팅,5,f,2021-06-01,15.67109
실리프팅,5,f,2021-07-01,17.81802
실리프팅,5,f,2021-08-01,17.32145
실리프팅,5,f,2021-09-01,16.8687
실리프팅,5,f,2021-10-01,15.74412
실리프팅,5,f,2021-11-01,17.74499
실리프팅,5,f,2021-12-01,16.72265
실리프팅,5,f,2022-01-01,18.79655
실리프팅,5,f,2022-02-01,16.24068
실리프팅,5,f,2022-03-01,19.8481
실리프팅,5,f,2022-04-01,19.8335
실리프팅,5,f,2022-05-01,20.1256
실리프팅,5,f,2022-06-01,19.556
실리프팅,5,f,2022-07-01,19.14707
실리프팅,5,f,2022-08-01,19.2493
실리프팅,5,f,2022-09-01,18.37301
실리프팅,5,f,2022-10-01,26.14283
실리프팅,5,f,2022-11-01,33.97108
실리프팅,5,f,2022-12-01,30.10077
실리프팅,5,f,2023-01-01,35.28552
실리프팅,5,f,2023-02-01,38.74689
실리프팅,5,f,2023-03-01,39.6524
실리프팅,5,f,2023-04-01,36.54155
실리프팅,5,f,2023-05-01,34.97882
실리프팅,5,f,2023-06-01,31.12311
실리프팅,5,f,2023-07-01,30.58273
실리프팅,5,f,2023-08-01,30.11537
실리프팅,5,f,2023-09-01,28.88856
실리프팅,5,f,2023-10-01,28.66949
실리프팅,5,f,2023-11-01,29.13684
실리프팅,5,f,2023-12-01,31.64889
실리프팅,5,f,2024-01-01,37.94362
실리프팅,5,f,2024-02-01,36.59997
실리프팅,5,f,2024-03-01,36.76062
실리프팅,5,f,2024-04-01,31.80955
실리프팅,5,f,2024-05-01,29.57499
실리프팅,5,f,2024-06-01,25.39798
실리프팅,5,f,2024-07-01,29.80867
실리프팅,5,f,2024-08-01,25.48561
실리프팅,5,f,2024-09-01,27.17978
실리프팅,5,f,2024-10-01,31.6635
실리프팅,5,f,2024-11-01,31.75113
실리프팅,5,f,2024-12-01,28.36278
실리프팅,5,f,2025-01-01,36.36629
실리프팅,5,f,2025-02-01,34.51146
실리프팅,5,f,2025-03-01,31.05009
실리프팅,5,f,2025-04-01,27.2382
실리프팅,5,f,2025-05-01,26.6394
실리프팅,5,f,2025-06-01,25.20812
실리프팅,5,f,2025-07-01,21.95121
실리프팅,5,f,2025-08-01,21.46925
실리프팅,5,f,2025-09-01,24.36103
실리프팅,5,f,2025-10-01,35.41697
실리프팅,5,f,2025-11-01,27.93924
실리프팅,5,f,2025-12-01,24.11275
실리프팅,5,m,2016-01-01,16.15988
실리프팅,5,m,2016-02-01,11.45169
실리프팅,5,m,2016-03-01,10.17655
실리프팅,5,m,2016-04-01,14.02648
실리프팅,5,m,2016-05-01,11.3536
실리프팅,5,m,2016-06-01,7.77341
실리프팅,5,m,2016-07-01,8.01863
실리프팅,5,m,2016-08-01,8.60716
실리프팅,5,m,2016-09-01,8.11672
실리프팅,5,m,2016-10-01,7.06228
실리프팅,5,m,2016-11-01,9.12211
실리프팅,5,m,2016-12-01,100.0
실리프팅,5,m,2017-01-01,10.47081
실리프팅,5,m,2017-02-01,13.60961
실리프팅,5,m,2017-03-01,8.50907
실리프팅,5,m,2017-04-01,11.01029
실리프팅,5,m,2017-05-01,9.66159
실리프팅,5,m,2017-06-01,10.27464
실리프팅,5,m,2017-07-01,8.16576
실리프팅,5,m,2017-08-01,7.72437
실리프팅,5,m,2017-09-01,6.89063
실리프팅,5,m,2017-10-01,11.52525
실리프팅,5,m,2017-11-01,12.84943
실리프팅,5,m,2017-12-01,10.61794
실리프팅,5,m,2018-01-01,11.47621
실리프팅,5,m,2018-02-01,8.16576
실리프팅,5,m,2018-03-01,7.11132
실리프팅,5,m,2018-04-01,8.31289
실리프팅,5,m,2018-05-01,6.98871
실리프팅,5,m,2018-06-01,7.60176
실리프팅,5,m,2018-07-01,10.05394
실리프팅,5,m,2018-08-01,9.02403
실리프팅,5,m,2018-09-01,8.26385
실리프팅,5,m,2018-10-01,9.48994
실리프팅,5,m,2018-11-01,9.29377
실리프팅,5,m,2018-12-01,9.12211
실리프팅,5,m,2019-01-01,11.86856
실리프팅,5,m,2019-02-01,9.98038
실리프팅,5,m,2019-03-01,15.03187
실리프팅,5,m,2019-04-01,12.35899
실리프팅,5,m,2019-05-01,11.37812
실리프팅,5,m,2019-06-01,10.5689
실리프팅,5,m,2019-07-01,11.23099
실리프팅,5,m,2019-08-01,11.05934
실리프팅,5,m,2019-09-01,9.12211
실리프팅,5,m,2019-10-01,9.75968
실리프팅,5,m,2019-11-01,10.81412
실리프팅,5,m,2019-12-01,9.53898
실리프팅,5,m,2020-01-01,9.61255
실리프팅,5,m,2020-02-01,7.18489
실리프팅,5,m,2020-03-01,7.25846
실리프팅,5,m,2020-04-01,8.0922
실리프팅,5,m,2020-05-01,9.04855
실리프팅,5,m,2020-06-01,6.81706
실리프팅,5,m,2020-07-01,7.0868
실리프팅,5,m,2020-08-01,5.41932
실리프팅,5,m,2020-09-01,6.05689
실리프팅,5,m,2020-10-01,6.08141
실리프팅,5,m,2020-11-01,8.23933
실리프팅,5,m,2020-12-01,7.89602
실리프팅,5,m,2021-01-01,9.17116
실리프팅,5,m,2021-02-01,5.83619
실리프팅,5,m,2021-03-01,6.40019
실리프팅,5,m,2021-04-01,6.62089
실리프팅,5,m,2021-05-01,6.69445
실리프팅,5,m,2021-06-01,6.89063
실리프팅,5,m,2021-07-01,6.32663
실리프팅,5,m,2021-08-01,5.66454
실리프팅,5,m,2021-09-01,4.70819
실리프팅,5,m,2021-10-01,4.92888
실리프팅,5,m,2021-11-01,6.59637
실리프팅,5,m,2021-12-01,5.7381
실리프팅,5,m,2022-01-01,6.54732
실리프팅,5,m,2022-02-01,6.44923
실리프팅,5,m,2022-03-01,7.18489
실리프팅,5,m,2022-04-01,5.7381
실리프팅,5,m,2022-05-01,7.60176
실리프팅,5,m,2022-06-01,8.70524
실리프팅,5,m,2022-07-01,6.22854
실리프팅,5,m,2022-08-01,6.40019
실리프팅,5,m,2022-09-01,7.06228
실리프팅,5,m,2022-10-01,7.69985
실리프팅,5,m,2022-11-01,8.36194
실리프팅,5,m,2022-12-01,8.06768
실리프팅,5,m,2023-01-01,10.51986
실리프팅,5,m,2023-02-01,12.21186
실리프팅,5,m,2023-03-01,11.79499
실리프팅,5,m,2023-04-01,10.69151
실리프팅,5,m,2023-05-01,11.3536
실리프팅,5,m,2023-06-01,9.71064
실리프팅,5,m,2023-07-01,10.42177
실리프팅,5,m,2023-08-01,9.02403
실리프팅,5,m,2023-09-01,9.7842
실리프팅,5,m,2023-10-01,9.34281
실리프팅,5,m,2023-11-01,9.95586
실리프팅,5,m,2023-12-01,8.95046
실리프팅,5,m,2024-01-01,10.47081
실리프팅,5,m,2024-02-01,12.923
실리프팅,5,m,2024-03-01,10.32368
실리프팅,5,m,2024-04-01,11.94212
실리프팅,5,m,2024-05-01,13.43795
실리프팅,5,m,2024-06-01,11.81951
실리프팅,5,m,2024-07-01,12.08925
실리프팅,5,m,2024-08-01,11.69691
실리프팅,5,m,2024-09-01,11.30456
실리프팅,5,m,2024-10-01,14.00196
실리프팅,5,m,2024-11-01,15.42422
실리프팅,5,m,2024-12-01,12.7023
실리프팅,5,m,2025-01-01,13.75674
실리프팅,5,m,2025-02-01,12.923
실리프팅,5,m,2025-03-01,11.77047
실리프팅,5,m,2025-04-01,11.5743
실리프팅,5,m,2025-05-01,11.99117
실리프팅,5,m,2025-06-01,10.42177
실리프팅,5,m,2025-07-01,9.34281
실리프팅,5,m,2025-08-01,9.80872
실리프팅,5,m,2025-09-01,9.51446
실리프팅,5,m,2025-10-01,11.15743
실리프팅,5,m,2025-11-01,11.67238
실리프팅,5,m,2025-12-01,10.12751
실리프팅,6,all,2016-01-01,26.01959
실리프팅,6,all,2016-02-01,23.95762
실리프팅,6,all,2016-03-01,22.23741
실리프팅,6,all,2016-04-01,25.92845
실리프팅,6,all,2016-05-01,25.40442
실리프팅,6,all,2016-06-01,24.83481
실리프팅,6,all,2016-07-01,21.8159
실리프팅,6,all,2016-08-01,22.40829
실리프팅,6,all,2016-09-01,23.09182
실리프팅,6,all,2016-10-01,25.34745
실리프팅,6,all,2016-11-01,31.70426
실리프팅,6,all,2016-12-01,100.0
실리프팅,6,all,2017-01-01,38.63066
실리프팅,6,all,2017-02-01,35.93073
실리프팅,6,all,2017-03-01,32.76372
실리프팅,6,all,2017-04-01,31.24857
실리프팅,6,all,2017-05-01,26.61198
실리프팅,6,all,2017-06-01,25.50694
실리프팅,6,all,2017-07-01,21.78172
실리프팅,6,all,2017-08-01,24.40191
실리프팅,6,all,2017-09-01,26.32718
실리프팅,6,all,2017-10-01,29.7676
실리프팅,6,all,2017-11-01,32.96878
실리프팅,6,all,2017-12-01,27.60309
실리프팅,6,all,2018-01-01,39.41672
실리프팅,6,all,2018-02-01,34.13078
실리프팅,6,all,2018-03-01,33.35611
실리프팅,6,all,2018-04-01,31.48781
실리프팅,6,all,2018-05-01,30.72453
실리프팅,6,all,2018-06-01,27.76258
실리프팅,6,all,2018-07-01,32.20551
실리프팅,6,all,2018-08-01,32.6498
실리프팅,6,all,2018-09-01,33.33333
실리프팅,6,all,2018-10-01,38.68762
실리프팅,6,all,2018-11-01,39.74709
실리프팅,6,all,2018-12-01,38.20915
실리프팅,6,all,2019-01-01,78.92458
실리프팅,6,all,2019-02-01,50.92276
실리프팅,6,all,2019-03-01,69.28685
실리프팅,6,all,2019-04-01,48.46206
실리프팅,6,all,2019-05-01,40.72681
실리프팅,6,all,2019-06-01,38.1408
실리프팅,6,all,2019-07-01,40.14581
실리프팅,6,all,2019-08-01,38.38004
실리프팅,6,all,2019-09-01,36.39781
실리프팅,6,all,2019-10-01,43.26725
실리프팅,6,all,2019-11-01,51.45819
실리프팅,6,all,2019-12-01,52.05058
실리프팅,6,all,2020-01-01,49.89747
실리프팅,6,all,2020-02-01,27.31829
실리프팅,6,all,2020-03-01,25.70061
실리프팅,6,all,2020-04-01,29.08407
실리프팅,6,all,2020-05-01,26.49806
실리프팅,6,all,2020-06-01,23.02346
실리프팅,6,all,2020-07-01,22.45386
실리프팅,6,all,2020-08-01,23.34244
실리프팅,6,all,2020-09-01,18.01093
실리프팅,6,all,2020-10-01,19.24128
실리프팅,6,all,2020-11-01,17.42993
실리프팅,6,all,2020-12-01,18.6375
실리프팅,6,all,2021-01-01,20.5058
실리프팅,6,all,2021-02-01,19.04761
실리프팅,6,all,2021-03-01,19.94759
실리프팅,6,all,2021-04-01,19.97038
실리프팅,6,all,2021-05-01,17.01982
실리프팅,6,all,2021-06-01,18.18181
실리프팅,6,all,2021-07-01,18.17042
실리프팅,6,all,2021-08-01,18.83116
실리프팅,6,all,2021-09-01,17.78309
실리프팅,6,all,2021-10-01,18.97926
실리프팅,6,all,2021-11-01,19.32102
실리프팅,6,all,2021-12-01,18.43244
실리프팅,6,all,2022-01-01,20.58555
실리프팅,6,all,2022-02-01,15.92617
실리프팅,6,all,2022-03-01,18.64889
실리프팅,6,all,2022-04-01,20.40328
실리프팅,6,all,2022-05-01,21.85007
실리프팅,6,all,2022-06-01,20.85896
실리프팅,6,all,2022-07-01,19.22989
실리프팅,6,all,2022-08-01,19.94759
실리프팅,6,all,2022-09-01,19.43495
실리프팅,6,all,2022-10-01,32.49031
실리프팅,6,all,2022-11-01,39.83823
실리프팅,6,all,2022-12-01,37.50284
실리프팅,6,all,2023-01-01,38.09523
실리프팅,6,all,2023-02-01,47.41398
실리프팅,6,all,2023-03-01,46.16085
실리프팅,6,all,2023-04-01,41.1825
실리프팅,6,all,2023-05-01,38.45978
실리프팅,6,all,2023-06-01,34.14217
실리프팅,6,all,2023-07-01,34.00546
실리프팅,6,all,2023-08-01,33.68648
실리프팅,6,all,2023-09-01,30.90681
실리프팅,6,all,2023-10-01,31.57894
실리프팅,6,all,2023-11-01,36.24971
실리프팅,6,all,2023-12-01,37.71929
실리프팅,6,all,2024-01-01,43.02802
실리프팅,6,all,2024-02-01,40.39644
실리프팅,6,all,2024-03-01,38.61927
실리프팅,6,all,2024-04-01,33.57256
실리프팅,6,all,2024-05-01,32.47892
실리프팅,6,all,2024-06-01,29.41444
실리프팅,6,all,2024-07-01,30.49669
실리프팅,6,all,2024-08-01,29.40305
실리프팅,6,all,2024-09-01,29.3233
실리프팅,6,all,2024-10-01,34.30166
실리프팅,6,all,2024-11-01,33.54978
실리프팅,6,all,2024-12-01,34.44976
실리프팅,6,all,2025-01-01,46.05832
실리프팅,6,all,2025-02-01,38.08384
실리프팅,6,all,2025-03-01,34.72317
실리프팅,6,all,2025-04-01,27.55753
실리프팅,6,all,2025-05-01,27.35247
실리프팅,6,all,2025-06-01,27.06766
실리프팅,6,all,2025-07-01,25.23353
실리프팅,6,all,2025-08-01,22.98929
실리프팅,6,all,2025-09-01,26.30439
실리프팅,6,all,2025-10-01,45.52289
실리프팅,6,all,2025-11-01,32.946
실리프팅,6,all,2025-12-01,28.93597
실리프팅,6,f,2016-01-01,30.84258
실리프팅,6,f,2016-02-01,27.62232
실리프팅,6,f,2016-03-01,25.27747
실리프팅,6,f,2016-04-01,30.35798
실리프팅,6,f,2016-05-01,28.54463
실리프팅,6,f,2016-06-01,29.18555
실리프팅,6,f,2016-07-01,24.35516
실리프팅,6,f,2016-08-01,26.59058
실리프팅,6,f,2016-09-01,28.06002
실리프팅,6,f,2016-10-01,29.77958
실리프팅,6,f,2016-11-01,37.56448
실리프팅,6,f,2016-12-01,94.43489
실리프팅,6,f,2017-01-01,45.66202
실리프팅,6,f,2017-02-01,43.30154
실리프팅,6,f,2017-03-01,39.58105
실리프팅,6,f,2017-04-01,37.48632
실리프팅,6,f,2017-05-01,31.31155
실리프팅,6,f,2017-06-01,30.68625
실리프팅,6,f,2017-07-01,26.01219
실리프팅,6,f,2017-08-01,29.37314
실리프팅,6,f,2017-09-01,32.015
실리프팅,6,f,2017-10-01,34.84445
실리프팅,6,f,2017-11-01,38.28357
실리프팅,6,f,2017-12-01,32.09316
실리프팅,6,f,2018-01-01,47.02204
실리프팅,6,f,2018-02-01,42.50429
실리프팅,6,f,2018-03-01,40.53462
실리프팅,6,f,2018-04-01,37.40816
실리프팅,6,f,2018-05-01,37.43942
실리프팅,6,f,2018-06-01,33.73456
실리프팅,6,f,2018-07-01,39.69047
실리프팅,6,f,2018-08-01,39.73737
실리프팅,6,f,2018-09-01,40.89416
실리프팅,6,f,2018-10-01,47.24089
실리프팅,6,f,2018-11-01,48.49148
실리프팅,6,f,2018-12-01,47.17836
실리프팅,6,f,2019-01-01,100.0
실리프팅,6,f,2019-02-01,62.92011
실리프팅,6,f,2019-03-01,86.83758
실리프팅,6,f,2019-04-01,59.19962
실리프팅,6,f,2019-05-01,49.78896
실리프팅,6,f,2019-06-01,46.45927
실리프팅,6,f,2019-07-01,49.42942
실리프팅,6,f,2019-08-01,46.99077
실리프팅,6,f,2019-09-01,45.00547
실리프팅,6,f,2019-10-01,53.10301
실리프팅,6,f,2019-11-01,64.06127
실리프팅,6,f,2019-12-01,65.09301
실리프팅,6,f,2020-01-01,61.76332
실리프팅,6,f,2020-02-01,32.23385
실리프팅,6,f,2020-03-01,30.73315
실리프팅,6,f,2020-04-01,35.1571
실리프팅,6,f,2020-05-01,32.6403
실리프팅,6,f,2020-06-01,27.05955
실리프팅,6,f,2020-07-01,26.99702
실리프팅,6,f,2020-08-01,27.73174
실리프팅,6,f,2020-09-01,20.82226
실리프팅,6,f,2020-10-01,21.6195
실리프팅,6,f,2020-11-01,20.55651
실리프팅,6,f,2020-12-01,21.35375
실리프팅,6,f,2021-01-01,24.41769
실리프팅,6,f,2021-02-01,23.43285
실리프팅,6,f,2021-03-01,23.90182
실리프팅,6,f,2021-04-01,23.7924
실리프팅,6,f,2021-05-01,20.02501
실리프팅,6,f,2021-06-01,22.11974
실리프팅,6,f,2021-07-01,21.15053
실리프팅,6,f,2021-08-01,21.86962
실리프팅,6,f,2021-09-01,20.90042
실리프팅,6,f,2021-10-01,23.07331
실리프팅,6,f,2021-11-01,23.85493
실리프팅,6,f,2021-12-01,22.29169
실리프팅,6,f,2022-01-01,24.63654
실리프팅,6,f,2022-02-01,19.08707
실리프팅,6,f,2022-03-01,22.46365
실리프팅,6,f,2022-04-01,24.69907
실리프팅,6,f,2022-05-01,26.09035
실리프팅,6,f,2022-06-01,24.04251
실리프팅,6,f,2022-07-01,22.69813
실리프팅,6,f,2022-08-01,23.18274
실리프팅,6,f,2022-09-01,23.214
실리프팅,6,f,2022-10-01,39.70611
실리프팅,6,f,2022-11-01,48.99171
실리프팅,6,f,2022-12-01,46.45927
실리프팅,6,f,2023-01-01,46.19352
실리프팅,6,f,2023-02-01,58.19915
실리프팅,6,f,2023-03-01,56.47959
실리프팅,6,f,2023-04-01,50.13287
실리프팅,6,f,2023-05-01,44.91167
실리프팅,6,f,2023-06-01,39.56542
실리프팅,6,f,2023-07-01,40.23761
실리프팅,6,f,2023-08-01,39.42473
실리프팅,6,f,2023-09-01,36.73596
실리프팅,6,f,2023-10-01,35.84492
실리프팅,6,f,2023-11-01,37.87712
실리프팅,6,f,2023-12-01,42.83257
실리프팅,6,f,2024-01-01,49.80459
실리프팅,6,f,2024-02-01,46.31858
실리프팅,6,f,2024-03-01,45.95904
실리프팅,6,f,2024-04-01,40.45646
실리프팅,6,f,2024-05-01,37.89276
실리프팅,6,f,2024-06-01,33.42191
실리프팅,6,f,2024-07-01,35.75113
실리프팅,6,f,2024-08-01,34.39112
실리프팅,6,f,2024-09-01,34.54744
실리프팅,6,f,2024-10-01,39.73737
실리프팅,6,f,2024-11-01,39.19024
실리프팅,6,f,2024-12-01,40.83163
실리프팅,6,f,2025-01-01,54.52555
실리프팅,6,f,2025-02-01,45.42754
실리프팅,6,f,2025-03-01,39.81553
실리프팅,6,f,2025-04-01,31.59293
실리프팅,6,f,2025-05-01,30.07659
실리프팅,6,f,2025-06-01,31.17086
실리프팅,6,f,2025-07-01,28.76348
실리프팅,6,f,2025-08-01,26.16851
실리프팅,6,f,2025-09-01,29.16992
실리프팅,6,f,2025-10-01,53.69704
실리프팅,6,f,2025-11-01,38.86196
실리프팅,6,f,2025-12-01,33.46881
실리프팅,6,m,2016-01-01,11.3628
실리프팅,6,m,2016-02-01,12.27621
실리프팅,6,m,2016-03-01,12.23967
실리프팅,6,m,2016-04-01,12.20314
실리프팅,6,m,2016-05-01,14.76068
실리프팅,6,m,2016-06-01,11.43587
실리프팅,6,m,2016-07-01,13.04347
실리프팅,6,m,2016-08-01,9.71867
실리프팅,6,m,2016-09-01,8.47643
실리프팅,6,m,2016-10-01,11.69163
실리프팅,6,m,2016-11-01,13.88381
실리프팅,6,m,2016-12-01,100.0
실리프팅,6,m,2017-01-01,17.17208
실리프팅,6,m,2017-02-01,14.02995
실리프팅,6,m,2017-03-01,12.5685
실리프팅,6,m,2017-04-01,12.60504
실리프팅,6,m,2017-05-01,12.1666
실리프팅,6,m,2017-06-01,10.08403
실리프팅,6,m,2017-07-01,9.06101
실리프팅,6,m,2017-08-01,9.60906
실리프팅,6,m,2017-09-01,9.60906
실리프팅,6,m,2017-10-01,14.02995
실리프팅,6,m,2017-11-01,16.25867
실리프팅,6,m,2017-12-01,13.51845
실리프팅,6,m,2018-01-01,16.51443
실리프팅,6,m,2018-02-01,10.12056
실리프팅,6,m,2018-03-01,12.23967
실리프팅,6,m,2018-04-01,13.55498
실리프팅,6,m,2018-05-01,11.03397
실리프팅,6,m,2018-06-01,10.19364
실리프팅,6,m,2018-07-01,10.52246
실리프팅,6,m,2018-08-01,11.83777
실리프팅,6,m,2018-09-01,11.32626
실리프팅,6,m,2018-10-01,13.66459
실리프팅,6,m,2018-11-01,14.13956
실리프팅,6,m,2018-12-01,12.27621
실리프팅,6,m,2019-01-01,19.4008
실리프팅,6,m,2019-02-01,16.25867
실리프팅,6,m,2019-03-01,19.25465
실리프팅,6,m,2019-04-01,17.06247
실리프팅,6,m,2019-05-01,14.24917
실리프팅,6,m,2019-06-01,13.73766
실리프팅,6,m,2019-07-01,13.22616
실리프팅,6,m,2019-08-01,13.26269
실리프팅,6,m,2019-09-01,11.54548
실리프팅,6,m,2019-10-01,14.65107
실리프팅,6,m,2019-11-01,15.30873
실리프팅,6,m,2019-12-01,14.79722
실리프팅,6,m,2020-01-01,15.67409
실리프팅,6,m,2020-02-01,12.27621
실리프팅,6,m,2020-03-01,10.59554
실리프팅,6,m,2020-04-01,11.10705
실리프팅,6,m,2020-05-01,8.69565
실리프팅,6,m,2020-06-01,10.59554
실리프팅,6,m,2020-07-01,8.91487
실리프팅,6,m,2020-08-01,10.04749
실리프팅,6,m,2020-09-01,9.09755
실리프팅,6,m,2020-10-01,11.18012
실리프팅,6,m,2020-11-01,7.85531
실리프팅,6,m,2020-12-01,9.86481
실리프팅,6,m,2021-01-01,8.69565
실리프팅,6,m,2021-02-01,6.32078
실리프팅,6,m,2021-03-01,8.11107
실리프팅,6,m,2021-04-01,8.43989
실리프팅,6,m,2021-05-01,7.78224
실리프팅,6,m,2021-06-01,6.61308
실리프팅,6,m,2021-07-01,8.84179
실리프팅,6,m,2021-08-01,9.28023
실리프팅,6,m,2021-09-01,8.18414
실리프팅,6,m,2021-10-01,6.9419
실리프팅,6,m,2021-11-01,6.21118
실리프팅,6,m,2021-12-01,7.01497
실리프팅,6,m,2022-01-01,8.43989
실리프팅,6,m,2022-02-01,6.46693
실리프팅,6,m,2022-03-01,7.30727
실리프팅,6,m,2022-04-01,7.70917
실리프팅,6,m,2022-05-01,9.09755
실리프팅,6,m,2022-06-01,10.70515
실리프팅,6,m,2022-07-01,8.62257
실리프팅,6,m,2022-08-01,9.79174
실리프팅,6,m,2022-09-01,8.07453
실리프팅,6,m,2022-10-01,11.39934
실리프팅,6,m,2022-11-01,13.26269
실리프팅,6,m,2022-12-01,11.69163
실리프팅,6,m,2023-01-01,14.21264
실리프팅,6,m,2023-02-01,16.03945
실리프팅,6,m,2023-03-01,16.03945
실리프팅,6,m,2023-04-01,14.90683
실리프팅,6,m,2023-05-01,18.37778
실리프팅,6,m,2023-06-01,17.02594
실리프팅,6,m,2023-07-01,15.01644
실리프팅,6,m,2023-08-01,15.89331
실리프팅,6,m,2023-09-01,13.26269
실리프팅,6,m,2023-10-01,17.50091
실리프팅,6,m,2023-11-01,27.73109
실리프팅,6,m,2023-12-01,20.86225
실리프팅,6,m,2024-01-01,21.59298
실리프팅,6,m,2024-02-01,21.30069
실리프팅,6,m,2024-03-01,16.44135
실리프팅,6,m,2024-04-01,13.11655
실리프팅,6,m,2024-05-01,15.60102
실리프팅,6,m,2024-06-01,16.22214
실리프팅,6,m,2024-07-01,14.24917
실리프팅,6,m,2024-08-01,13.92035
실리프팅,6,m,2024-09-01,13.29923
실리프팅,6,m,2024-10-01,17.13554
실리프팅,6,m,2024-11-01,16.00292
실리프팅,6,m,2024-12-01,15.05297
실리프팅,6,m,2025-01-01,20.27767
실리프팅,6,m,2025-02-01,15.96638
실리프팅,6,m,2025-03-01,18.30471
실리프팅,6,m,2025-04-01,14.54146
실리프팅,6,m,2025-05-01,17.42784
실리프팅,6,m,2025-06-01,13.95688
실리프팅,6,m,2025-07-01,13.70113
실리프팅,6,m,2025-08-01,12.5685
실리프팅,6,m,2025-09-01,16.1856
실리프팅,6,m,2025-10-01,20.49689
실리프팅,6,m,2025-11-01,14.83375
실리프팅,6,m,2025-12-01,14.578
실리프팅,7,all,2016-01-01,23.00357
실리프팅,7,all,2016-02-01,20.48569
실리프팅,7,all,2016-03-01,19.91954
실리프팅,7,all,2016-04-01,26.0727
실리프팅,7,all,2016-05-01,27.97973
실리프팅,7,all,2016-06-01,63.96007
실리프팅,7,all,2016-07-01,90.22646
실리프팅,7,all,2016-08-01,71.63289
실리프팅,7,all,2016-09-01,37.76817
실리프팅,7,all,2016-10-01,39.79439
실리프팅,7,all,2016-11-01,45.08343
실리프팅,7,all,2016-12-01,100.0
실리프팅,7,all,2017-01-01,40.19666
실리프팅,7,all,2017-02-01,36.18891
실리프팅,7,all,2017-03-01,33.07508
실리프팅,7,all,2017-04-01,31.33194
실리프팅,7,all,2017-05-01,25.50655
실리프팅,7,all,2017-06-01,23.62932
실리프팅,7,all,2017-07-01,19.84505
실리프팅,7,all,2017-08-01,21.72228
실리프팅,7,all,2017-09-01,23.97199
실리프팅,7,all,2017-10-01,25.17878
실리프팅,7,all,2017-11-01,29.73778
실리프팅,7,all,2017-12-01,27.96483
실리프팅,7,all,2018-01-01,35.71215
실리프팅,7,all,2018-02-01,31.51072
실리프팅,7,all,2018-03-01,29.02264
실리프팅,7,all,2018-04-01,28.75446
실리프팅,7,all,2018-05-01,27.05601
실리프팅,7,all,2018-06-01,24.65733
실리프팅,7,all,2018-07-01,27.44338
실리프팅,7,all,2018-08-01,27.11561
실리프팅,7,all,2018-09-01,33.17938
실리프팅,7,all,2018-10-01,34.86293
실리프팅,7,all,2018-11-01,35.83134
실리프팅,7,all,2018-12-01,37.84266
실리프팅,7,all,2019-01-01,80.6019
실리프팅,7,all,2019-02-01,48.36114
실리프팅,7,all,2019-03-01,68.93623
실리프팅,7,all,2019-04-01,48.7634
실리프팅,7,all,2019-05-01,39.7348
실리프팅,7,all,2019-06-01,37.27651
실리프팅,7,all,2019-07-01,38.31942
실리프팅,7,all,2019-08-01,38.5429
실리프팅,7,all,2019-09-01,36.69547
실리프팅,7,all,2019-10-01,45.47079
실리프팅,7,all,2019-11-01,56.19785
실리프팅,7,all,2019-12-01,59.26698
실리프팅,7,all,2020-01-01,50.68533
실리프팅,7,all,2020-02-01,28.88855
실리프팅,7,all,2020-03-01,26.1025
실리프팅,7,all,2020-04-01,28.81406
실리프팅,7,all,2020-05-01,26.47497
실리프팅,7,all,2020-06-01,23.52502
실리프팅,7,all,2020-07-01,27.92014
실리프팅,7,all,2020-08-01,24.28486
실리프팅,7,all,2020-09-01,20.78367
실리프팅,7,all,2020-10-01,20.08343
실리프팅,7,all,2020-11-01,17.71454
실리프팅,7,all,2020-12-01,19.94934
실리프팅,7,all,2021-01-01,26.0429
실리프팅,7,all,2021-02-01,24.19547
실리프팅,7,all,2021-03-01,26.19189
실리프팅,7,all,2021-04-01,25.43206
실리프팅,7,all,2021-05-01,20.75387
실리프팅,7,all,2021-06-01,22.85458
실리프팅,7,all,2021-07-01,21.34982
실리프팅,7,all,2021-08-01,21.5137
실리프팅,7,all,2021-09-01,22.39272
실리프팅,7,all,2021-10-01,24.32955
실리프팅,7,all,2021-11-01,24.43384
실리프팅,7,all,2021-12-01,23.823
실리프팅,7,all,2022-01-01,29.20143
실리프팅,7,all,2022-02-01,25.0
실리프팅,7,all,2022-03-01,30.5721
실리프팅,7,all,2022-04-01,30.6615
실리프팅,7,all,2022-05-01,32.49404
실리프팅,7,all,2022-06-01,32.73241
실리프팅,7,all,2022-07-01,31.24255
실리프팅,7,all,2022-08-01,29.42491
실리프팅,7,all,2022-09-01,29.14183
실리프팅,7,all,2022-10-01,60.42908
실리프팅,7,all,2022-11-01,64.46662
실리프팅,7,all,2022-12-01,66.20977
실리프팅,7,all,2023-01-01,75.11918
실리프팅,7,all,2023-02-01,90.06257
실리프팅,7,all,2023-03-01,85.08641
실리프팅,7,all,2023-04-01,81.52562
실리프팅,7,all,2023-05-01,70.3814
실리프팅,7,all,2023-06-01,61.81466
실리프팅,7,all,2023-07-01,60.1162
실리프팅,7,all,2023-08-01,59.96722
실리프팅,7,all,2023-09-01,58.9988
실리프팅,7,all,2023-10-01,56.65971
실리프팅,7,all,2023-11-01,56.42133
실리프팅,7,all,2023-12-01,66.03098
실리프팅,7,all,2024-01-01,73.46543
실리프팅,7,all,2024-02-01,70.3665
실리프팅,7,all,2024-03-01,72.52681
실리프팅,7,all,2024-04-01,64.705
실리프팅,7,all,2024-05-01,57.56853
실리프팅,7,all,2024-06-01,55.51251
실리프팅,7,all,2024-07-01,62.76817
실리프팅,7,all,2024-08-01,56.43623
실리프팅,7,all,2024-09-01,55.82538
실리프팅,7,all,2024-10-01,66.23957
실리프팅,7,all,2024-11-01,67.43146
실리프팅,7,all,2024-12-01,66.91001
실리프팅,7,all,2025-01-01,97.78009
실리프팅,7,all,2025-02-01,72.45232
실리프팅,7,all,2025-03-01,61.2634
실리프팅,7,all,2025-04-01,53.70977
실리프팅,7,all,2025-05-01,53.00953
실리프팅,7,all,2025-06-01,46.61799
실리프팅,7,all,2025-07-01,47.36293
실리프팅,7,all,2025-08-01,46.72228
실리프팅,7,all,2025-09-01,50.16388
실리프팅,7,all,2025-10-01,99.68712
실리프팅,7,all,2025-11-01,72.7205
실리프팅,7,all,2025-12-01,63.00655
실리프팅,7,f,2016-01-01,21.23152
실리프팅,7,f,2016-02-01,18.19376
실리프팅,7,f,2016-03-01,18.73563
실리프팅,7,f,2016-04-01,23.05418
실리프팅,7,f,2016-05-01,25.59934
실리프팅,7,f,2016-06-01,56.04269
실리프팅,7,f,2016-07-01,81.44499
실리프팅,7,f,2016-08-01,62.13464
실리프팅,7,f,2016-09-01,33.90804
실리프팅,7,f,2016-10-01,35.25451
실리프팅,7,f,2016-11-01,40.98522
실리프팅,7,f,2016-12-01,81.36288
실리프팅,7,f,2017-01-01,38.44006
실리프팅,7,f,2017-02-01,35.10673
실리프팅,7,f,2017-03-01,32.15106
실리프팅,7,f,2017-04-01,30.52545
실리프팅,7,f,2017-05-01,24.63054
실리프팅,7,f,2017-06-01,22.24958
실리프팅,7,f,2017-07-01,18.52216
실리프팅,7,f,2017-08-01,20.78817
실리프팅,7,f,2017-09-01,23.11986
실리프팅,7,f,2017-10-01,24.40065
실리프팅,7,f,2017-11-01,27.63546
실리프팅,7,f,2017-12-01,26.22331
실리프팅,7,f,2018-01-01,34.44991
실리프팅,7,f,2018-02-01,31.42857
실리프팅,7,f,2018-03-01,28.45648
실리프팅,7,f,2018-04-01,27.45484
실리프팅,7,f,2018-05-01,26.50246
실리프팅,7,f,2018-06-01,23.9573
실리프팅,7,f,2018-07-01,26.71592
실리프팅,7,f,2018-08-01,26.74876
실리프팅,7,f,2018-09-01,32.11822
실리프팅,7,f,2018-10-01,34.22003
실리프팅,7,f,2018-11-01,35.63218
실리프팅,7,f,2018-12-01,37.60262
실리프팅,7,f,2019-01-01,82.08538
실리프팅,7,f,2019-02-01,49.65517
실리프팅,7,f,2019-03-01,69.26108
실리프팅,7,f,2019-04-01,48.48932
실리프팅,7,f,2019-05-01,39.50738
실리프팅,7,f,2019-06-01,36.73234
실리프팅,7,f,2019-07-01,38.14449
실리프팅,7,f,2019-08-01,38.35796
실리프팅,7,f,2019-09-01,36.7816
실리프팅,7,f,2019-10-01,45.33661
실리프팅,7,f,2019-11-01,56.96223
실리프팅,7,f,2019-12-01,60.27914
실리프팅,7,f,2020-01-01,51.33004
실리프팅,7,f,2020-02-01,27.96387
실리프팅,7,f,2020-03-01,25.45155
실리프팅,7,f,2020-04-01,28.2266
실리프팅,7,f,2020-05-01,24.7619
실리프팅,7,f,2020-06-01,20.54187
실리프팅,7,f,2020-07-01,25.28735
실리프팅,7,f,2020-08-01,23.43185
실리프팅,7,f,2020-09-01,20.01642
실리프팅,7,f,2020-10-01,18.91625
실리프팅,7,f,2020-11-01,17.27422
실리프팅,7,f,2020-12-01,19.34318
실리프팅,7,f,2021-01-01,25.86206
실리프팅,7,f,2021-02-01,24.00656
실리프팅,7,f,2021-03-01,25.15599
실리프팅,7,f,2021-04-01,25.04105
실리프팅,7,f,2021-05-01,20.26272
실리프팅,7,f,2021-06-01,21.83908
실리프팅,7,f,2021-07-01,21.24794
실리프팅,7,f,2021-08-01,21.03448
실리프팅,7,f,2021-09-01,22.23316
실리프팅,7,f,2021-10-01,24.7619
실리프팅,7,f,2021-11-01,24.53201
실리프팅,7,f,2021-12-01,23.53037
실리프팅,7,f,2022-01-01,28.98193
실리프팅,7,f,2022-02-01,23.74384
실리프팅,7,f,2022-03-01,27.07717
실리프팅,7,f,2022-04-01,29.65517
실리프팅,7,f,2022-05-01,32.31527
실리프팅,7,f,2022-06-01,29.88505
실리프팅,7,f,2022-07-01,30.01642
실리프팅,7,f,2022-08-01,29.2775
실리프팅,7,f,2022-09-01,29.08045
실리프팅,7,f,2022-10-01,61.133
실리프팅,7,f,2022-11-01,66.79802
실리프팅,7,f,2022-12-01,68.88341
실리프팅,7,f,2023-01-01,75.94417
실리프팅,7,f,2023-02-01,92.97208
실리프팅,7,f,2023-03-01,87.17569
실리프팅,7,f,2023-04-01,83.61247
실리프팅,7,f,2023-05-01,71.31362
실리프팅,7,f,2023-06-01,63.11986
실리프팅,7,f,2023-07-01,60.91954
실리프팅,7,f,2023-08-01,60.44334
실리프팅,7,f,2023-09-01,60.21346
실리프팅,7,f,2023-10-01,57.37274
실리프팅,7,f,2023-11-01,55.92775
실리프팅,7,f,2023-12-01,66.99507
실리프팅,7,f,2024-01-01,74.08866
실리프팅,7,f,2024-02-01,70.75533
실리프팅,7,f,2024-03-01,72.93924
실리프팅,7,f,2024-04-01,64.71264
실리프팅,7,f,2024-05-01,56.5353
실리프팅,7,f,2024-06-01,51.92118
실리프팅,7,f,2024-07-01,55.51724
실리프팅,7,f,2024-08-01,53.51395
실리프팅,7,f,2024-09-01,53.92446
실리프팅,7,f,2024-10-01,62.69293
실리프팅,7,f,2024-11-01,63.69458
실리프팅,7,f,2024-12-01,62.80788
실리프팅,7,f,2025-01-01,94.41707
실리프팅,7,f,2025-02-01,68.86699
실리프팅,7,f,2025-03-01,59.81937
실리프팅,7,f,2025-04-01,53.02134
실리프팅,7,f,2025-05-01,49.22824
실리프팅,7,f,2025-06-01,42.57799
실리프팅,7,f,2025-07-01,41.78981
실리프팅,7,f,2025-08-01,42.77504
실리프팅,7,f,2025-09-01,47.99671
실리프팅,7,f,2025-10-01,100.0
실리프팅,7,f,2025-11-01,71.00164
실리프팅,7,f,2025-12-01,59.60591
실리프팅,7,m,2016-01-01,14.28571
실리프팅,7,m,2016-02-01,15.19635
실리프팅,7,m,2016-03-01,11.15537
실리프팅,7,m,2016-04-01,19.69265
실리프팅,7,m,2016-05-01,18.15594
실리프팅,7,m,2016-06-01,50.08537
실리프팅,7,m,2016-07-01,62.37905
실리프팅,7,m,2016-08-01,58.28116
실리프팅,7,m,2016-09-01,26.75014
실리프팅,7,m,2016-10-01,29.82356
실리프팅,7,m,2016-11-01,30.16505
실리프팅,7,m,2016-12-01,100.0
실리프팅,7,m,2017-01-01,20.31872
실리프팅,7,m,2017-02-01,16.56232
실리프팅,7,m,2017-03-01,14.91178
실리프팅,7,m,2017-04-01,13.8873
실리프팅,7,m,2017-05-01,12.06602
실리프팅,7,m,2017-06-01,13.14741
실리프팅,7,m,2017-07-01,11.6107
실리프팅,7,m,2017-08-01,10.92771
실리프팅,7,m,2017-09-01,11.43995
실리프팅,7,m,2017-10-01,11.6107
실리프팅,7,m,2017-11-01,17.81445
실리프팅,7,m,2017-12-01,15.93625
실리프팅,7,m,2018-01-01,17.01764
실리프팅,7,m,2018-02-01,11.43995
실리프팅,7,m,2018-03-01,12.23676
실리프팅,7,m,2018-04-01,14.68412
실리프팅,7,m,2018-05-01,11.49686
실리프팅,7,m,2018-06-01,11.15537
실리프팅,7,m,2018-07-01,12.23676
실리프팅,7,m,2018-08-01,10.8708
실리프팅,7,m,2018-09-01,15.42401
실리프팅,7,m,2018-10-01,14.57029
실리프팅,7,m,2018-11-01,13.37507
실리프팅,7,m,2018-12-01,14.22879
실리프팅,7,m,2019-01-01,23.39214
실리프팅,7,m,2019-02-01,12.63517
실리프팅,7,m,2019-03-01,23.27831
실리프팅,7,m,2019-04-01,18.21286
실리프팅,7,m,2019-05-01,14.85486
실리프팅,7,m,2019-06-01,15.08252
실리프팅,7,m,2019-07-01,14.17188
실리프팅,7,m,2019-08-01,14.28571
실리프팅,7,m,2019-09-01,12.69208
실리프팅,7,m,2019-10-01,16.56232
실리프팅,7,m,2019-11-01,17.2453
실리프팅,7,m,2019-12-01,17.47296
실리프팅,7,m,2020-01-01,15.70859
실리프팅,7,m,2020-02-01,13.43198
실리프팅,7,m,2020-03-01,11.49686
실리프팅,7,m,2020-04-01,12.23676
실리프팅,7,m,2020-05-01,15.31018
실리프팅,7,m,2020-06-01,18.66818
실리프팅,7,m,2020-07-01,19.00967
실리프팅,7,m,2020-08-01,11.55378
실리프팅,7,m,2020-09-01,10.01707
실리프팅,7,m,2020-10-01,11.15537
실리프팅,7,m,2020-11-01,7.79738
실리프팅,7,m,2020-12-01,9.16334
실리프팅,7,m,2021-01-01,9.84632
실리프팅,7,m,2021-02-01,9.22026
실리프팅,7,m,2021-03-01,12.86283
실리프팅,7,m,2021-04-01,10.35856
실리프팅,7,m,2021-05-01,9.04951
실리프팅,7,m,2021-06-01,11.6107
실리프팅,7,m,2021-07-01,7.91121
실리프팅,7,m,2021-08-01,9.27717
실리프팅,7,m,2021-09-01,8.48036
실리프팅,7,m,2021-10-01,7.11439
실리프팅,7,m,2021-11-01,8.30961
실리프팅,7,m,2021-12-01,9.44792
실리프팅,7,m,2022-01-01,11.09846
실리프팅,7,m,2022-02-01,13.20432
실리프팅,7,m,2022-03-01,22.93682
실리프팅,7,m,2022-04-01,14.34262
실리프팅,7,m,2022-05-01,12.12293
실리프팅,7,m,2022-06-01,21.45702
실리프팅,7,m,2022-07-01,15.31018
실리프팅,7,m,2022-08-01,10.92771
실리프팅,7,m,2022-09-01,10.52931
실리프팅,7,m,2022-10-01,18.95276
실리프팅,7,m,2022-11-01,14.74103
실리프팅,7,m,2022-12-01,14.17188
실리프팅,7,m,2023-01-01,23.73363
실리프팅,7,m,2023-02-01,21.79852
실리프팅,7,m,2023-03-01,22.8799
실리프팅,7,m,2023-04-01,21.62777
실리프팅,7,m,2023-05-01,21.68468
실리프팅,7,m,2023-06-01,17.35913
실리프팅,7,m,2023-07-01,18.49743
실리프팅,7,m,2023-08-01,19.57882
실리프팅,7,m,2023-09-01,16.67615
실리프팅,7,m,2023-10-01,17.58679
실리프팅,7,m,2023-11-01,21.68468
실리프팅,7,m,2023-12-01,20.03414
실리프팅,7,m,2024-01-01,23.84746
실리프팅,7,m,2024-02-01,23.56289
실리프팅,7,m,2024-03-01,24.24587
실리프팅,7,m,2024-04-01,22.8799
실리프팅,7,m,2024-05-01,23.96129
실리프팅,7,m,2024-06-01,32.10017
실리프팅,7,m,2024-07-01,47.35344
실리프팅,7,m,2024-08-01,30.10813
실리프팅,7,m,2024-09-01,26.35173
실리프팅,7,m,2024-10-01,35.74274
실리프팅,7,m,2024-11-01,36.82413
실리프팅,7,m,2024-12-01,37.90552
실리프팅,7,m,2025-01-01,46.27205
실리프팅,7,m,2025-02-01,38.07626
실리프팅,7,m,2025-03-01,26.69322
실리프팅,7,m,2025-04-01,21.40011
실리프팅,7,m,2025-05-01,31.8725
실리프팅,7,m,2025-06-01,30.50654
실리프팅,7,m,2025-07-01,36.08423
실리프팅,7,m,2025-08-01,30.22196
실리프팅,7,m,2025-09-01,25.27034
실리프팅,7,m,2025-10-01,34.20603
실리프팅,7,m,2025-11-01,31.70176
실리프팅,7,m,2025-12-01,34.0922
실리프팅,8,all,2016-01-01,15.29754
실리프팅,8,all,2016-02-01,12.33064
실리프팅,8,all,2016-03-01,9.55239
실리프팅,8,all,2016-04-01,14.98885
실리프팅,8,all,2016-05-01,16.10358
실리프팅,8,all,2016-06-01,14.02846
실리프팅,8,all,2016-07-01,11.78185
실리프팅,8,all,2016-08-01,14.16566
실리프팅,8,all,2016-09-01,12.17629
실리프팅,8,all,2016-10-01,14.44006
실리프팅,8,all,2016-11-01,20.51106
실리프팅,8,all,2016-12-01,72.3718
실리프팅,8,all,2017-01-01,32.41296
실리프팅,8,all,2017-02-01,27.73109
실리프팅,8,all,2017-03-01,25.34728
실리프팅,8,all,2017-04-01,22.08883
실리프팅,8,all,2017-05-01,17.33836
실리프팅,8,all,2017-06-01,17.6299
실리프팅,8,all,2017-07-01,14.98885
실리프팅,8,all,2017-08-01,16.70382
실리프팅,8,all,2017-09-01,17.85285
실리프팅,8,all,2017-10-01,19.10478
실리프팅,8,all,2017-11-01,21.26564
실리프팅,8,all,2017-12-01,20.56251
실리프팅,8,all,2018-01-01,26.89075
실리프팅,8,all,2018-02-01,23.7695
실리프팅,8,all,2018-03-01,22.19173
실리프팅,8,all,2018-04-01,21.90018
실리프팅,8,all,2018-05-01,23.54656
실리프팅,8,all,2018-06-01,20.59681
실리프팅,8,all,2018-07-01,22.96347
실리프팅,8,all,2018-08-01,24.64414
실리프팅,8,all,2018-09-01,26.27336
실리프팅,8,all,2018-10-01,28.91442
실리프팅,8,all,2018-11-01,28.65717
실리프팅,8,all,2018-12-01,33.56199
실리프팅,8,all,2019-01-01,64.48293
실리프팅,8,all,2019-02-01,42.3941
실리프팅,8,all,2019-03-01,54.14165
실리프팅,8,all,2019-04-01,39.27285
실리프팅,8,all,2019-05-01,33.42479
실리프팅,8,all,2019-06-01,31.82987
실리프팅,8,all,2019-07-01,30.1835
실리프팅,8,all,2019-08-01,33.59629
실리프팅,8,all,2019-09-01,28.36563
실리프팅,8,all,2019-10-01,40.91922
실리프팅,8,all,2019-11-01,47.47041
실리프팅,8,all,2019-12-01,50.19722
실리프팅,8,all,2020-01-01,44.57211
실리프팅,8,all,2020-02-01,24.40404
실리프팅,8,all,2020-03-01,21.66009
실리프팅,8,all,2020-04-01,24.88423
실리프팅,8,all,2020-05-01,21.71154
실리프팅,8,all,2020-06-01,16.17218
실리프팅,8,all,2020-07-01,20.44246
실리프팅,8,all,2020-08-01,16.13788
실리프팅,8,all,2020-09-01,15.69199
실리프팅,8,all,2020-10-01,17.74995
실리프팅,8,all,2020-11-01,17.08111
실리프팅,8,all,2020-12-01,17.8014
실리프팅,8,all,2021-01-01,21.91733
실리프팅,8,all,2021-02-01,21.077
실리프팅,8,all,2021-03-01,20.78545
실리프팅,8,all,2021-04-01,20.04801
실리프팅,8,all,2021-05-01,16.68667
실리프팅,8,all,2021-06-01,17.21831
실리프팅,8,all,2021-07-01,16.87532
실리프팅,8,all,2021-08-01,17.78425
실리프팅,8,all,2021-09-01,17.71565
실리프팅,8,all,2021-10-01,19.05333
실리프팅,8,all,2021-11-01,19.70502
실리프팅,8,all,2021-12-01,18.95043
실리프팅,8,all,2022-01-01,22.08883
실리프팅,8,all,2022-02-01,18.89898
실리프팅,8,all,2022-03-01,21.36854
실리프팅,8,all,2022-04-01,24.74704
실리프팅,8,all,2022-05-01,26.68495
실리프팅,8,all,2022-06-01,28.22843
실리프팅,8,all,2022-07-01,28.21128
실리프팅,8,all,2022-08-01,26.7021
실리프팅,8,all,2022-09-01,25.38158
실리프팅,8,all,2022-10-01,51.31195
실리프팅,8,all,2022-11-01,56.23392
실리프팅,8,all,2022-12-01,58.56628
실리프팅,8,all,2023-01-01,65.18607
실리프팅,8,all,2023-02-01,81.6841
실리프팅,8,all,2023-03-01,74.58411
실리프팅,8,all,2023-04-01,71.27422
실리프팅,8,all,2023-05-01,62.66506
실리프팅,8,all,2023-06-01,54.81049
실리프팅,8,all,2023-07-01,53.85011
실리프팅,8,all,2023-08-01,49.37403
실리프팅,8,all,2023-09-01,50.64311
실리프팅,8,all,2023-10-01,52.42668
실리프팅,8,all,2023-11-01,49.99142
실리프팅,8,all,2023-12-01,58.01749
실리프팅,8,all,2024-01-01,67.24404
실리프팅,8,all,2024-02-01,62.08197
실리프팅,8,all,2024-03-01,63.6083
실리프팅,8,all,2024-04-01,56.9885
실리프팅,8,all,2024-05-01,49.42548
실리프팅,8,all,2024-06-01,48.1564
실리프팅,8,all,2024-07-01,50.45446
실리프팅,8,all,2024-08-01,47.43611
실리프팅,8,all,2024-09-01,48.41365
실리프팅,8,all,2024-10-01,61.68753
실리프팅,8,all,2024-11-01,56.09672
실리프팅,8,all,2024-12-01,62.23632
실리프팅,8,all,2025-01-01,87.06911
실리프팅,8,all,2025-02-01,63.04235
실리프팅,8,all,2025-03-01,61.22448
실리프팅,8,all,2025-04-01,54.2274
실리프팅,8,all,2025-05-01,48.24215
실리프팅,8,all,2025-06-01,40.98782
실리프팅,8,all,2025-07-01,42.56559
실리프팅,8,all,2025-08-01,40.47333
실리프팅,8,all,2025-09-01,45.75544
실리프팅,8,all,2025-10-01,100.0
실리프팅,8,all,2025-11-01,72.166
실리프팅,8,all,2025-12-01,61.75613
실리프팅,8,f,2016-01-01,13.0815
실리프팅,8,f,2016-02-01,10.84852
실리프팅,8,f,2016-03-01,8.82024
실리프팅,8,f,2016-04-01,13.24897
실리프팅,8,f,2016-05-01,12.95124
실리프팅,8,f,2016-06-01,11.98362
실리프팅,8,f,2016-07-01,10.42054
실리프팅,8,f,2016-08-01,12.22553
실리프팅,8,f,2016-09-01,10.38332
실리프팅,8,f,2016-10-01,12.93263
실리프팅,8,f,2016-11-01,18.44064
실리프팅,8,f,2016-12-01,56.30815
실리프팅,8,f,2017-01-01,29.79158
실리프팅,8,f,2017-02-01,25.2512
실리프팅,8,f,2017-03-01,23.55787
실리프팅,8,f,2017-04-01,20.61778
실리프팅,8,f,2017-05-01,16.26349
실리프팅,8,f,2017-06-01,16.0774
실리프팅,8,f,2017-07-01,14.25381
실리프팅,8,f,2017-08-01,15.55638
실리프팅,8,f,2017-09-01,16.78451
실리프팅,8,f,2017-10-01,17.51023
실리프팅,8,f,2017-11-01,19.57573
실리프팅,8,f,2017-12-01,18.92445
실리프팅,8,f,2018-01-01,25.13956
실리프팅,8,f,2018-02-01,22.79493
실리프팅,8,f,2018-03-01,20.89691
실리프팅,8,f,2018-04-01,20.91551
실리프팅,8,f,2018-05-01,21.02716
실리프팅,8,f,2018-06-01,19.68738
실리프팅,8,f,2018-07-01,20.80387
실리프팅,8,f,2018-08-01,23.1857
실리프팅,8,f,2018-09-01,24.91626
실리프팅,8,f,2018-10-01,27.63304
실리프팅,8,f,2018-11-01,27.14923
실리프팅,8,f,2018-12-01,32.63863
실리프팅,8,f,2019-01-01,63.23036
실리프팅,8,f,2019-02-01,41.94268
실리프팅,8,f,2019-03-01,52.21436
실리프팅,8,f,2019-04-01,38.03498
실리프팅,8,f,2019-05-01,32.26646
실리프팅,8,f,2019-06-01,30.81503
실리프팅,8,f,2019-07-01,29.51246
실리프팅,8,f,2019-08-01,32.63863
실리프팅,8,f,2019-09-01,27.13062
실리프팅,8,f,2019-10-01,40.1377
실리프팅,8,f,2019-11-01,48.30666
실리프팅,8,f,2019-12-01,49.60922
실리프팅,8,f,2020-01-01,43.72906
실리프팅,8,f,2020-02-01,23.20431
실리프팅,8,f,2020-03-01,20.8783
실리프팅,8,f,2020-04-01,24.06029
실리프팅,8,f,2020-05-01,20.85969
실리프팅,8,f,2020-06-01,15.27726
실리프팅,8,f,2020-07-01,18.8128
실리프팅,8,f,2020-08-01,15.63081
실리프팅,8,f,2020-09-01,14.73762
실리프팅,8,f,2020-10-01,16.48678
실리프팅,8,f,2020-11-01,15.96576
실리프팅,8,f,2020-12-01,16.84034
실리프팅,8,f,2021-01-01,20.32005
실리프팅,8,f,2021-02-01,19.65016
실리프팅,8,f,2021-03-01,19.35243
실리프팅,8,f,2021-04-01,19.16635
실리프팅,8,f,2021-05-01,16.09601
실리프팅,8,f,2021-06-01,16.33792
실리프팅,8,f,2021-07-01,16.22627
실리프팅,8,f,2021-08-01,17.2125
실리프팅,8,f,2021-09-01,17.23111
실리프팅,8,f,2021-10-01,18.77558
실리프팅,8,f,2021-11-01,19.01749
실리프팅,8,f,2021-12-01,18.51507
실리프팅,8,f,2022-01-01,21.84592
실리프팅,8,f,2022-02-01,18.77558
실리프팅,8,f,2022-03-01,20.22701
실리프팅,8,f,2022-04-01,24.46966
실리프팅,8,f,2022-05-01,26.20022
실리프팅,8,f,2022-06-01,26.10718
실리프팅,8,f,2022-07-01,26.96315
실리프팅,8,f,2022-08-01,26.163
실리프팅,8,f,2022-09-01,24.76739
실리프팅,8,f,2022-10-01,51.95385
실리프팅,8,f,2022-11-01,56.79196
실리프팅,8,f,2022-12-01,59.76925
실리프팅,8,f,2023-01-01,66.13323
실리프팅,8,f,2023-02-01,83.42017
실리프팅,8,f,2023-03-01,75.95831
실리프팅,8,f,2023-04-01,71.41793
실리프팅,8,f,2023-05-01,62.74655
실리프팅,8,f,2023-06-01,54.46594
실리프팅,8,f,2023-07-01,52.38183
실리프팅,8,f,2023-08-01,49.18124
실리프팅,8,f,2023-09-01,49.96278
실리프팅,8,f,2023-10-01,52.3074
실리프팅,8,f,2023-11-01,49.19985
실리프팅,8,f,2023-12-01,58.11313
실리프팅,8,f,2024-01-01,66.46818
실리프팅,8,f,2024-02-01,61.33234
실리프팅,8,f,2024-03-01,62.41161
실리프팅,8,f,2024-04-01,55.508
실리프팅,8,f,2024-05-01,48.79047
실리프팅,8,f,2024-06-01,46.83662
실리프팅,8,f,2024-07-01,49.44175
실리프팅,8,f,2024-08-01,47.15295
실리프팅,8,f,2024-09-01,47.7112
실리프팅,8,f,2024-10-01,61.51842
실리프팅,8,f,2024-11-01,54.85671
실리프팅,8,f,2024-12-01,61.9278
실리프팅,8,f,2025-01-01,87.79307
실리프팅,8,f,2025-02-01,62.52326
실리프팅,8,f,2025-03-01,60.7927
실리프팅,8,f,2025-04-01,53.49832
실리프팅,8,f,2025-05-01,47.24599
실리프팅,8,f,2025-06-01,40.08187
실리프팅,8,f,2025-07-01,41.31001
실리프팅,8,f,2025-08-01,39.67249
실리프팅,8,f,2025-09-01,44.65947
실리프팅,8,f,2025-10-01,100.0
실리프팅,8,f,2025-11-01,71.60401
실리프팅,8,f,2025-12-01,61.20208
실리프팅,8,m,2016-01-01,15.82914
실리프팅,8,m,2016-02-01,11.39028
실리프팅,8,m,2016-03-01,6.95142
실리프팅,8,m,2016-04-01,13.56783
실리프팅,8,m,2016-05-01,20.35175
실리프팅,8,m,2016-06-01,14.57286
실리프팅,8,m,2016-07-01,10.63651
실리프팅,8,m,2016-08-01,14.1541
실리프팅,8,m,2016-09-01,12.73031
실리프팅,8,m,2016-10-01,12.31155
실리프팅,8,m,2016-11-01,17.16917
실리프팅,8,m,2016-12-01,100.0
실리프팅,8,m,2017-01-01,24.20435
실리프팅,8,m,2017-02-01,21.77554
실리프팅,8,m,2017-03-01,17.75544
실리프팅,8,m,2017-04-01,15.07537
실리프팅,8,m,2017-05-01,11.47403
실리프팅,8,m,2017-06-01,13.73534
실리프팅,8,m,2017-07-01,9.04522
실리프팅,8,m,2017-08-01,11.55778
실리프팅,8,m,2017-09-01,11.64154
실리프팅,8,m,2017-10-01,14.48911
실리프팅,8,m,2017-11-01,15.74539
실리프팅,8,m,2017-12-01,15.24288
실리프팅,8,m,2018-01-01,18.1742
실리프팅,8,m,2018-02-01,13.48408
실리프팅,8,m,2018-03-01,14.3216
실리프팅,8,m,2018-04-01,12.81407
실리프팅,8,m,2018-05-01,20.35175
실리프팅,8,m,2018-06-01,11.97654
실리프팅,8,m,2018-07-01,18.50921
실리프팅,8,m,2018-08-01,15.99664
실리프팅,8,m,2018-09-01,16.16415
실리프팅,8,m,2018-10-01,16.83417
실리프팅,8,m,2018-11-01,17.75544
실리프팅,8,m,2018-12-01,17.00167
실리프팅,8,m,2019-01-01,30.31825
실리프팅,8,m,2019-02-01,18.25795
실리프팅,8,m,2019-03-01,29.39698
실리프팅,8,m,2019-04-01,20.60301
실리프팅,8,m,2019-05-01,18.0067
실리프팅,8,m,2019-06-01,16.75041
실리프팅,8,m,2019-07-01,14.57286
실리프팅,8,m,2019-08-01,17.16917
실리프팅,8,m,2019-09-01,16.41541
실리프팅,8,m,2019-10-01,19.17922
실리프팅,8,m,2019-11-01,14.40536
실리프팅,8,m,2019-12-01,21.85929
실리프팅,8,m,2020-01-01,20.85427
실리프팅,8,m,2020-02-01,14.74036
실리프팅,8,m,2020-03-01,11.80904
실리프팅,8,m,2020-04-01,13.23283
실리프팅,8,m,2020-05-01,12.14405
실리프팅,8,m,2020-06-01,10.21775
실리프팅,8,m,2020-07-01,15.15912
실리프팅,8,m,2020-08-01,8.45896
실리프팅,8,m,2020-09-01,10.3015
실리프팅,8,m,2020-10-01,12.47906
실리프팅,8,m,2020-11-01,11.55778
실리프팅,8,m,2020-12-01,11.13902
실리프팅,8,m,2021-01-01,15.57788
실리프팅,8,m,2021-02-01,14.48911
실리프팅,8,m,2021-03-01,14.40536
실리프팅,8,m,2021-04-01,11.64154
실리프팅,8,m,2021-05-01,9.04522
실리프팅,8,m,2021-06-01,10.55276
실리프팅,8,m,2021-07-01,9.38023
실리프팅,8,m,2021-08-01,9.38023
실리프팅,8,m,2021-09-01,8.96147
실리프팅,8,m,2021-10-01,8.54271
실리프팅,8,m,2021-11-01,10.63651
실리프팅,8,m,2021-12-01,9.21273
실리프팅,8,m,2022-01-01,9.54773
실리프팅,8,m,2022-02-01,7.78894
실리프팅,8,m,2022-03-01,13.31658
실리프팅,8,m,2022-04-01,10.72026
실리프팅,8,m,2022-05-01,12.3953
실리프팅,8,m,2022-06-01,20.35175
실리프팅,8,m,2022-07-01,16.41541
실리프팅,8,m,2022-08-01,12.64656
실리프팅,8,m,2022-09-01,12.47906
실리프팅,8,m,2022-10-01,16.75041
실리프팅,8,m,2022-11-01,19.01172
실리프팅,8,m,2022-12-01,17.00167
실리프팅,8,m,2023-01-01,20.68676
실리프팅,8,m,2023-02-01,23.45058
실리프팅,8,m,2023-03-01,22.3618
실리프팅,8,m,2023-04-01,26.63316
실리프팅,8,m,2023-05-01,23.61809
실리프팅,8,m,2023-06-01,22.52931
실리프팅,8,m,2023-07-01,27.21943
실리프팅,8,m,2023-08-01,19.76549
실리프팅,8,m,2023-09-01,22.44556
실리프팅,8,m,2023-10-01,20.60301
실리프팅,8,m,2023-11-01,22.69681
실리프팅,8,m,2023-12-01,21.77554
실리프팅,8,m,2024-01-01,29.22948
실리프팅,8,m,2024-02-01,27.13567
실리프팅,8,m,2024-03-01,29.73199
실리프팅,8,m,2024-04-01,28.47571
실리프팅,8,m,2024-05-01,21.77554
실리프팅,8,m,2024-06-01,24.37185
실리프팅,8,m,2024-07-01,23.86934
실리프팅,8,m,2024-08-01,19.43048
실리프팅,8,m,2024-09-01,21.69179
실리프팅,8,m,2024-10-01,24.37185
실리프팅,8,m,2024-11-01,27.05192
실리프팅,8,m,2024-12-01,25.20938
실리프팅,8,m,2025-01-01,30.067
실리프팅,8,m,2025-02-01,26.46566
실리프팅,8,m,2025-03-01,25.37688
실리프팅,8,m,2025-04-01,24.03685
실리프팅,8,m,2025-05-01,22.94807
실리프팅,8,m,2025-06-01,19.76549
실리프팅,8,m,2025-07-01,21.94304
실리프팅,8,m,2025-08-01,19.09547
실리프팅,8,m,2025-09-01,22.44556
실리프팅,8,m,2025-10-01,38.2747
실리프팅,8,m,2025-11-01,30.15075
실리프팅,8,m,2025-12-01,26.13065
실리프팅,9,all,2016-01-01,8.67475
실리프팅,9,all,2016-02-01,8.75063
실리프팅,9,all,2016-03-01,7.58725
실리프팅,9,all,2016-04-01,9.40819
실리프팅,9,all,2016-05-01,10.52099
실리프팅,9,all,2016-06-01,9.45877
실리프팅,9,all,2016-07-01,7.05614
실리프팅,9,all,2016-08-01,8.21952
실리프팅,9,all,2016-09-01,8.14365
실리프팅,9,all,2016-10-01,8.34597
실리프팅,9,all,2016-11-01,11.65907
실리프팅,9,all,2016-12-01,49.21598
실리프팅,9,all,2017-01-01,18.66464
실리프팅,9,all,2017-02-01,17.27364
실리프팅,9,all,2017-03-01,14.13758
실리프팅,9,all,2017-04-01,12.696
실리프팅,9,all,2017-05-01,11.40617
실리프팅,9,all,2017-06-01,10.90035
실리프팅,9,all,2017-07-01,8.34597
실리프팅,9,all,2017-08-01,10.82448
실리프팅,9,all,2017-09-01,10.79919
실리프팅,9,all,2017-10-01,13.70763
실리프팅,9,all,2017-11-01,13.42943
실리프팅,9,all,2017-12-01,13.10065
실리프팅,9,all,2018-01-01,15.37683
실리프팅,9,all,2018-02-01,14.44107
실리프팅,9,all,2018-03-01,14.44107
실리프팅,9,all,2018-04-01,15.1745
실리프팅,9,all,2018-05-01,15.55386
실리프팅,9,all,2018-06-01,12.77187
실리프팅,9,all,2018-07-01,15.1745
실리프팅,9,all,2018-08-01,15.52857
실리프팅,9,all,2018-09-01,18.4876
실리프팅,9,all,2018-10-01,17.27364
실리프팅,9,all,2018-11-01,19.72685
실리프팅,9,all,2018-12-01,20.10622
실리프팅,9,all,2019-01-01,40.13657
실리프팅,9,all,2019-02-01,25.74607
실리프팅,9,all,2019-03-01,31.68942
실리프팅,9,all,2019-04-01,24.15275
실리프팅,9,all,2019-05-01,21.19372
실리프팅,9,all,2019-06-01,20.89023
실리프팅,9,all,2019-07-01,21.75012
실리프팅,9,all,2019-08-01,21.11785
실리프팅,9,all,2019-09-01,20.63732
실리프팅,9,all,2019-10-01,26.60596
실리프팅,9,all,2019-11-01,34.77491
실리프팅,9,all,2019-12-01,36.59585
실리프팅,9,all,2020-01-01,31.15832
실리프팅,9,all,2020-02-01,18.7658
실리프팅,9,all,2020-03-01,17.52655
실리프팅,9,all,2020-04-01,19.57511
실리프팅,9,all,2020-05-01,15.30096
실리프팅,9,all,2020-06-01,12.87303
실리프팅,9,all,2020-07-01,14.87101
실리프팅,9,all,2020-08-01,12.56954
실리프팅,9,all,2020-09-01,12.94891
실리프팅,9,all,2020-10-01,12.01315
실리프팅,9,all,2020-11-01,11.76024
실리프팅,9,all,2020-12-01,13.12594
실리프팅,9,all,2021-01-01,21.29489
실리프팅,9,all,2021-02-01,18.63935
실리프팅,9,all,2021-03-01,18.71522
실리프팅,9,all,2021-04-01,15.27567
실리프팅,9,all,2021-05-01,14.23874
실리프팅,9,all,2021-06-01,14.99747
실리프팅,9,all,2021-07-01,14.41578
실리프팅,9,all,2021-08-01,14.6181
실리프팅,9,all,2021-09-01,14.8963
실리프팅,9,all,2021-10-01,14.69398
실리프팅,9,all,2021-11-01,17.55184
실리프팅,9,all,2021-12-01,16.21143
실리프팅,9,all,2022-01-01,24.8609
실리프팅,9,all,2022-02-01,18.10824
실리프팅,9,all,2022-03-01,20.38442
실리프팅,9,all,2022-04-01,22.78705
실리프팅,9,all,2022-05-01,26.27718
실리프팅,9,all,2022-06-01,27.13707
실리프팅,9,all,2022-07-01,26.53009
실리프팅,9,all,2022-08-01,23.79868
실리프팅,9,all,2022-09-01,22.9135
실리프팅,9,all,2022-10-01,55.36165
실리프팅,9,all,2022-11-01,60.52099
실리프팅,9,all,2022-12-01,57.84016
실리프팅,9,all,2023-01-01,67.1219
실리프팅,9,all,2023-02-01,85.68538
실리프팅,9,all,2023-03-01,82.47344
실리프팅,9,all,2023-04-01,70.03034
실리프팅,9,all,2023-05-01,62.03844
실리프팅,9,all,2023-06-01,54.42589
실리프팅,9,all,2023-07-01,53.3131
실리프팅,9,all,2023-08-01,51.39099
실리프팅,9,all,2023-09-01,52.07384
실리프팅,9,all,2023-10-01,58.42185
실리프팅,9,all,2023-11-01,56.37329
실리프팅,9,all,2023-12-01,64.26403
실리프팅,9,all,2024-01-01,71.72483
실리프팅,9,all,2024-02-01,70.53616
실리프팅,9,all,2024-03-01,67.04602
실리프팅,9,all,2024-04-01,64.99747
실리프팅,9,all,2024-05-01,54.02124
실리프팅,9,all,2024-06-01,47.29387
실리프팅,9,all,2024-07-01,50.96105
실리프팅,9,all,2024-08-01,54.27415
실리프팅,9,all,2024-09-01,51.18866
실리프팅,9,all,2024-10-01,67.07132
실리프팅,9,all,2024-11-01,64.36519
실리프팅,9,all,2024-12-01,64.49165
실리프팅,9,all,2025-01-01,100.0
실리프팅,9,all,2025-02-01,70.28325
실리프팅,9,all,2025-03-01,73.54577
실리프팅,9,all,2025-04-01,59.91401
실리프팅,9,all,2025-05-01,51.9221
실리프팅,9,all,2025-06-01,42.41274
실리프팅,9,all,2025-07-01,43.22205
실리프팅,9,all,2025-08-01,46.50986
실리프팅,9,all,2025-09-01,49.6965
실리프팅,9,all,2025-10-01,95.8523
실리프팅,9,all,2025-11-01,73.62164
실리프팅,9,all,2025-12-01,65.80677
실리프팅,9,f,2016-01-01,6.95318
실리프팅,9,f,2016-02-01,6.48781
실리프팅,9,f,2016-03-01,6.10457
실리프팅,9,f,2016-04-01,7.55543
실리프팅,9,f,2016-05-01,8.78729
실리프팅,9,f,2016-06-01,7.6923
실리프팅,9,f,2016-07-01,6.04982
실리프팅,9,f,2016-08-01,7.14481
실리프팅,9,f,2016-09-01,6.43306
실리프팅,9,f,2016-10-01,6.84369
실리프팅,9,f,2016-11-01,9.80016
실리프팅,9,f,2016-12-01,35.42294
실리프팅,9,f,2017-01-01,15.05611
실리프팅,9,f,2017-02-01,14.75499
실리프팅,9,f,2017-03-01,12.07226
실리프팅,9,f,2017-04-01,10.9499
실리프팅,9,f,2017-05-01,10.04653
실리프팅,9,f,2017-06-01,9.60854
실리프팅,9,f,2017-07-01,7.22693
실리프팅,9,f,2017-08-01,9.41691
실리프팅,9,f,2017-09-01,9.58116
실리프팅,9,f,2017-10-01,11.57952
실리프팅,9,f,2017-11-01,11.30577
실리프팅,9,f,2017-12-01,11.63427
실리프팅,9,f,2018-01-01,14.15275
실리프팅,9,f,2018-02-01,12.97563
실리프팅,9,f,2018-03-01,12.53764
실리프팅,9,f,2018-04-01,12.86613
실리프팅,9,f,2018-05-01,14.37174
실리프팅,9,f,2018-06-01,11.66164
실리프팅,9,f,2018-07-01,12.51026
실리프팅,9,f,2018-08-01,13.85162
실리프팅,9,f,2018-09-01,16.0416
실리프팅,9,f,2018-10-01,15.79523
실리프팅,9,f,2018-11-01,18.53271
실리프팅,9,f,2018-12-01,18.83383
실리프팅,9,f,2019-01-01,38.35203
실리프팅,9,f,2019-02-01,25.21215
실리프팅,9,f,2019-03-01,29.97536
실리프팅,9,f,2019-04-01,22.7758
실리프팅,9,f,2019-05-01,20.42157
실리프팅,9,f,2019-06-01,19.79195
실리프팅,9,f,2019-07-01,21.07856
실리프팅,9,f,2019-08-01,20.06569
실리프팅,9,f,2019-09-01,19.68245
실리프팅,9,f,2019-10-01,25.3764
실리프팅,9,f,2019-11-01,34.60169
실리프팅,9,f,2019-12-01,36.13468
실리프팅,9,f,2020-01-01,31.09772
실리프팅,9,f,2020-02-01,17.49247
실리프팅,9,f,2020-03-01,16.01423
실리프팅,9,f,2020-04-01,18.17684
실리프팅,9,f,2020-05-01,13.74212
실리프팅,9,f,2020-06-01,11.36052
실리프팅,9,f,2020-07-01,13.68738
실리프팅,9,f,2020-08-01,10.92252
실리프팅,9,f,2020-09-01,12.20914
실리프팅,9,f,2020-10-01,11.14152
실리프팅,9,f,2020-11-01,11.2784
실리프팅,9,f,2020-12-01,12.34601
실리프팅,9,f,2021-01-01,20.06569
실리프팅,9,f,2021-02-01,17.21872
실리프팅,9,f,2021-03-01,17.43772
실리프팅,9,f,2021-04-01,14.50862
실리프팅,9,f,2021-05-01,13.41363
실리프팅,9,f,2021-06-01,14.15275
실리프팅,9,f,2021-07-01,14.04325
실리프팅,9,f,2021-08-01,14.42649
실리프팅,9,f,2021-09-01,14.28962
실리프팅,9,f,2021-10-01,13.38625
실리프팅,9,f,2021-11-01,16.97235
실리프팅,9,f,2021-12-01,15.27511
실리프팅,9,f,2022-01-01,23.62441
실리프팅,9,f,2022-02-01,17.98521
실리프팅,9,f,2022-03-01,19.92882
실리프팅,9,f,2022-04-01,21.76293
실리프팅,9,f,2022-05-01,24.8289
실리프팅,9,f,2022-06-01,25.51327
실리프팅,9,f,2022-07-01,24.39091
실리프팅,9,f,2022-08-01,22.74842
실리프팅,9,f,2022-09-01,22.41992
실리프팅,9,f,2022-10-01,55.76238
실리프팅,9,f,2022-11-01,60.74459
실리프팅,9,f,2022-12-01,56.69312
실리프팅,9,f,2023-01-01,66.95866
실리프팅,9,f,2023-02-01,87.29811
실리프팅,9,f,2023-03-01,82.72652
실리프팅,9,f,2023-04-01,70.54475
실리프팅,9,f,2023-05-01,62.05858
실리프팅,9,f,2023-06-01,52.64166
실리프팅,9,f,2023-07-01,52.12154
실리프팅,9,f,2023-08-01,49.95893
실리프팅,9,f,2023-09-01,52.36791
실리프팅,9,f,2023-10-01,58.8831
실리프팅,9,f,2023-11-01,56.41938
실리프팅,9,f,2023-12-01,64.82343
실리프팅,9,f,2024-01-01,72.67998
실리프팅,9,f,2024-02-01,70.13413
실리프팅,9,f,2024-03-01,65.1793
실리프팅,9,f,2024-04-01,63.78319
실리프팅,9,f,2024-05-01,53.10703
실리프팅,9,f,2024-06-01,45.68847
실리프팅,9,f,2024-07-01,49.46619
실리프팅,9,f,2024-08-01,53.43553
실리프팅,9,f,2024-09-01,49.49356
실리프팅,9,f,2024-10-01,66.71229
실리프팅,9,f,2024-11-01,63.89269
실리프팅,9,f,2024-12-01,64.41281
실리프팅,9,f,2025-01-01,100.0
실리프팅,9,f,2025-02-01,70.32575
실리프팅,9,f,2025-03-01,72.81686
실리프팅,9,f,2025-04-01,58.14399
실리프팅,9,f,2025-05-01,50.58855
실리프팅,9,f,2025-06-01,40.32302
실리프팅,9,f,2025-07-01,41.69176
실리프팅,9,f,2025-08-01,45.3326
실리프팅,9,f,2025-09-01,49.73993
실리프팅,9,f,2025-10-01,94.60717
실리프팅,9,f,2025-11-01,73.33698
실리프팅,9,f,2025-12-01,64.90555
실리프팅,9,m,2016-01-01,13.6503
실리프팅,9,m,2016-02-01,16.71779
실리프팅,9,m,2016-03-01,11.80981
실리프팅,9,m,2016-04-01,14.72392
실리프팅,9,m,2016-05-01,14.57055
실리프팅,9,m,2016-06-01,14.2638
실리프팅,9,m,2016-07-01,8.8957
실리프팅,9,m,2016-08-01,9.81595
실리프팅,9,m,2016-09-01,13.34355
실리프팅,9,m,2016-10-01,12.26993
실리프팅,9,m,2016-11-01,15.79754
실리프팅,9,m,2016-12-01,100.0
실리프팅,9,m,2017-01-01,28.83435
실리프팅,9,m,2017-02-01,22.08588
실리프팅,9,m,2017-03-01,18.09815
실리프팅,9,m,2017-04-01,15.64417
실리프팅,9,m,2017-05-01,12.88343
실리프팅,9,m,2017-06-01,12.26993
실리프팅,9,m,2017-07-01,10.12269
실리프팅,9,m,2017-08-01,12.88343
실리프팅,9,m,2017-09-01,11.80981
실리프팅,9,m,2017-10-01,18.25153
실리프팅,9,m,2017-11-01,18.09815
실리프팅,9,m,2017-12-01,14.2638
실리프팅,9,m,2018-01-01,13.95705
실리프팅,9,m,2018-02-01,14.8773
실리프팅,9,m,2018-03-01,17.33128
실리프팅,9,m,2018-04-01,19.93865
실리프팅,9,m,2018-05-01,13.80368
실리프팅,9,m,2018-06-01,12.11656
실리프팅,9,m,2018-07-01,21.93251
실리프팅,9,m,2018-08-01,16.56441
실리프팅,9,m,2018-09-01,22.23926
실리프팅,9,m,2018-10-01,16.25766
실리프팅,9,m,2018-11-01,15.79754
실리프팅,9,m,2018-12-01,16.41104
실리프팅,9,m,2019-01-01,28.5276
실리프팅,9,m,2019-02-01,14.8773
실리프팅,9,m,2019-03-01,24.23312
실리프팅,9,m,2019-04-01,18.86503
실리프팅,9,m,2019-05-01,14.11042
실리프팅,9,m,2019-06-01,15.79754
실리프팅,9,m,2019-07-01,13.80368
실리프팅,9,m,2019-08-01,15.64417
실리프팅,9,m,2019-09-01,14.8773
실리프팅,9,m,2019-10-01,19.17177
실리프팅,9,m,2019-11-01,17.02453
실리프팅,9,m,2019-12-01,19.47852
실리프팅,9,m,2020-01-01,14.72392
실리프팅,9,m,2020-02-01,15.79754
실리프팅,9,m,2020-03-01,16.56441
실리프팅,9,m,2020-04-01,16.87116
실리프팅,9,m,2020-05-01,15.79754
실리프팅,9,m,2020-06-01,14.41717
실리프팅,9,m,2020-07-01,13.49693
실리프팅,9,m,2020-08-01,15.03067
실리프팅,9,m,2020-09-01,10.12269
실리프팅,9,m,2020-10-01,10.42944
실리프팅,9,m,2020-11-01,8.12883
실리프팅,9,m,2020-12-01,10.42944
실리프팅,9,m,2021-01-01,16.71779
실리프팅,9,m,2021-02-01,16.56441
실리프팅,9,m,2021-03-01,15.79754
실리프팅,9,m,2021-04-01,11.34969
실리프팅,9,m,2021-05-01,11.19631
실리프팅,9,m,2021-06-01,11.65644
실리프팅,9,m,2021-07-01,8.74233
실리프팅,9,m,2021-08-01,7.82208
실리프팅,9,m,2021-09-01,10.27607
실리프팅,9,m,2021-10-01,14.11042
실리프팅,9,m,2021-11-01,11.34969
실리프팅,9,m,2021-12-01,12.73006
실리프팅,9,m,2022-01-01,18.4049
실리프팅,9,m,2022-02-01,9.04907
실리프팅,9,m,2022-03-01,11.96319
실리프팅,9,m,2022-04-01,16.25766
실리프팅,9,m,2022-05-01,20.24539
실리프팅,9,m,2022-06-01,21.62576
실리프팅,9,m,2022-07-01,24.23312
실리프팅,9,m,2022-08-01,16.87116
실리프팅,9,m,2022-09-01,13.34355
실리프팅,9,m,2022-10-01,23.31288
실리프팅,9,m,2022-11-01,26.68711
실리프팅,9,m,2022-12-01,33.12883
실리프팅,9,m,2023-01-01,31.90184
실리프팅,9,m,2023-02-01,30.52147
실리프팅,9,m,2023-03-01,36.65644
실리프팅,9,m,2023-04-01,29.44785
실리프팅,9,m,2023-05-01,28.5276
실리프팅,9,m,2023-06-01,35.12269
실리프팅,9,m,2023-07-01,31.28834
실리프팅,9,m,2023-08-01,31.74846
실리프팅,9,m,2023-09-01,22.39263
실리프팅,9,m,2023-10-01,24.3865
실리프팅,9,m,2023-11-01,25.76687
실리프팅,9,m,2023-12-01,26.53374
실리프팅,9,m,2024-01-01,27.76073
실리프팅,9,m,2024-02-01,34.81595
실리프팅,9,m,2024-03-01,41.41104
실리프팅,9,m,2024-04-01,36.80981
실리프팅,9,m,2024-05-01,30.06134
실리프팅,9,m,2024-06-01,30.82822
실리프팅,9,m,2024-07-01,31.90184
실리프팅,9,m,2024-08-01,29.7546
실리프팅,9,m,2024-09-01,33.12883
실리프팅,9,m,2024-10-01,32.97546
실리프팅,9,m,2024-11-01,32.36196
실리프팅,9,m,2024-12-01,30.21472
실리프팅,9,m,2025-01-01,46.16564
실리프팅,9,m,2025-02-01,32.20858
실리프팅,9,m,2025-03-01,38.0368
실리프팅,9,m,2025-04-01,37.57668
실리프팅,9,m,2025-05-01,31.44171
실리프팅,9,m,2025-06-01,31.28834
실리프팅,9,m,2025-07-01,28.5276
실리프팅,9,m,2025-08-01,28.06748
실리프팅,9,m,2025-09-01,22.69938
실리프팅,9,m,2025-10-01,51.22699
실리프팅,9,m,2025-11-01,35.58282
실리프팅,9,m,2025-12-01,35.42944
실리프팅,10,all,2016-01-01,12.56436
실리프팅,10,all,2016-02-01,10.81359
실리프팅,10,all,2016-03-01,7.26055
실리프팅,10,all,2016-04-01,9.2173
실리프팅,10,all,2016-05-01,16.58084
실리프팅,10,all,2016-06-01,32.74974
실리프팅,10,all,2016-07-01,54.84037
실리프팅,10,all,2016-08-01,43.15139
실리프팅,10,all,2016-09-01,20.80329
실리프팅,10,all,2016-10-01,22.14212
실리프팅,10,all,2016-11-01,21.73017
실리프팅,10,all,2016-12-01,59.78372
실리프팅,10,all,2017-01-01,19.10401
실리프팅,10,all,2017-02-01,17.61071
실리프팅,10,all,2017-03-01,18.84654
실리프팅,10,all,2017-04-01,14.31513
실리프팅,10,all,2017-05-01,12.15242
실리프팅,10,all,2017-06-01,10.29866
실리프팅,10,all,2017-07-01,8.90834
실리프팅,10,all,2017-08-01,10.50463
실리프팅,10,all,2017-09-01,10.14418
실리프팅,10,all,2017-10-01,12.66735
실리프팅,10,all,2017-11-01,14.5726
실리프팅,10,all,2017-12-01,13.64572
실리프팅,10,all,2018-01-01,14.36663
실리프팅,10,all,2018-02-01,13.43975
실리프팅,10,all,2018-03-01,14.26364
실리프팅,10,all,2018-04-01,13.74871
실리프팅,10,all,2018-05-01,15.03604
실리프팅,10,all,2018-06-01,10.81359
실리프팅,10,all,2018-07-01,12.66735
실리프팅,10,all,2018-08-01,11.74047
실리프팅,10,all,2018-09-01,19.72193
실리프팅,10,all,2018-10-01,24.81977
실리프팅,10,all,2018-11-01,23.12049
실리프팅,10,all,2018-12-01,21.78166
실리프팅,10,all,2019-01-01,37.69309
실리프팅,10,all,2019-02-01,33.36766
실리프팅,10,all,2019-03-01,31.41091
실리프팅,10,all,2019-04-01,26.31307
실리프팅,10,all,2019-05-01,21.42121
실리프팅,10,all,2019-06-01,21.93614
실리프팅,10,all,2019-07-01,18.48609
실리프팅,10,all,2019-08-01,18.58908
실리프팅,10,all,2019-09-01,18.33161
실리프팅,10,all,2019-10-01,23.53244
실리프팅,10,all,2019-11-01,33.52214
실리프팅,10,all,2019-12-01,43.61483
실리프팅,10,all,2020-01-01,26.46755
실리프팅,10,all,2020-02-01,16.01441
실리프팅,10,all,2020-03-01,13.69721
실리프팅,10,all,2020-04-01,14.98455
실리프팅,10,all,2020-05-01,15.08753
실리프팅,10,all,2020-06-01,9.37178
실리프팅,10,all,2020-07-01,12.3069
실리프팅,10,all,2020-08-01,11.483
실리프팅,10,all,2020-09-01,10.86508
실리프팅,10,all,2020-10-01,15.13903
실리프팅,10,all,2020-11-01,10.29866
실리프팅,10,all,2020-12-01,11.84346
실리프팅,10,all,2021-01-01,16.06591
실리프팅,10,all,2021-02-01,14.77857
실리프팅,10,all,2021-03-01,13.74871
실리프팅,10,all,2021-04-01,11.12255
실리프팅,10,all,2021-05-01,10.91658
실리프팅,10,all,2021-06-01,10.7106
실리프팅,10,all,2021-07-01,10.96807
실리프팅,10,all,2021-08-01,11.01956
실리프팅,10,all,2021-09-01,9.2173
실리프팅,10,all,2021-10-01,12.77033
실리프팅,10,all,2021-11-01,16.1174
실리프팅,10,all,2021-12-01,13.64572
실리프팅,10,all,2022-01-01,19.9279
실리프팅,10,all,2022-02-01,20.39134
실리프팅,10,all,2022-03-01,20.49433
실리프팅,10,all,2022-04-01,15.60247
실리프팅,10,all,2022-05-01,17.71369
실리프팅,10,all,2022-06-01,23.42945
실리프팅,10,all,2022-07-01,20.7518
실리프팅,10,all,2022-08-01,20.08238
실리프팅,10,all,2022-09-01,19.10401
실리프팅,10,all,2022-10-01,39.80432
실리프팅,10,all,2022-11-01,42.99691
실리프팅,10,all,2022-12-01,44.23274
실리프팅,10,all,2023-01-01,61.22554
실리프팅,10,all,2023-02-01,73.22348
실리프팅,10,all,2023-03-01,71.11225
실리프팅,10,all,2023-04-01,57.31204
실리프팅,10,all,2023-05-01,52.57466
실리프팅,10,all,2023-06-01,47.73429
실리프팅,10,all,2023-07-01,49.2276
실리프팅,10,all,2023-08-01,44.33573
실리프팅,10,all,2023-09-01,52.2657
실리프팅,10,all,2023-10-01,49.89701
실리프팅,10,all,2023-11-01,59.9897
실리프팅,10,all,2023-12-01,58.34191
실리프팅,10,all,2024-01-01,73.42945
실리프팅,10,all,2024-02-01,62.61585
실리프팅,10,all,2024-03-01,68.07415
실리프팅,10,all,2024-04-01,57.98146
실리프팅,10,all,2024-05-01,49.48506
실리프팅,10,all,2024-06-01,47.6828
실리프팅,10,all,2024-07-01,52.21421
실리프팅,10,all,2024-08-01,59.68074
실리프팅,10,all,2024-09-01,53.65602
실리프팅,10,all,2024-10-01,70.33985
실리프팅,10,all,2024-11-01,67.61071
실리프팅,10,all,2024-12-01,71.62718
실리프팅,10,all,2025-01-01,100.0
실리프팅,10,all,2025-02-01,80.07209
실리프팅,10,all,2025-03-01,77.6519
실리프팅,10,all,2025-04-01,64.41812
실리프팅,10,all,2025-05-01,60.96807
실리프팅,10,all,2025-06-01,45.57157
실리프팅,10,all,2025-07-01,44.12976
실리프팅,10,all,2025-08-01,49.27909
실리프팅,10,all,2025-09-01,54.06797
실리프팅,10,all,2025-10-01,93.51184
실리프팅,10,all,2025-11-01,77.70339
실리프팅,10,all,2025-12-01,72.91452
실리프팅,10,f,2016-01-01,6.10169
실리프팅,10,f,2016-02-01,9.32203
실리프팅,10,f,2016-03-01,5.76271
실리프팅,10,f,2016-04-01,6.83615
실리프팅,10,f,2016-05-01,12.82485
실리프팅,10,f,2016-06-01,34.01129
실리프팅,10,f,2016-07-01,56.77966
실리프팅,10,f,2016-08-01,44.63276
실리프팅,10,f,2016-09-01,19.77401
실리프팅,10,f,2016-10-01,21.35593
실리프팅,10,f,2016-11-01,19.26553
실리프팅,10,f,2016-12-01,40.0
실리프팅,10,f,2017-01-01,15.19774
실리프팅,10,f,2017-02-01,15.14124
실리프팅,10,f,2017-03-01,15.8192
실리프팅,10,f,2017-04-01,12.48587
실리프팅,10,f,2017-05-01,10.67796
실리프팅,10,f,2017-06-01,9.03954
실리프팅,10,f,2017-07-01,7.57062
실리프팅,10,f,2017-08-01,8.92655
실리프팅,10,f,2017-09-01,9.09604
실리프팅,10,f,2017-10-01,10.16949
실리프팅,10,f,2017-11-01,11.9209
실리프팅,10,f,2017-12-01,10.90395
실리프팅,10,f,2018-01-01,11.8644
실리프팅,10,f,2018-02-01,12.09039
실리프팅,10,f,2018-03-01,12.42937
실리프팅,10,f,2018-04-01,11.35593
실리프팅,10,f,2018-05-01,13.27683
실리프팅,10,f,2018-06-01,9.20903
실리프팅,10,f,2018-07-01,10.16949
실리프팅,10,f,2018-08-01,11.07344
실리프팅,10,f,2018-09-01,13.05084
실리프팅,10,f,2018-10-01,16.32768
실리프팅,10,f,2018-11-01,16.83615
실리프팅,10,f,2018-12-01,15.53672
실리프팅,10,f,2019-01-01,31.8644
실리프팅,10,f,2019-02-01,26.10169
실리프팅,10,f,2019-03-01,24.63276
실리프팅,10,f,2019-04-01,21.18644
실리프팅,10,f,2019-05-01,16.38418
실리프팅,10,f,2019-06-01,17.62711
실리프팅,10,f,2019-07-01,16.55367
실리프팅,10,f,2019-08-01,15.53672
실리프팅,10,f,2019-09-01,15.70621
실리프팅,10,f,2019-10-01,21.12994
실리프팅,10,f,2019-11-01,30.22598
실리프팅,10,f,2019-12-01,38.02259
실리프팅,10,f,2020-01-01,23.61581
실리프팅,10,f,2020-02-01,13.9548
실리프팅,10,f,2020-03-01,13.16384
실리프팅,10,f,2020-04-01,12.65536
실리프팅,10,f,2020-05-01,13.38983
실리프팅,10,f,2020-06-01,8.02259
실리프팅,10,f,2020-07-01,9.37853
실리프팅,10,f,2020-08-01,9.32203
실리프팅,10,f,2020-09-01,10.22598
실리프팅,10,f,2020-10-01,14.57627
실리프팅,10,f,2020-11-01,8.24858
실리프팅,10,f,2020-12-01,9.15254
실리프팅,10,f,2021-01-01,14.80225
실리프팅,10,f,2021-02-01,14.35028
실리프팅,10,f,2021-03-01,12.54237
실리프팅,10,f,2021-04-01,9.43502
실리프팅,10,f,2021-05-01,9.49152
실리프팅,10,f,2021-06-01,10.45197
실리프팅,10,f,2021-07-01,10.22598
실리프팅,10,f,2021-08-01,9.71751
실리프팅,10,f,2021-09-01,8.19209
실리프팅,10,f,2021-10-01,12.71186
실리프팅,10,f,2021-11-01,15.36723
실리프팅,10,f,2021-12-01,12.14689
실리프팅,10,f,2022-01-01,19.26553
실리프팅,10,f,2022-02-01,19.60451
실리프팅,10,f,2022-03-01,18.81355
실리프팅,10,f,2022-04-01,14.74576
실리프팅,10,f,2022-05-01,16.38418
실리프팅,10,f,2022-06-01,20.84745
실리프팅,10,f,2022-07-01,18.30508
실리프팅,10,f,2022-08-01,18.47457
실리프팅,10,f,2022-09-01,17.51412
실리프팅,10,f,2022-10-01,38.64406
실리프팅,10,f,2022-11-01,42.71186
실리프팅,10,f,2022-12-01,41.9209
실리프팅,10,f,2023-01-01,60.50847
실리프팅,10,f,2023-02-01,69.15254
실리프팅,10,f,2023-03-01,69.77401
실리프팅,10,f,2023-04-01,54.63276
실리프팅,10,f,2023-05-01,51.35593
실리프팅,10,f,2023-06-01,45.36723
실리프팅,10,f,2023-07-01,47.23163
실리프팅,10,f,2023-08-01,41.35593
실리프팅,10,f,2023-09-01,51.46892
실리프팅,10,f,2023-10-01,48.19209
실리프팅,10,f,2023-11-01,53.61581
실리프팅,10,f,2023-12-01,56.55367
실리프팅,10,f,2024-01-01,69.49152
실리프팅,10,f,2024-02-01,60.96045
실리프팅,10,f,2024-03-01,66.61016
실리프팅,10,f,2024-04-01,56.83615
실리프팅,10,f,2024-05-01,47.40112
실리프팅,10,f,2024-06-01,43.27683
실리프팅,10,f,2024-07-01,47.62711
실리프팅,10,f,2024-08-01,56.94915
실리프팅,10,f,2024-09-01,52.48587
실리프팅,10,f,2024-10-01,68.70056
실리프팅,10,f,2024-11-01,66.44067
실리프팅,10,f,2024-12-01,70.79096
실리프팅,10,f,2025-01-01,100.0
실리프팅,10,f,2025-02-01,80.96045
실리프팅,10,f,2025-03-01,77.8531
실리프팅,10,f,2025-04-01,61.9209
실리프팅,10,f,2025-05-01,56.66666
실리프팅,10,f,2025-06-01,41.75141
실리프팅,10,f,2025-07-01,40.79096
실리프팅,10,f,2025-08-01,45.36723
실리프팅,10,f,2025-09-01,52.42937
실리프팅,10,f,2025-10-01,91.07344
실리프팅,10,f,2025-11-01,75.59322
실리프팅,10,f,2025-12-01,70.56497
실리프팅,10,m,2016-01-01,30.02207
실리프팅,10,m,2016-02-01,9.93377
실리프팅,10,m,2016-03-01,8.60927
실리프팅,10,m,2016-04-01,12.80353
실리프팅,10,m,2016-05-01,20.9713
실리프팅,10,m,2016-06-01,7.50551
실리프팅,10,m,2016-07-01,13.24503
실리프팅,10,m,2016-08-01,10.59602
실리프팅,10,m,2016-09-01,11.92052
실리프팅,10,m,2016-10-01,11.47902
실리프팅,10,m,2016-11-01,17.88079
실리프팅,10,m,2016-12-01,100.0
실리프팅,10,m,2017-01-01,22.51655
실리프팅,10,m,2017-02-01,16.33554
실리프팅,10,m,2017-03-01,18.98454
실리프팅,10,m,2017-04-01,12.58278
실리프팅,10,m,2017-05-01,10.37527
실리프팅,10,m,2017-06-01,8.83002
실리프팅,10,m,2017-07-01,8.60927
실리프팅,10,m,2017-08-01,10.15452
실리프팅,10,m,2017-09-01,7.94701
실리프팅,10,m,2017-10-01,14.56953
실리프팅,10,m,2017-11-01,15.89403
실리프팅,10,m,2017-12-01,15.89403
실리프팅,10,m,2018-01-01,15.23178
실리프팅,10,m,2018-02-01,10.37527
실리프팅,10,m,2018-03-01,12.58278
실리프팅,10,m,2018-04-01,14.56953
실리프팅,10,m,2018-05-01,12.58278
실리프팅,10,m,2018-06-01,10.37527
실리프팅,10,m,2018-07-01,14.56953
실리프팅,10,m,2018-08-01,7.06401
실리프팅,10,m,2018-09-01,33.55408
실리프팅,10,m,2018-10-01,42.60485
실리프팅,10,m,2018-11-01,33.33333
실리프팅,10,m,2018-12-01,32.67108
실리프팅,10,m,2019-01-01,37.08609
실리프팅,10,m,2019-02-01,41.0596
실리프팅,10,m,2019-03-01,38.41059
실리프팅,10,m,2019-04-01,30.02207
실리프팅,10,m,2019-05-01,27.81456
실리프팅,10,m,2019-06-01,25.16556
실리프팅,10,m,2019-07-01,14.56953
실리프팅,10,m,2019-08-01,18.98454
실리프팅,10,m,2019-09-01,17.21854
실리프팅,10,m,2019-10-01,18.32229
실리프팅,10,m,2019-11-01,25.60706
실리프팅,10,m,2019-12-01,38.41059
실리프팅,10,m,2020-01-01,21.19205
실리프팅,10,m,2020-02-01,14.12803
실리프팅,10,m,2020-03-01,7.28476
실리프팅,10,m,2020-04-01,14.79028
실리프팅,10,m,2020-05-01,12.36203
실리프팅,10,m,2020-06-01,8.83002
실리프팅,10,m,2020-07-01,16.11479
실리프팅,10,m,2020-08-01,12.80353
실리프팅,10,m,2020-09-01,6.62251
실리프팅,10,m,2020-10-01,7.94701
실리프팅,10,m,2020-11-01,11.92052
실리프팅,10,m,2020-12-01,15.01103
실리프팅,10,m,2021-01-01,11.03752
실리프팅,10,m,2021-02-01,7.28476
실리프팅,10,m,2021-03-01,9.93377
실리프팅,10,m,2021-04-01,10.81677
실리프팅,10,m,2021-05-01,9.71302
실리프팅,10,m,2021-06-01,5.07726
실리프팅,10,m,2021-07-01,7.06401
실리프팅,10,m,2021-08-01,9.27152
실리프팅,10,m,2021-09-01,7.50551
실리프팅,10,m,2021-10-01,5.07726
실리프팅,10,m,2021-11-01,9.05077
실리프팅,10,m,2021-12-01,11.03752
실리프팅,10,m,2022-01-01,10.15452
실리프팅,10,m,2022-02-01,10.81677
실리프팅,10,m,2022-03-01,14.34878
실리프팅,10,m,2022-04-01,9.27152
실리프팅,10,m,2022-05-01,11.92052
실리프팅,10,m,2022-06-01,18.98454
실리프팅,10,m,2022-07-01,17.43929
실리프팅,10,m,2022-08-01,13.90728
실리프팅,10,m,2022-09-01,13.46578
실리프팅,10,m,2022-10-01,19.64679
실리프팅,10,m,2022-11-01,17.43929
실리프팅,10,m,2022-12-01,25.82781
실리프팅,10,m,2023-01-01,26.04856
실리프팅,10,m,2023-02-01,43.7086
실리프팅,10,m,2023-03-01,32.22958
실리프팅,10,m,2023-04-01,32.22958
실리프팅,10,m,2023-05-01,24.72406
실리프팅,10,m,2023-06-01,27.37306
실리프팅,10,m,2023-07-01,26.49006
실리프팅,10,m,2023-08-01,28.47682
실리프팅,10,m,2023-09-01,22.95805
실리프팅,10,m,2023-10-01,25.60706
실리프팅,10,m,2023-11-01,47.68211
실리프팅,10,m,2023-12-01,29.13907
실리프팅,10,m,2024-01-01,43.2671
실리프팅,10,m,2024-02-01,30.24282
실리프팅,10,m,2024-03-01,31.56732
실리프팅,10,m,2024-04-01,26.49006
실리프팅,10,m,2024-05-01,26.93156
실리프팅,10,m,2024-06-01,35.32008
실리프팅,10,m,2024-07-01,37.74834
실리프팅,10,m,2024-08-01,33.33333
실리프팅,10,m,2024-09-01,24.94481
실리프팅,10,m,2024-10-01,33.11258
실리프팅,10,m,2024-11-01,30.24282
실리프팅,10,m,2024-12-01,30.46357
실리프팅,10,m,2025-01-01,37.96909
실리프팅,10,m,2025-02-01,26.93156
실리프팅,10,m,2025-03-01,28.69757
실리프팅,10,m,2025-04-01,34.21633
실리프팅,10,m,2025-05-01,39.95584
실리프팅,10,m,2025-06-01,32.22958
실리프팅,10,m,2025-07-01,29.80132
실리프팅,10,m,2025-08-01,33.99558
실리프팅,10,m,2025-09-01,26.93156
실리프팅,10,m,2025-10-01,45.03311
실리프팅,10,m,2025-11-01,37.74834
실리프팅,10,m,2025-12-01,36.86534
실리프팅,11,all,2016-01-01,18.13393
실리프팅,11,all,2016-02-01,13.61926
실리프팅,11,all,2016-03-01,53.57411
실리프팅,11,all,2016-04-01,12.11437
실리프팅,11,all,2016-05-01,31.30173
실리프팅,11,all,2016-06-01,55.00376
실리프팅,11,all,2016-07-01,100.0
실리프팅,11,all,2016-08-01,84.27389
실리프팅,11,all,2016-09-01,30.39879
실리프팅,11,all,2016-10-01,36.56884
실리프팅,11,all,2016-11-01,36.56884
실리프팅,11,all,2016-12-01,61.09857
실리프팅,11,all,2017-01-01,21.14371
실리프팅,11,all,2017-02-01,16.70428
실리프팅,11,all,2017-03-01,15.19939
실리프팅,11,all,2017-04-01,15.0489
실리프팅,11,all,2017-05-01,13.46877
실리프팅,11,all,2017-06-01,13.39352
실리프팅,11,all,2017-07-01,12.11437
실리프팅,11,all,2017-08-01,10.38374
실리프팅,11,all,2017-09-01,12.86681
실리프팅,11,all,2017-10-01,11.51241
실리프팅,11,all,2017-11-01,14.97366
실리프팅,11,all,2017-12-01,14.29646
실리프팅,11,all,2018-01-01,16.85477
실리프팅,11,all,2018-02-01,15.65086
실리프팅,11,all,2018-03-01,16.17757
실리프팅,11,all,2018-04-01,19.71407
실리프팅,11,all,2018-05-01,15.7261
실리프팅,11,all,2018-06-01,17.30624
실리프팅,11,all,2018-07-01,14.67268
실리프팅,11,all,2018-08-01,16.77953
실리프팅,11,all,2018-09-01,15.42513
실리프팅,11,all,2018-10-01,18.51015
실리프팅,11,all,2018-11-01,18.28442
실리프팅,11,all,2018-12-01,20.24078
실리프팅,11,all,2019-01-01,35.1392
실리프팅,11,all,2019-02-01,24.52972
실리프팅,11,all,2019-03-01,27.38901
실리프팅,11,all,2019-04-01,24.83069
실리프팅,11,all,2019-05-01,27.68999
실리프팅,11,all,2019-06-01,19.56358
실리프팅,11,all,2019-07-01,21.36945
실리프팅,11,all,2019-08-01,21.9714
실리프팅,11,all,2019-09-01,19.33784
실리프팅,11,all,2019-10-01,26.03461
실리프팅,11,all,2019-11-01,24.003
실리프팅,11,all,2019-12-01,32.05417
실리프팅,11,all,2020-01-01,27.46425
실리프팅,11,all,2020-02-01,14.74793
실리프팅,11,all,2020-03-01,17.38148
실리프팅,11,all,2020-04-01,18.51015
실리프팅,11,all,2020-05-01,16.85477
실리프팅,11,all,2020-06-01,11.28668
실리프팅,11,all,2020-07-01,14.97366
실리프팅,11,all,2020-08-01,13.24303
실리프팅,11,all,2020-09-01,10.38374
실리프팅,11,all,2020-10-01,13.92024
실리프팅,11,all,2020-11-01,10.53423
실리프팅,11,all,2020-12-01,11.21143
실리프팅,11,all,2021-01-01,19.63882
실리프팅,11,all,2021-02-01,17.98344
실리프팅,11,all,2021-03-01,17.68246
실리프팅,11,all,2021-04-01,14.44695
실리프팅,11,all,2021-05-01,15.34988
실리프팅,11,all,2021-06-01,11.58765
실리프팅,11,all,2021-07-01,10.08276
실리프팅,11,all,2021-08-01,13.16779
실리프팅,11,all,2021-09-01,10.3085
실리프팅,11,all,2021-10-01,15.27464
실리프팅,11,all,2021-11-01,14.59744
실리프팅,11,all,2021-12-01,18.66064
실리프팅,11,all,2022-01-01,22.94958
실리프팅,11,all,2022-02-01,16.25282
실리프팅,11,all,2022-03-01,19.2626
실리프팅,11,all,2022-04-01,19.41309
실리프팅,11,all,2022-05-01,22.19714
실리프팅,11,all,2022-06-01,27.61474
실리프팅,11,all,2022-07-01,30.17306
실리프팅,11,all,2022-08-01,19.03686
실리프팅,11,all,2022-09-01,20.617
실리프팅,11,all,2022-10-01,40.78254
실리프팅,11,all,2022-11-01,44.01805
실리프팅,11,all,2022-12-01,46.27539
실리프팅,11,all,2023-01-01,59.59367
실리프팅,11,all,2023-02-01,78.78103
실리프팅,11,all,2023-03-01,68.17155
실리프팅,11,all,2023-04-01,59.14221
실리프팅,11,all,2023-05-01,55.7562
실리프팅,11,all,2023-06-01,45.52294
실리프팅,11,all,2023-07-01,52.29495
실리프팅,11,all,2023-08-01,51.91873
실리프팅,11,all,2023-09-01,47.4793
실리프팅,11,all,2023-10-01,55.15425
실리프팅,11,all,2023-11-01,57.78781
실리프팅,11,all,2023-12-01,56.50865
실리프팅,11,all,2024-01-01,68.69826
실리프팅,11,all,2024-02-01,62.37772
실리프팅,11,all,2024-03-01,65.3875
실리프팅,11,all,2024-04-01,66.06471
실리프팅,11,all,2024-05-01,56.35816
실리프팅,11,all,2024-06-01,48.23175
실리프팅,11,all,2024-07-01,54.4018
실리프팅,11,all,2024-08-01,54.32656
실리프팅,11,all,2024-09-01,61.70052
실리프팅,11,all,2024-10-01,80.13544
실리프팅,11,all,2024-11-01,75.77125
실리프팅,11,all,2024-12-01,82.76899
실리프팅,11,all,2025-01-01,98.4951
실리프팅,11,all,2025-02-01,79.68397
실리프팅,11,all,2025-03-01,84.1234
실리프팅,11,all,2025-04-01,70.72987
실리프팅,11,all,2025-05-01,63.3559
실리프팅,11,all,2025-06-01,56.05718
실리프팅,11,all,2025-07-01,52.29495
실리프팅,11,all,2025-08-01,55.68096
실리프팅,11,all,2025-09-01,59.2927
실리프팅,11,all,2025-10-01,95.33483
실리프팅,11,all,2025-11-01,80.13544
실리프팅,11,all,2025-12-01,77.50188
실리프팅,11,f,2016-01-01,10.99624
실리프팅,11,f,2016-02-01,10.6203
실리프팅,11,f,2016-03-01,59.9624
실리프팅,11,f,2016-04-01,7.80075
실리프팅,11,f,2016-05-01,23.02631
실리프팅,11,f,2016-06-01,44.92481
실리프팅,11,f,2016-07-01,82.14285
실리프팅,11,f,2016-08-01,74.3421
실리프팅,11,f,2016-09-01,23.40225
실리프팅,11,f,2016-10-01,30.16917
실리프팅,11,f,2016-11-01,30.54511
실리프팅,11,f,2016-12-01,42.19924
실리프팅,11,f,2017-01-01,16.35338
실리프팅,11,f,2017-02-01,13.7218
실리프팅,11,f,2017-03-01,13.53383
실리프팅,11,f,2017-04-01,12.12406
실리프팅,11,f,2017-05-01,12.5
실리프팅,11,f,2017-06-01,11.8421
실리프팅,11,f,2017-07-01,10.52631
실리프팅,11,f,2017-08-01,10.24436
실리프팅,11,f,2017-09-01,10.90225
실리프팅,11,f,2017-10-01,11.09022
실리프팅,11,f,2017-11-01,13.43984
실리프팅,11,f,2017-12-01,11.65413
실리프팅,11,f,2018-01-01,14.00375
실리프팅,11,f,2018-02-01,14.66165
실리프팅,11,f,2018-03-01,13.43984
실리프팅,11,f,2018-04-01,14.56766
실리프팅,11,f,2018-05-01,12.96992
실리프팅,11,f,2018-06-01,15.03759
실리프팅,11,f,2018-07-01,12.96992
실리프팅,11,f,2018-08-01,14.56766
실리프팅,11,f,2018-09-01,13.7218
실리프팅,11,f,2018-10-01,16.16541
실리프팅,11,f,2018-11-01,17.76315
실리프팅,11,f,2018-12-01,18.04511
실리프팅,11,f,2019-01-01,34.02255
실리프팅,11,f,2019-02-01,23.1203
실리프팅,11,f,2019-03-01,25.46992
실리프팅,11,f,2019-04-01,21.52255
실리프팅,11,f,2019-05-01,27.16165
실리프팅,11,f,2019-06-01,18.79699
실리프팅,11,f,2019-07-01,19.3609
실리프팅,11,f,2019-08-01,20.95864
실리프팅,11,f,2019-09-01,17.10526
실리프팅,11,f,2019-10-01,23.68421
실리프팅,11,f,2019-11-01,20.48872
실리프팅,11,f,2019-12-01,32.51879
실리프팅,11,f,2020-01-01,23.96616
실리프팅,11,f,2020-02-01,13.43984
실리프팅,11,f,2020-03-01,13.62781
실리프팅,11,f,2020-04-01,16.8233
실리프팅,11,f,2020-05-01,16.72932
실리프팅,11,f,2020-06-01,9.77443
실리프팅,11,f,2020-07-01,10.52631
실리프팅,11,f,2020-08-01,12.21804
실리프팅,11,f,2020-09-01,10.33834
실리프팅,11,f,2020-10-01,14.19172
실리프팅,11,f,2020-11-01,9.58646
실리프팅,11,f,2020-12-01,9.9624
실리프팅,11,f,2021-01-01,18.13909
실리프팅,11,f,2021-02-01,17.01127
실리프팅,11,f,2021-03-01,16.8233
실리프팅,11,f,2021-04-01,15.41353
실리프팅,11,f,2021-05-01,13.62781
실리프팅,11,f,2021-06-01,10.33834
실리프팅,11,f,2021-07-01,10.24436
실리프팅,11,f,2021-08-01,12.21804
실리프팅,11,f,2021-09-01,10.24436
실리프팅,11,f,2021-10-01,14.56766
실리프팅,11,f,2021-11-01,14.37969
실리프팅,11,f,2021-12-01,18.32706
실리프팅,11,f,2022-01-01,21.52255
실리프팅,11,f,2022-02-01,15.97744
실리프팅,11,f,2022-03-01,19.64285
실리프팅,11,f,2022-04-01,18.60902
실리프팅,11,f,2022-05-01,21.61654
실리프팅,11,f,2022-06-01,23.77819
실리프팅,11,f,2022-07-01,28.85338
실리프팅,11,f,2022-08-01,18.89097
실리프팅,11,f,2022-09-01,19.92481
실리프팅,11,f,2022-10-01,41.91729
실리프팅,11,f,2022-11-01,47.4624
실리프팅,11,f,2022-12-01,48.96616
실리프팅,11,f,2023-01-01,67.29323
실리프팅,11,f,2023-02-01,88.53383
실리프팅,11,f,2023-03-01,73.77819
실리프팅,11,f,2023-04-01,60.52631
실리프팅,11,f,2023-05-01,55.35714
실리프팅,11,f,2023-06-01,47.08646
실리프팅,11,f,2023-07-01,55.45112
실리프팅,11,f,2023-08-01,54.79323
실리프팅,11,f,2023-09-01,50.93984
실리프팅,11,f,2023-10-01,57.61278
실리프팅,11,f,2023-11-01,62.40601
실리프팅,11,f,2023-12-01,59.9624
실리프팅,11,f,2024-01-01,74.90601
실리프팅,11,f,2024-02-01,66.07142
실리프팅,11,f,2024-03-01,70.77067
실리프팅,11,f,2024-04-01,70.39473
실리프팅,11,f,2024-05-01,58.83458
실리프팅,11,f,2024-06-01,49.3421
실리프팅,11,f,2024-07-01,57.04887
실리프팅,11,f,2024-08-01,58.55263
실리프팅,11,f,2024-09-01,60.6203
실리프팅,11,f,2024-10-01,81.8609
실리프팅,11,f,2024-11-01,75.75187
실리프팅,11,f,2024-12-01,84.58646
실리프팅,11,f,2025-01-01,100.0
실리프팅,11,f,2025-02-01,83.45864
실리프팅,11,f,2025-03-01,88.81578
실리프팅,11,f,2025-04-01,72.55639
실리프팅,11,f,2025-05-01,65.50751
실리프팅,11,f,2025-06-01,54.04135
실리프팅,11,f,2025-07-01,51.40977
실리프팅,11,f,2025-08-01,57.80075
실리프팅,11,f,2025-09-01,62.21804
실리프팅,11,f,2025-10-01,99.06015
실리프팅,11,f,2025-11-01,83.27067
실리프팅,11,f,2025-12-01,78.75939
실리프팅,11,m,2016-01-01,27.25274
실리프팅,11,m,2016-02-01,14.94505
실리프팅,11,m,2016-03-01,16.26373
실리프팅,11,m,2016-04-01,17.14285
실리프팅,11,m,2016-05-01,37.58241
실리프팅,11,m,2016-06-01,55.60439
실리프팅,11,m,2016-07-01,100.0
실리프팅,11,m,2016-08-01,72.30769
실리프팅,11,m,2016-09-01,34.06593
실리프팅,11,m,2016-10-01,36.26373
실리프팅,11,m,2016-11-01,35.38461
실리프팅,11,m,2016-12-01,79.78021
실리프팅,11,m,2017-01-01,23.51648
실리프팅,11,m,2017-02-01,16.70329
실리프팅,11,m,2017-03-01,12.74725
실리프팅,11,m,2017-04-01,15.60439
실리프팅,11,m,2017-05-01,10.10989
실리프팅,11,m,2017-06-01,11.42857
실리프팅,11,m,2017-07-01,10.76923
실리프팅,11,m,2017-08-01,6.37362
실리프팅,11,m,2017-09-01,12.08791
실리프팅,11,m,2017-10-01,7.6923
실리프팅,11,m,2017-11-01,12.30769
실리프팅,11,m,2017-12-01,14.50549
실리프팅,11,m,2018-01-01,16.48351
실리프팅,11,m,2018-02-01,11.42857
실리프팅,11,m,2018-03-01,15.82417
실리프팅,11,m,2018-04-01,23.51648
실리프팅,11,m,2018-05-01,15.60439
실리프팅,11,m,2018-06-01,15.38461
실리프팅,11,m,2018-07-01,12.52747
실리프팅,11,m,2018-08-01,14.94505
실리프팅,11,m,2018-09-01,12.96703
실리프팅,11,m,2018-10-01,16.26373
실리프팅,11,m,2018-11-01,11.86813
실리프팅,11,m,2018-12-01,16.92307
실리프팅,11,m,2019-01-01,23.07692
실리프팅,11,m,2019-02-01,17.58241
실리프팅,11,m,2019-03-01,20.43956
실리프팅,11,m,2019-04-01,22.1978
실리프팅,11,m,2019-05-01,17.36263
실리프팅,11,m,2019-06-01,13.18681
실리프팅,11,m,2019-07-01,17.14285
실리프팅,11,m,2019-08-01,15.16483
실리프팅,11,m,2019-09-01,16.48351
실리프팅,11,m,2019-10-01,20.65934
실리프팅,11,m,2019-11-01,22.1978
실리프팅,11,m,2019-12-01,17.58241
실리프팅,11,m,2020-01-01,24.17582
실리프팅,11,m,2020-02-01,11.64835
실리프팅,11,m,2020-03-01,18.90109
실리프팅,11,m,2020-04-01,14.72527
실리프팅,11,m,2020-05-01,10.10989
실리프팅,11,m,2020-06-01,10.10989
실리프팅,11,m,2020-07-01,19.12087
실리프팅,11,m,2020-08-01,10.10989
실리프팅,11,m,2020-09-01,6.15384
실리프팅,11,m,2020-10-01,7.47252
실리프팅,11,m,2020-11-01,8.35164
실리프팅,11,m,2020-12-01,9.45054
실리프팅,11,m,2021-01-01,14.94505
실리프팅,11,m,2021-02-01,12.74725
실리프팅,11,m,2021-03-01,12.30769
실리프팅,11,m,2021-04-01,6.15384
실리프팅,11,m,2021-05-01,12.96703
실리프팅,11,m,2021-06-01,9.67032
실리프팅,11,m,2021-07-01,5.4945
실리프팅,11,m,2021-08-01,9.8901
실리프팅,11,m,2021-09-01,6.15384
실리프팅,11,m,2021-10-01,10.54945
실리프팅,11,m,2021-11-01,9.01098
실리프팅,11,m,2021-12-01,11.64835
실리프팅,11,m,2022-01-01,16.70329
실리프팅,11,m,2022-02-01,10.10989
실리프팅,11,m,2022-03-01,10.32967
실리프팅,11,m,2022-04-01,13.18681
실리프팅,11,m,2022-05-01,14.28571
실리프팅,11,m,2022-06-01,25.05494
실리프팅,11,m,2022-07-01,20.65934
실리프팅,11,m,2022-08-01,11.42857
실리프팅,11,m,2022-09-01,13.62637
실리프팅,11,m,2022-10-01,21.0989
실리프팅,11,m,2022-11-01,17.58241
실리프팅,11,m,2022-12-01,20.65934
실리프팅,11,m,2023-01-01,16.70329
실리프팅,11,m,2023-02-01,23.07692
실리프팅,11,m,2023-03-01,26.5934
실리프팅,11,m,2023-04-01,31.20879
실리프팅,11,m,2023-05-01,33.40659
실리프팅,11,m,2023-06-01,22.85714
실리프팅,11,m,2023-07-01,23.07692
실리프팅,11,m,2023-08-01,23.51648
실리프팅,11,m,2023-09-01,19.56043
실리프팅,11,m,2023-10-01,26.37362
실리프팅,11,m,2023-11-01,22.85714
실리프팅,11,m,2023-12-01,24.83516
실리프팅,11,m,2024-01-01,25.4945
실리프팅,11,m,2024-02-01,27.6923
실리프팅,11,m,2024-03-01,25.4945
실리프팅,11,m,2024-04-01,28.35164
실리프팅,11,m,2024-05-01,27.03296
실리프팅,11,m,2024-06-01,25.4945
실리프팅,11,m,2024-07-01,25.4945
실리프팅,11,m,2024-08-01,21.75824
실리프팅,11,m,2024-09-01,38.46153
실리프팅,11,m,2024-10-01,42.63736
실리프팅,11,m,2024-11-01,44.17582
실리프팅,11,m,2024-12-01,43.95604
실리프팅,11,m,2025-01-01,53.84615
실리프팅,11,m,2025-02-01,37.58241
실리프팅,11,m,2025-03-01,38.02197
실리프팅,11,m,2025-04-01,36.92307
실리프팅,11,m,2025-05-01,31.86813
실리프팅,11,m,2025-06-01,37.36263
실리프팅,11,m,2025-07-01,32.52747
실리프팅,11,m,2025-08-01,27.47252
실리프팅,11,m,2025-09-01,27.6923
실리프팅,11,m,2025-10-01,46.81318
실리프팅,11,m,2025-11-01,39.34065
실리프팅,11,m,2025-12-01,42.1978
울쎄라,all,all,2016-01-01,100.0
울쎄라,all,all,2016-02-01,85.35326
울쎄라,all,all,2016-03-01,73.95269
울쎄라,all,all,2016-04-01,39.92721
울쎄라,all,all,2016-05-01,86.53272
울쎄라,all,all,2016-06-01,46.38768
울쎄라,all,all,2016-07-01,34.85429
울쎄라,all,all,2016-08-01,27.62965
울쎄라,all,all,2016-09-01,32.86284
울쎄라,all,all,2016-10-01,34.87377
울쎄라,all,all,2016-11-01,49.68609
울쎄라,all,all,2016-12-01,41.19168
울쎄라,all,all,2017-01-01,40.0556
울쎄라,all,all,2017-02-01,29.62907
울쎄라,all,all,2017-03-01,31.25835
울쎄라,all,all,2017-04-01,26.74151
울쎄라,all,all,2017-05-01,22.5346
울쎄라,all,all,2017-06-01,15.76775
울쎄라,all,all,2017-07-01,12.52955
울쎄라,all,all,2017-08-01,12.12046
울쎄라,all,all,2017-09-01,13.92418
울쎄라,all,all,2017-10-01,11.99826
울쎄라,all,all,2017-11-01,14.51391
울쎄라,all,all,2017-12-01,19.77898
울쎄라,all,all,2018-01-01,20.98855
울쎄라,all,all,2018-02-01,21.76068
울쎄라,all,all,2018-03-01,16.2707
울쎄라,all,all,2018-04-01,12.54814
울쎄라,all,all,2018-05-01,12.24619
울쎄라,all,all,2018-06-01,10.46992
울쎄라,all,all,2018-07-01,11.03309
울쎄라,all,all,2018-08-01,11.82028
울쎄라,all,all,2018-09-01,11.13137
울쎄라,all,all,2018-10-01,17.23499
울쎄라,all,all,2018-11-01,28.13615
울쎄라,all,all,2018-12-01,23.065
울쎄라,all,all,2019-01-01,23.44398
울쎄라,all,all,2019-02-01,16.94544
울쎄라,all,all,2019-03-01,27.99004
울쎄라,all,all,2019-04-01,16.62401
울쎄라,all,all,2019-05-01,15.46226
울쎄라,all,all,2019-06-01,18.21699
울쎄라,all,all,2019-07-01,18.49946
울쎄라,all,all,2019-08-01,16.68599
울쎄라,all,all,2019-09-01,13.97377
울쎄라,all,all,2019-10-01,18.26923
울쎄라,all,all,2019-11-01,17.98234
울쎄라,all,all,2019-12-01,18.87048
울쎄라,all,all,2020-01-01,19.32119
울쎄라,all,all,2020-02-01,14.94868
울쎄라,all,all,2020-03-01,14.17477
울쎄라,all,all,2020-04-01,18.91475
울쎄라,all,all,2020-05-01,17.56793
울쎄라,all,all,2020-06-01,14.61663
울쎄라,all,all,2020-07-01,19.40088
울쎄라,all,all,2020-08-01,18.66682
울쎄라,all,all,2020-09-01,19.4363
울쎄라,all,all,2020-10-01,19.3017
울쎄라,all,all,2020-11-01,19.54698
울쎄라,all,all,2020-12-01,16.9295
울쎄라,all,all,2021-01-01,18.48795
울쎄라,all,all,2021-02-01,19.44515
울쎄라,all,all,2021-03-01,23.66004
울쎄라,all,all,2021-04-01,18.77927
울쎄라,all,all,2021-05-01,20.15619
울쎄라,all,all,2021-06-01,19.41239
울쎄라,all,all,2021-07-01,20.23589
울쎄라,all,all,2021-08-01,17.87254
울쎄라,all,all,2021-09-01,20.01275
울쎄라,all,all,2021-10-01,21.39498
울쎄라,all,all,2021-11-01,23.8823
울쎄라,all,all,2021-12-01,23.57326
울쎄라,all,all,2022-01-01,26.21377
울쎄라,all,all,2022-02-01,22.97202
울쎄라,all,all,2022-03-01,24.76955
울쎄라,all,all,2022-04-01,26.846
울쎄라,all,all,2022-05-01,29.16508
울쎄라,all,all,2022-06-01,28.14323
울쎄라,all,all,2022-07-01,25.66566
울쎄라,all,all,2022-08-01,29.55026
울쎄라,all,all,2022-09-01,28.13526
울쎄라,all,all,2022-10-01,28.45669
울쎄라,all,all,2022-11-01,33.79968
울쎄라,all,all,2022-12-01,44.99924
울쎄라,all,all,2023-01-01,69.92818
울쎄라,all,all,2023-02-01,73.16461
울쎄라,all,all,2023-03-01,60.51375
울쎄라,all,all,2023-04-01,84.62185
울쎄라,all,all,2023-05-01,49.5028
울쎄라,all,all,2023-06-01,42.53052
울쎄라,all,all,2023-07-01,36.43664
울쎄라,all,all,2023-08-01,35.83009
울쎄라,all,all,2023-09-01,35.85754
울쎄라,all,all,2023-10-01,34.72767
울쎄라,all,all,2023-11-01,36.41628
울쎄라,all,all,2023-12-01,81.94681
울쎄라,all,all,2024-01-01,73.08492
울쎄라,all,all,2024-02-01,62.77084
울쎄라,all,all,2024-03-01,61.88093
울쎄라,all,all,2024-04-01,56.12
울쎄라,all,all,2024-05-01,76.72602
울쎄라,all,all,2024-06-01,56.07838
울쎄라,all,all,2024-07-01,76.18588
울쎄라,all,all,2024-08-01,63.89363
울쎄라,all,all,2024-09-01,53.80181
울쎄라,all,all,2024-10-01,51.71473
울쎄라,all,all,2024-11-01,53.2289
울쎄라,all,all,2024-12-01,65.7434
울쎄라,all,all,2025-01-01,92.82494
울쎄라,all,all,2025-02-01,87.11536
울쎄라,all,all,2025-03-01,95.57436
울쎄라,all,all,2025-04-01,86.64252
울쎄라,all,all,2025-05-01,83.14575
울쎄라,all,all,2025-06-01,73.96509
울쎄라,all,all,2025-07-01,71.39011
울쎄라,all,all,2025-08-01,78.23311
울쎄라,all,all,2025-09-01,68.49636
울쎄라,all,all,2025-10-01,61.16724
울쎄라,all,all,2025-11-01,52.00251
울쎄라,all,all,2025-12-01,61.53294
울쎄라,all,f,2016-01-01,9.58615
울쎄라,all,f,2016-02-01,9.00672
울쎄라,all,f,2016-03-01,10.95299
울쎄라,all,f,2016-04-01,10.94906
울쎄라,all,f,2016-05-01,13.99141
울쎄라,all,f,2016-06-01,11.7587
울쎄라,all,f,2016-07-01,18.6949
울쎄라,all,f,2016-08-01,15.85528
울쎄라,all,f,2016-09-01,15.67086
울쎄라,all,f,2016-10-01,14.80628
울쎄라,all,f,2016-11-01,17.90357
울쎄라,all,f,2016-12-01,16.38632
울쎄라,all,f,2017-01-01,14.22947
울쎄라,all,f,2017-02-01,15.7768
울쎄라,all,f,2017-03-01,20.65555
울쎄라,all,f,2017-04-01,12.08046
울쎄라,all,f,2017-05-01,11.25382
울쎄라,all,f,2017-06-01,9.97724
울쎄라,all,f,2017-07-01,10.55536
울쎄라,all,f,2017-08-01,11.16749
울쎄라,all,f,2017-09-01,11.42386
울쎄라,all,f,2017-10-01,12.57095
울쎄라,all,f,2017-11-01,11.89865
울쎄라,all,f,2017-12-01,13.20663
울쎄라,all,f,2018-01-01,14.09082
울쎄라,all,f,2018-02-01,12.38653
울쎄라,all,f,2018-03-01,14.7762
울쎄라,all,f,2018-04-01,13.37536
울쎄라,all,f,2018-05-01,11.26559
울쎄라,all,f,2018-06-01,9.36903
울쎄라,all,f,2018-07-01,10.20221
울쎄라,all,f,2018-08-01,11.58474
울쎄라,all,f,2018-09-01,10.1355
울쎄라,all,f,2018-10-01,14.96586
울쎄라,all,f,2018-11-01,25.67556
울쎄라,all,f,2018-12-01,21.62738
울쎄라,all,f,2019-01-01,23.92026
울쎄라,all,f,2019-02-01,17.07824
울쎄라,all,f,2019-03-01,31.26193
울쎄라,all,f,2019-04-01,17.68383
울쎄라,all,f,2019-05-01,15.30331
울쎄라,all,f,2019-06-01,19.74259
울쎄라,all,f,2019-07-01,19.91131
울쎄라,all,f,2019-08-01,17.64721
울쎄라,all,f,2019-09-01,14.66371
울쎄라,all,f,2019-10-01,17.99644
울쎄라,all,f,2019-11-01,19.0232
울쎄라,all,f,2019-12-01,20.59015
울쎄라,all,f,2020-01-01,21.30038
울쎄라,all,f,2020-02-01,16.06194
울쎄라,all,f,2020-03-01,14.42174
울쎄라,all,f,2020-04-01,21.03487
울쎄라,all,f,2020-05-01,18.62557
울쎄라,all,f,2020-06-01,15.7768
울쎄라,all,f,2020-07-01,21.32524
울쎄라,all,f,2020-08-01,20.48682
울쎄라,all,f,2020-09-01,20.74711
울쎄라,all,f,2020-10-01,18.99181
울쎄라,all,f,2020-11-01,18.21487
울쎄라,all,f,2020-12-01,18.04876
울쎄라,all,f,2021-01-01,18.66612
울쎄라,all,f,2021-02-01,20.12975
울쎄라,all,f,2021-03-01,26.34525
울쎄라,all,f,2021-04-01,21.58683
울쎄라,all,f,2021-05-01,20.40965
울쎄라,all,f,2021-06-01,21.0571
울쎄라,all,f,2021-07-01,19.61048
울쎄라,all,f,2021-08-01,20.28409
울쎄라,all,f,2021-09-01,22.22905
울쎄라,all,f,2021-10-01,23.779
울쎄라,all,f,2021-11-01,25.01373
울쎄라,all,f,2021-12-01,26.25238
울쎄라,all,f,2022-01-01,29.814
울쎄라,all,f,2022-02-01,26.51267
울쎄라,all,f,2022-03-01,27.90305
울쎄라,all,f,2022-04-01,30.33458
울쎄라,all,f,2022-05-01,32.67454
울쎄라,all,f,2022-06-01,31.78512
울쎄라,all,f,2022-07-01,29.17963
울쎄라,all,f,2022-08-01,33.62152
울쎄라,all,f,2022-09-01,31.29855
울쎄라,all,f,2022-10-01,32.72817
울쎄라,all,f,2022-11-01,38.33677
울쎄라,all,f,2022-12-01,50.88026
울쎄라,all,f,2023-01-01,66.9579
울쎄라,all,f,2023-02-01,81.01472
울쎄라,all,f,2023-03-01,65.01948
울쎄라,all,f,2023-04-01,91.48246
울쎄라,all,f,2023-05-01,54.62892
울쎄라,all,f,2023-06-01,45.753
울쎄라,all,f,2023-07-01,40.37198
울쎄라,all,f,2023-08-01,39.05747
울쎄라,all,f,2023-09-01,39.34522
울쎄라,all,f,2023-10-01,37.55068
울쎄라,all,f,2023-11-01,40.16271
울쎄라,all,f,2023-12-01,97.29118
울쎄라,all,f,2024-01-01,83.72747
울쎄라,all,f,2024-02-01,71.00217
울쎄라,all,f,2024-03-01,67.08609
울쎄라,all,f,2024-04-01,59.15452
울쎄라,all,f,2024-05-01,80.45883
울쎄라,all,f,2024-06-01,55.39409
울쎄라,all,f,2024-07-01,72.03939
울쎄라,all,f,2024-08-01,63.45907
울쎄라,all,f,2024-09-01,53.78789
울쎄라,all,f,2024-10-01,53.75389
울쎄라,all,f,2024-11-01,57.76152
울쎄라,all,f,2024-12-01,70.03296
울쎄라,all,f,2025-01-01,100.0
울쎄라,all,f,2025-02-01,85.6031
울쎄라,all,f,2025-03-01,89.29029
울쎄라,all,f,2025-04-01,84.00214
울쎄라,all,f,2025-05-01,79.82316
울쎄라,all,f,2025-06-01,71.7621
울쎄라,all,f,2025-07-01,66.85065
울쎄라,all,f,2025-08-01,71.02571
울쎄라,all,f,2025-09-01,60.58283
울쎄라,all,f,2025-10-01,54.94676
울쎄라,all,f,2025-11-01,47.45206
울쎄라,all,f,2025-12-01,56.15271
울쎄라,all,m,2016-01-01,16.45436
울쎄라,all,m,2016-02-01,12.88763
울쎄라,all,m,2016-03-01,15.98436
울쎄라,all,m,2016-04-01,15.43969
울쎄라,all,m,2016-05-01,41.4302
울쎄라,all,m,2016-06-01,9.4439
울쎄라,all,m,2016-07-01,13.85399
울쎄라,all,m,2016-08-01,12.49231
울쎄라,all,m,2016-09-01,12.36493
울쎄라,all,m,2016-10-01,13.77932
울쎄라,all,m,2016-11-01,19.26557
울쎄라,all,m,2016-12-01,17.92146
울쎄라,all,m,2017-01-01,10.21259
울쎄라,all,m,2017-02-01,9.86119
울쎄라,all,m,2017-03-01,13.93745
울쎄라,all,m,2017-04-01,7.47166
울쎄라,all,m,2017-05-01,6.50531
울쎄라,all,m,2017-06-01,6.37793
울쎄라,all,m,2017-07-01,5.73662
울쎄라,all,m,2017-08-01,6.39989
울쎄라,all,m,2017-09-01,6.17148
울쎄라,all,m,2017-10-01,5.38961
울쎄라,all,m,2017-11-01,6.03092
울쎄라,all,m,2017-12-01,6.08363
울쎄라,all,m,2018-01-01,6.61512
울쎄라,all,m,2018-02-01,6.29447
울쎄라,all,m,2018-03-01,6.77765
울쎄라,all,m,2018-04-01,6.5712
울쎄라,all,m,2018-05-01,6.61073
울쎄라,all,m,2018-06-01,5.3369
울쎄라,all,m,2018-07-01,6.09241
울쎄라,all,m,2018-08-01,6.95335
울쎄라,all,m,2018-09-01,6.85232
울쎄라,all,m,2018-10-01,13.40156
울쎄라,all,m,2018-11-01,25.91144
울쎄라,all,m,2018-12-01,17.06492
울쎄라,all,m,2019-01-01,13.12483
울쎄라,all,m,2019-02-01,7.69129
울쎄라,all,m,2019-03-01,11.7368
울쎄라,all,m,2019-04-01,8.94755
울쎄라,all,m,2019-05-01,10.42783
울쎄라,all,m,2019-06-01,11.00764
울쎄라,all,m,2019-07-01,9.99297
울쎄라,all,m,2019-08-01,9.3868
울쎄라,all,m,2019-09-01,7.46727
울쎄라,all,m,2019-10-01,9.7953
울쎄라,all,m,2019-11-01,9.99297
울쎄라,all,m,2019-12-01,11.65334
울쎄라,all,m,2020-01-01,11.41175
울쎄라,all,m,2020-02-01,9.89633
울쎄라,all,m,2020-03-01,10.27848
울쎄라,all,m,2020-04-01,12.0267
울쎄라,all,m,2020-05-01,11.56988
울쎄라,all,m,2020-06-01,10.36194
울쎄라,all,m,2020-07-01,13.22586
울쎄라,all,m,2020-08-01,13.27418
울쎄라,all,m,2020-09-01,12.63287
울쎄라,all,m,2020-10-01,10.90222
울쎄라,all,m,2020-11-01,10.77923
울쎄라,all,m,2020-12-01,11.47324
울쎄라,all,m,2021-01-01,10.9725
울쎄라,all,m,2021-02-01,9.9754
울쎄라,all,m,2021-03-01,13.29614
울쎄라,all,m,2021-04-01,11.02082
울쎄라,all,m,2021-05-01,11.37222
울쎄라,all,m,2021-06-01,13.88034
울쎄라,all,m,2021-07-01,12.33857
울쎄라,all,m,2021-08-01,11.29315
울쎄라,all,m,2021-09-01,14.42062
울쎄라,all,m,2021-10-01,14.22296
울쎄라,all,m,2021-11-01,16.92875
울쎄라,all,m,2021-12-01,16.40604
울쎄라,all,m,2022-01-01,17.16155
울쎄라,all,m,2022-02-01,14.2581
울쎄라,all,m,2022-03-01,17.13959
울쎄라,all,m,2022-04-01,18.26847
울쎄라,all,m,2022-05-01,18.32557
울쎄라,all,m,2022-06-01,17.25819
울쎄라,all,m,2022-07-01,17.18351
울쎄라,all,m,2022-08-01,18.85267
울쎄라,all,m,2022-09-01,20.08257
울쎄라,all,m,2022-10-01,17.33286
울쎄라,all,m,2022-11-01,20.82491
울쎄라,all,m,2022-12-01,26.25406
울쎄라,all,m,2023-01-01,88.64095
울쎄라,all,m,2023-02-01,59.79091
울쎄라,all,m,2023-03-01,54.26952
울쎄라,all,m,2023-04-01,78.11209
울쎄라,all,m,2023-05-01,36.52815
울쎄라,all,m,2023-06-01,33.44461
울쎄라,all,m,2023-07-01,25.06808
울쎄라,all,m,2023-08-01,25.10322
울쎄라,all,m,2023-09-01,25.23499
울쎄라,all,m,2023-10-01,26.68452
울쎄라,all,m,2023-11-01,24.59808
울쎄라,all,m,2023-12-01,40.95581
울쎄라,all,m,2024-01-01,40.71422
울쎄라,all,m,2024-02-01,37.11236
울쎄라,all,m,2024-03-01,43.38047
울쎄라,all,m,2024-04-01,39.84889
울쎄라,all,m,2024-05-01,64.9038
울쎄라,all,m,2024-06-01,48.31766
울쎄라,all,m,2024-07-01,59.7997
울쎄라,all,m,2024-08-01,46.23561
울쎄라,all,m,2024-09-01,40.50338
울쎄라,all,m,2024-10-01,42.62057
울쎄라,all,m,2024-11-01,39.0231
울쎄라,all,m,2024-12-01,50.03953
울쎄라,all,m,2025-01-01,66.04585
울쎄라,all,m,2025-02-01,63.03698
울쎄라,all,m,2025-03-01,100.0
울쎄라,all,m,2025-04-01,84.16059
울쎄라,all,m,2025-05-01,84.88096
울쎄라,all,m,2025-06-01,75.65668
울쎄라,all,m,2025-07-01,81.52508
울쎄라,all,m,2025-08-01,68.94931
울쎄라,all,m,2025-09-01,54.64728
울쎄라,all,m,2025-10-01,52.36756
울쎄라,all,m,2025-11-01,45.57234
울쎄라,all,m,2025-12-01,52.88588
울쎄라,3,all,2016-01-01,6.89053
울쎄라,3,all,2016-02-01,5.42022
울쎄라,3,all,2016-03-01,7.31418
울쎄라,3,all,2016-04-01,7.63815
울쎄라,3,all,2016-05-01,16.4538
울쎄라,3,all,2016-06-01,4.54177
울쎄라,3,all,2016-07-01,4.51062
울쎄라,3,all,2016-08-01,4.29256
울쎄라,3,all,2016-09-01,3.77546
울쎄라,3,all,2016-10-01,4.47324
울쎄라,3,all,2016-11-01,7.99327
울쎄라,3,all,2016-12-01,7.1522
울쎄라,3,all,2017-01-01,5.22708
울쎄라,3,all,2017-02-01,4.63522
울쎄라,3,all,2017-03-01,7.00267
울쎄라,3,all,2017-04-01,3.763
울쎄라,3,all,2017-05-01,4.26141
울쎄라,3,all,2017-06-01,4.52308
울쎄라,3,all,2017-07-01,4.24895
울쎄라,3,all,2017-08-01,4.09943
울쎄라,3,all,2017-09-01,4.01844
울쎄라,3,all,2017-10-01,5.18347
울쎄라,3,all,2017-11-01,5.65696
울쎄라,3,all,2017-12-01,5.99962
울쎄라,3,all,2018-01-01,5.20216
울쎄라,3,all,2018-02-01,4.46701
울쎄라,3,all,2018-03-01,4.7972
울쎄라,3,all,2018-04-01,4.62899
울쎄라,3,all,2018-05-01,3.73808
울쎄라,3,all,2018-06-01,3.10261
울쎄라,3,all,2018-07-01,4.50439
울쎄라,3,all,2018-08-01,5.30808
울쎄라,3,all,2018-09-01,3.84399
울쎄라,3,all,2018-10-01,5.70057
울쎄라,3,all,2018-11-01,11.50084
울쎄라,3,all,2018-12-01,9.64425
울쎄라,3,all,2019-01-01,13.38857
울쎄라,3,all,2019-02-01,7.28303
울쎄라,3,all,2019-03-01,33.2378
울쎄라,3,all,2019-04-01,13.52563
울쎄라,3,all,2019-05-01,7.7939
울쎄라,3,all,2019-06-01,14.81527
울쎄라,3,all,2019-07-01,14.61591
울쎄라,3,all,2019-08-01,10.1489
울쎄라,3,all,2019-09-01,7.89358
울쎄라,3,all,2019-10-01,8.70973
울쎄라,3,all,2019-11-01,10.18628
울쎄라,3,all,2019-12-01,13.91813
울쎄라,3,all,2020-01-01,9.91838
울쎄라,3,all,2020-02-01,7.20827
울쎄라,3,all,2020-03-01,7.84374
울쎄라,3,all,2020-04-01,8.10541
울쎄라,3,all,2020-05-01,8.59136
울쎄라,3,all,2020-06-01,8.46053
울쎄라,3,all,2020-07-01,9.20814
울쎄라,3,all,2020-08-01,10.1489
울쎄라,3,all,2020-09-01,7.96835
울쎄라,3,all,2020-10-01,7.24565
울쎄라,3,all,2020-11-01,6.84692
울쎄라,3,all,2020-12-01,8.40446
울쎄라,3,all,2021-01-01,7.73783
울쎄라,3,all,2021-02-01,13.22659
울쎄라,3,all,2021-03-01,12.63472
울쎄라,3,all,2021-04-01,9.96199
울쎄라,3,all,2021-05-01,8.38577
울쎄라,3,all,2021-06-01,8.64743
울쎄라,3,all,2021-07-01,8.09295
울쎄라,3,all,2021-08-01,8.36707
울쎄라,3,all,2021-09-01,9.37636
울쎄라,3,all,2021-10-01,9.63179
울쎄라,3,all,2021-11-01,9.06485
울쎄라,3,all,2021-12-01,10.63485
울쎄라,3,all,2022-01-01,9.4885
울쎄라,3,all,2022-02-01,8.49791
울쎄라,3,all,2022-03-01,8.60382
울쎄라,3,all,2022-04-01,8.38577
울쎄라,3,all,2022-05-01,9.12092
울쎄라,3,all,2022-06-01,9.6131
울쎄라,3,all,2022-07-01,8.83434
울쎄라,3,all,2022-08-01,12.11762
울쎄라,3,all,2022-09-01,12.27337
울쎄라,3,all,2022-10-01,9.89969
울쎄라,3,all,2022-11-01,15.56289
울쎄라,3,all,2022-12-01,13.0646
울쎄라,3,all,2023-01-01,60.20185
울쎄라,3,all,2023-02-01,73.41598
울쎄라,3,all,2023-03-01,40.31524
울쎄라,3,all,2023-04-01,100.0
울쎄라,3,all,2023-05-01,24.37231
울쎄라,3,all,2023-06-01,31.94816
울쎄라,3,all,2023-07-01,14.95233
울쎄라,3,all,2023-08-01,15.05202
울쎄라,3,all,2023-09-01,15.0894
울쎄라,3,all,2023-10-01,17.56276
울쎄라,3,all,2023-11-01,17.25749
울쎄라,3,all,2023-12-01,32.20983
울쎄라,3,all,2024-01-01,26.64631
울쎄라,3,all,2024-02-01,23.71191
울쎄라,3,all,2024-03-01,30.4467
울쎄라,3,all,2024-04-01,24.29755
울쎄라,3,all,2024-05-01,37.74842
울쎄라,3,all,2024-06-01,23.4814
울쎄라,3,all,2024-07-01,38.99445
울쎄라,3,all,2024-08-01,28.80194
울쎄라,3,all,2024-09-01,25.71802
울쎄라,3,all,2024-10-01,25.176
울쎄라,3,all,2024-11-01,24.5779
울쎄라,3,all,2024-12-01,25.0327
울쎄라,3,all,2025-01-01,32.40296
울쎄라,3,all,2025-02-01,30.63983
울쎄라,3,all,2025-03-01,37.63005
울쎄라,3,all,2025-04-01,38.27798
울쎄라,3,all,2025-05-01,41.37436
울쎄라,3,all,2025-06-01,41.51766
울쎄라,3,all,2025-07-01,36.70799
울쎄라,3,all,2025-08-01,32.68332
울쎄라,3,all,2025-09-01,23.65584
울쎄라,3,all,2025-10-01,28.01071
울쎄라,3,all,2025-11-01,25.90492
울쎄라,3,all,2025-12-01,24.60282
울쎄라,3,f,2016-01-01,4.55499
울쎄라,3,f,2016-02-01,3.97201
울쎄라,3,f,2016-03-01,4.95141
울쎄라,3,f,2016-04-01,5.48775
울쎄라,3,f,2016-05-01,6.79362
울쎄라,3,f,2016-06-01,4.24407
울쎄라,3,f,2016-07-01,4.78818
울쎄라,3,f,2016-08-01,4.45394
울쎄라,3,f,2016-09-01,3.94869
울쎄라,3,f,2016-10-01,4.02642
울쎄라,3,f,2016-11-01,7.62534
울쎄라,3,f,2016-12-01,6.30392
울쎄라,3,f,2017-01-01,5.02137
울쎄라,3,f,2017-02-01,4.76486
울쎄라,3,f,2017-03-01,6.59152
울쎄라,3,f,2017-04-01,3.88651
울쎄라,3,f,2017-05-01,4.46171
울쎄라,3,f,2017-06-01,4.71822
울쎄라,3,f,2017-07-01,4.44617
울쎄라,3,f,2017-08-01,4.41507
울쎄라,3,f,2017-09-01,4.39176
울쎄라,3,f,2017-10-01,5.73649
울쎄라,3,f,2017-11-01,6.21842
울쎄라,3,f,2017-12-01,6.66148
울쎄라,3,f,2018-01-01,5.80645
울쎄라,3,f,2018-02-01,4.85814
울쎄라,3,f,2018-03-01,5.14574
울쎄라,3,f,2018-04-01,5.13797
울쎄라,3,f,2018-05-01,3.89428
울쎄라,3,f,2018-06-01,3.31908
울쎄라,3,f,2018-07-01,4.47726
울쎄라,3,f,2018-08-01,5.54994
울쎄라,3,f,2018-09-01,3.84764
울쎄라,3,f,2018-10-01,5.51107
울쎄라,3,f,2018-11-01,11.50408
울쎄라,3,f,2018-12-01,9.44422
울쎄라,3,f,2019-01-01,14.65993
울쎄라,3,f,2019-02-01,7.92071
울쎄라,3,f,2019-03-01,39.16051
울쎄라,3,f,2019-04-01,15.32063
울쎄라,3,f,2019-05-01,8.53478
울쎄라,3,f,2019-06-01,16.86746
울쎄라,3,f,2019-07-01,16.59541
울쎄라,3,f,2019-08-01,11.09988
울쎄라,3,f,2019-09-01,8.75242
울쎄라,3,f,2019-10-01,9.56082
울쎄라,3,f,2019-11-01,11.23979
울쎄라,3,f,2019-12-01,14.71434
울쎄라,3,f,2020-01-01,10.87446
울쎄라,3,f,2020-02-01,7.81189
울쎄라,3,f,2020-03-01,8.13058
울쎄라,3,f,2020-04-01,8.68247
울쎄라,3,f,2020-05-01,9.08666
울쎄라,3,f,2020-06-01,9.14108
울쎄라,3,f,2020-07-01,9.79401
울쎄라,3,f,2020-08-01,10.64904
울쎄라,3,f,2020-09-01,8.17722
울쎄라,3,f,2020-10-01,7.95958
울쎄라,3,f,2020-11-01,7.20559
울쎄라,3,f,2020-12-01,9.06335
울쎄라,3,f,2021-01-01,8.54255
울쎄라,3,f,2021-02-01,15.49941
울쎄라,3,f,2021-03-01,14.45005
울쎄라,3,f,2021-04-01,11.14652
울쎄라,3,f,2021-05-01,9.17217
울쎄라,3,f,2021-06-01,9.59968
울쎄라,3,f,2021-07-01,8.74465
울쎄라,3,f,2021-08-01,8.88457
울쎄라,3,f,2021-09-01,9.26544
울쎄라,3,f,2021-10-01,10.1127
울쎄라,3,f,2021-11-01,9.12553
울쎄라,3,f,2021-12-01,10.95996
울쎄라,3,f,2022-01-01,10.08161
울쎄라,3,f,2022-02-01,9.10998
울쎄라,3,f,2022-03-01,8.79906
울쎄라,3,f,2022-04-01,8.92343
울쎄라,3,f,2022-05-01,9.71628
울쎄라,3,f,2022-06-01,10.22153
울쎄라,3,f,2022-07-01,9.2499
울쎄라,3,f,2022-08-01,12.70112
울쎄라,3,f,2022-09-01,12.14924
울쎄라,3,f,2022-10-01,10.26816
울쎄라,3,f,2022-11-01,16.64205
울쎄라,3,f,2022-12-01,13.75048
울쎄라,3,f,2023-01-01,46.12514
울쎄라,3,f,2023-02-01,75.94247
울쎄라,3,f,2023-03-01,37.45044
울쎄라,3,f,2023-04-01,100.0
울쎄라,3,f,2023-05-01,24.67936
울쎄라,3,f,2023-06-01,30.15157
울쎄라,3,f,2023-07-01,16.10571
울쎄라,3,f,2023-08-01,15.88029
울쎄라,3,f,2023-09-01,16.23785
울쎄라,3,f,2023-10-01,15.39059
울쎄라,3,f,2023-11-01,18.45316
울쎄라,3,f,2023-12-01,35.60046
울쎄라,3,f,2024-01-01,29.01671
울쎄라,3,f,2024-02-01,25.26233
울쎄라,3,f,2024-03-01,26.86358
울쎄라,3,f,2024-04-01,21.44578
울쎄라,3,f,2024-05-01,36.12125
울쎄라,3,f,2024-06-01,23.77769
울쎄라,3,f,2024-07-01,40.38865
울쎄라,3,f,2024-08-01,30.57909
울쎄라,3,f,2024-09-01,27.40769
울쎄라,3,f,2024-10-01,26.5682
울쎄라,3,f,2024-11-01,26.70034
울쎄라,3,f,2024-12-01,25.89195
울쎄라,3,f,2025-01-01,34.21686
울쎄라,3,f,2025-02-01,31.63622
울쎄라,3,f,2025-03-01,36.50213
울쎄라,3,f,2025-04-01,38.7874
울쎄라,3,f,2025-05-01,40.70734
울쎄라,3,f,2025-06-01,43.20248
울쎄라,3,f,2025-07-01,36.84415
울쎄라,3,f,2025-08-01,32.97318
울쎄라,3,f,2025-09-01,24.04974
울쎄라,3,f,2025-10-01,28.1539
울쎄라,3,f,2025-11-01,26.42052
울쎄라,3,f,2025-12-01,25.10687
울쎄라,3,m,2016-01-01,13.94475
울쎄라,3,m,2016-02-01,9.62724
울쎄라,3,m,2016-03-01,14.40064
울쎄라,3,m,2016-04-01,13.94475
울쎄라,3,m,2016-05-01,47.38535
울쎄라,3,m,2016-06-01,4.90748
울쎄라,3,m,2016-07-01,2.89621
울쎄라,3,m,2016-08-01,3.11075
울쎄라,3,m,2016-09-01,2.62805
울쎄라,3,m,2016-10-01,5.36336
울쎄라,3,m,2016-11-01,8.09868
울쎄라,3,m,2016-12-01,9.03727
울쎄라,3,m,2017-01-01,5.17565
울쎄라,3,m,2017-02-01,3.513
울쎄라,3,m,2017-03-01,7.40144
울쎄라,3,m,2017-04-01,2.78895
울쎄라,3,m,2017-05-01,2.94985
울쎄라,3,m,2017-06-01,3.1912
울쎄라,3,m,2017-07-01,2.94985
울쎄라,3,m,2017-08-01,2.41351
울쎄라,3,m,2017-09-01,2.14534
울쎄라,3,m,2017-10-01,2.52078
울쎄라,3,m,2017-11-01,2.89621
울쎄라,3,m,2017-12-01,2.84258
울쎄라,3,m,2018-01-01,2.35988
울쎄라,3,m,2018-02-01,2.46714
울쎄라,3,m,2018-03-01,2.89621
울쎄라,3,m,2018-04-01,2.19898
울쎄라,3,m,2018-05-01,2.65486
울쎄라,3,m,2018-06-01,1.90399
울쎄라,3,m,2018-07-01,3.94207
울쎄라,3,m,2018-08-01,3.70072
울쎄라,3,m,2018-09-01,3.27165
울쎄라,3,m,2018-10-01,5.52426
울쎄라,3,m,2018-11-01,9.81496
울쎄라,3,m,2018-12-01,8.93
울쎄라,3,m,2019-01-01,7.05282
울쎄라,3,m,2019-02-01,4.02252
울쎄라,3,m,2019-03-01,7.9646
울쎄라,3,m,2019-04-01,5.36336
울쎄라,3,m,2019-05-01,4.10297
울쎄라,3,m,2019-06-01,5.5779
울쎄라,3,m,2019-07-01,5.65835
울쎄라,3,m,2019-08-01,5.39018
울쎄라,3,m,2019-09-01,3.78117
울쎄라,3,m,2019-10-01,4.50522
울쎄라,3,m,2019-11-01,5.06838
울쎄라,3,m,2019-12-01,9.14454
울쎄라,3,m,2020-01-01,5.17565
울쎄라,3,m,2020-02-01,4.07615
울쎄라,3,m,2020-03-01,5.71198
울쎄라,3,m,2020-04-01,4.93429
울쎄라,3,m,2020-05-01,5.63153
울쎄라,3,m,2020-06-01,4.88066
울쎄라,3,m,2020-07-01,5.84607
울쎄라,3,m,2020-08-01,6.94556
울쎄라,3,m,2020-09-01,6.08742
울쎄라,3,m,2020-10-01,3.72754
울쎄라,3,m,2020-11-01,4.61249
울쎄라,3,m,2020-12-01,4.90748
울쎄라,3,m,2021-01-01,3.8348
울쎄라,3,m,2021-02-01,3.45937
울쎄라,3,m,2021-03-01,4.53204
울쎄라,3,m,2021-04-01,4.42477
울쎄라,3,m,2021-05-01,4.45159
울쎄라,3,m,2021-06-01,4.10297
울쎄라,3,m,2021-07-01,4.66613
울쎄라,3,m,2021-08-01,5.36336
울쎄라,3,m,2021-09-01,8.39367
울쎄라,3,m,2021-10-01,6.57012
울쎄라,3,m,2021-11-01,7.53553
울쎄라,3,m,2021-12-01,7.9646
울쎄라,3,m,2022-01-01,6.0606
울쎄라,3,m,2022-02-01,5.14883
울쎄라,3,m,2022-03-01,6.67739
울쎄라,3,m,2022-04-01,5.30973
울쎄라,3,m,2022-05-01,5.7388
울쎄라,3,m,2022-06-01,6.11423
울쎄라,3,m,2022-07-01,6.11423
울쎄라,3,m,2022-08-01,8.34003
울쎄라,3,m,2022-09-01,10.91445
울쎄라,3,m,2022-10-01,7.18691
울쎄라,3,m,2022-11-01,9.57361
울쎄라,3,m,2022-12-01,8.79592
울쎄라,3,m,2023-01-01,100.0
울쎄라,3,m,2023-02-01,54.00911
울쎄라,3,m,2023-03-01,44.32823
울쎄라,3,m,2023-04-01,85.43845
울쎄라,3,m,2023-05-01,19.76401
울쎄라,3,m,2023-06-01,33.49423
울쎄라,3,m,2023-07-01,8.79592
울쎄라,3,m,2023-08-01,10.00268
울쎄라,3,m,2023-09-01,8.93
울쎄라,3,m,2023-10-01,22.49932
울쎄라,3,m,2023-11-01,10.61946
울쎄라,3,m,2023-12-01,15.82193
울쎄라,3,m,2024-01-01,14.58836
울쎄라,3,m,2024-02-01,14.91016
울쎄라,3,m,2024-03-01,38.37489
울쎄라,3,m,2024-04-01,30.59801
울쎄라,3,m,2024-05-01,37.86537
울쎄라,3,m,2024-06-01,19.03995
울쎄라,3,m,2024-07-01,28.5063
울쎄라,3,m,2024-08-01,18.4768
울쎄라,3,m,2024-09-01,16.14373
울쎄라,3,m,2024-10-01,16.70689
울쎄라,3,m,2024-11-01,13.67658
울쎄라,3,m,2024-12-01,18.42316
울쎄라,3,m,2025-01-01,21.42665
울쎄라,3,m,2025-02-01,22.74068
울쎄라,3,m,2025-03-01,36.04183
울쎄라,3,m,2025-04-01,30.94663
울쎄라,3,m,2025-05-01,37.65084
울쎄라,3,m,2025-06-01,29.65942
울쎄라,3,m,2025-07-01,30.893
울쎄라,3,m,2025-08-01,26.9241
울쎄라,3,m,2025-09-01,18.85223
울쎄라,3,m,2025-10-01,23.43791
울쎄라,3,m,2025-11-01,20.35398
울쎄라,3,m,2025-12-01,19.2813
울쎄라,4,all,2016-01-01,15.75425
울쎄라,4,all,2016-02-01,13.39787
울쎄라,4,all,2016-03-01,16.81497
울쎄라,4,all,2016-04-01,16.34512
울쎄라,4,all,2016-05-01,22.96575
울쎄라,4,all,2016-06-01,12.45817
울쎄라,4,all,2016-07-01,14.62945
울쎄라,4,all,2016-08-01,14.08841
울쎄라,4,all,2016-09-01,13.12735
울쎄라,4,all,2016-10-01,14.54403
울쎄라,4,all,2016-11-01,19.98291
울쎄라,4,all,2016-12-01,21.09347
울쎄라,4,all,2017-01-01,17.6123
울쎄라,4,all,2017-02-01,19.69815
울쎄라,4,all,2017-03-01,28.61109
울쎄라,4,all,2017-04-01,15.70442
울쎄라,4,all,2017-05-01,14.45148
울쎄라,4,all,2017-06-01,13.54737
울쎄라,4,all,2017-07-01,13.57585
울쎄라,4,all,2017-08-01,14.09553
울쎄라,4,all,2017-09-01,13.52601
울쎄라,4,all,2017-10-01,16.18851
울쎄라,4,all,2017-11-01,15.68306
울쎄라,4,all,2017-12-01,15.91798
울쎄라,4,all,2018-01-01,17.1994
울쎄라,4,all,2018-02-01,14.92133
울쎄라,4,all,2018-03-01,18.16758
울쎄라,4,all,2018-04-01,16.50886
울쎄라,4,all,2018-05-01,14.0101
울쎄라,4,all,2018-06-01,11.76051
울쎄라,4,all,2018-07-01,13.12023
울쎄라,4,all,2018-08-01,15.71153
울쎄라,4,all,2018-09-01,13.30533
울쎄라,4,all,2018-10-01,17.84722
울쎄라,4,all,2018-11-01,32.19192
울쎄라,4,all,2018-12-01,25.47163
울쎄라,4,all,2019-01-01,29.12365
울쎄라,4,all,2019-02-01,20.85854
울쎄라,4,all,2019-03-01,44.81383
울쎄라,4,all,2019-04-01,25.31501
울쎄라,4,all,2019-05-01,19.41339
울쎄라,4,all,2019-06-01,27.39374
울쎄라,4,all,2019-07-01,27.13746
울쎄라,4,all,2019-08-01,24.09767
울쎄라,4,all,2019-09-01,19.57001
울쎄라,4,all,2019-10-01,23.79867
울쎄라,4,all,2019-11-01,22.92304
울쎄라,4,all,2019-12-01,25.72079
울쎄라,4,all,2020-01-01,24.9377
울쎄라,4,all,2020-02-01,19.44187
울쎄라,4,all,2020-03-01,19.66968
울쎄라,4,all,2020-04-01,24.19021
울쎄라,4,all,2020-05-01,21.75553
울쎄라,4,all,2020-06-01,18.50929
울쎄라,4,all,2020-07-01,23.94817
울쎄라,4,all,2020-08-01,24.297
울쎄라,4,all,2020-09-01,22.68811
울쎄라,4,all,2020-10-01,19.82629
울쎄라,4,all,2020-11-01,20.5809
울쎄라,4,all,2020-12-01,21.27144
울쎄라,4,all,2021-01-01,20.26767
울쎄라,4,all,2021-02-01,23.48544
울쎄라,4,all,2021-03-01,31.60817
울쎄라,4,all,2021-04-01,25.45739
울쎄라,4,all,2021-05-01,22.04741
울쎄라,4,all,2021-06-01,24.04783
울쎄라,4,all,2021-07-01,21.7057
울쎄라,4,all,2021-08-01,22.58845
울쎄라,4,all,2021-09-01,24.69566
울쎄라,4,all,2021-10-01,26.3259
울쎄라,4,all,2021-11-01,24.96618
울쎄라,4,all,2021-12-01,27.76393
울쎄라,4,all,2022-01-01,28.31209
울쎄라,4,all,2022-02-01,25.04449
울쎄라,4,all,2022-03-01,27.08763
울쎄라,4,all,2022-04-01,26.64625
울쎄라,4,all,2022-05-01,29.31586
울쎄라,4,all,2022-06-01,27.37951
울쎄라,4,all,2022-07-01,25.79198
울쎄라,4,all,2022-08-01,33.25977
울쎄라,4,all,2022-09-01,32.12073
울쎄라,4,all,2022-10-01,28.81042
울쎄라,4,all,2022-11-01,34.57677
울쎄라,4,all,2022-12-01,36.26397
울쎄라,4,all,2023-01-01,93.61429
울쎄라,4,all,2023-02-01,90.04057
울쎄라,4,all,2023-03-01,67.21719
울쎄라,4,all,2023-04-01,100.0
울쎄라,4,all,2023-05-01,48.67943
울쎄라,4,all,2023-06-01,39.86616
울쎄라,4,all,2023-07-01,37.23214
울쎄라,4,all,2023-08-01,38.09354
울쎄라,4,all,2023-09-01,39.02612
울쎄라,4,all,2023-10-01,37.403
울쎄라,4,all,2023-11-01,39.46038
울쎄라,4,all,2023-12-01,85.61258
울쎄라,4,all,2024-01-01,74.48565
울쎄라,4,all,2024-02-01,65.28084
울쎄라,4,all,2024-03-01,68.26368
울쎄라,4,all,2024-04-01,58.71716
울쎄라,4,all,2024-05-01,78.94924
울쎄라,4,all,2024-06-01,54.10407
울쎄라,4,all,2024-07-01,81.71851
울쎄라,4,all,2024-08-01,65.55136
울쎄라,4,all,2024-09-01,60.18366
울쎄라,4,all,2024-10-01,59.08023
울쎄라,4,all,2024-11-01,57.62796
울쎄라,4,all,2024-12-01,66.27749
울쎄라,4,all,2025-01-01,88.88018
울쎄라,4,all,2025-02-01,75.50366
울쎄라,4,all,2025-03-01,93.05189
울쎄라,4,all,2025-04-01,89.22189
울쎄라,4,all,2025-05-01,96.35509
울쎄라,4,all,2025-06-01,85.51292
울쎄라,4,all,2025-07-01,82.23108
울쎄라,4,all,2025-08-01,77.10543
울쎄라,4,all,2025-09-01,64.22011
울쎄라,4,all,2025-10-01,60.0484
울쎄라,4,all,2025-11-01,52.8369
울쎄라,4,all,2025-12-01,54.55257
울쎄라,4,f,2016-01-01,14.94544
울쎄라,4,f,2016-02-01,13.10195
울쎄라,4,f,2016-03-01,16.92061
울쎄라,4,f,2016-04-01,16.64785
울쎄라,4,f,2016-05-01,18.47253
울쎄라,4,f,2016-06-01,13.99548
울쎄라,4,f,2016-07-01,16.82656
울쎄라,4,f,2016-08-01,15.58502
울쎄라,4,f,2016-09-01,14.48457
울쎄라,4,f,2016-10-01,15.47215
울쎄라,4,f,2016-11-01,20.29721
울쎄라,4,f,2016-12-01,21.20955
울쎄라,4,f,2017-01-01,19.64823
울쎄라,4,f,2017-02-01,23.33521
울쎄라,4,f,2017-03-01,31.9413
울쎄라,4,f,2017-04-01,18.0775
울쎄라,4,f,2017-05-01,16.79834
울쎄라,4,f,2017-06-01,15.59443
울쎄라,4,f,2017-07-01,15.98006
울쎄라,4,f,2017-08-01,16.44093
울쎄라,4,f,2017-09-01,15.7261
울쎄라,4,f,2017-10-01,19.55417
울쎄라,4,f,2017-11-01,18.60421
울쎄라,4,f,2017-12-01,18.71708
울쎄라,4,f,2018-01-01,20.26899
울쎄라,4,f,2018-02-01,17.59781
울쎄라,4,f,2018-03-01,21.43528
울쎄라,4,f,2018-04-01,19.29082
울쎄라,4,f,2018-05-01,16.20579
울쎄라,4,f,2018-06-01,13.8544
울쎄라,4,f,2018-07-01,14.79495
울쎄라,4,f,2018-08-01,18.04928
울쎄라,4,f,2018-09-01,14.91723
울쎄라,4,f,2018-10-01,19.18735
울쎄라,4,f,2018-11-01,33.85063
울쎄라,4,f,2018-12-01,28.09443
울쎄라,4,f,2019-01-01,33.59668
울쎄라,4,f,2019-02-01,24.38863
울쎄라,4,f,2019-03-01,54.12904
울쎄라,4,f,2019-04-01,29.731
울쎄라,4,f,2019-05-01,21.99021
울쎄라,4,f,2019-06-01,32.08239
울쎄라,4,f,2019-07-01,31.84725
울쎄라,4,f,2019-08-01,27.79345
울쎄라,4,f,2019-09-01,22.67682
울쎄라,4,f,2019-10-01,26.89992
울쎄라,4,f,2019-11-01,26.38261
울쎄라,4,f,2019-12-01,28.98796
울쎄라,4,f,2020-01-01,28.33897
울쎄라,4,f,2020-02-01,21.48231
울쎄라,4,f,2020-03-01,21.64221
울쎄라,4,f,2020-04-01,27.05981
울쎄라,4,f,2020-05-01,23.11888
울쎄라,4,f,2020-06-01,19.97742
울쎄라,4,f,2020-07-01,26.31677
울쎄라,4,f,2020-08-01,27.68058
울쎄라,4,f,2020-09-01,25.03762
울쎄라,4,f,2020-10-01,22.1313
울쎄라,4,f,2020-11-01,23.20353
울쎄라,4,f,2020-12-01,23.41986
울쎄라,4,f,2021-01-01,22.84612
울쎄라,4,f,2021-02-01,27.05981
울쎄라,4,f,2021-03-01,36.98269
울쎄라,4,f,2021-04-01,29.53348
울쎄라,4,f,2021-05-01,25.12227
울쎄라,4,f,2021-06-01,25.61136
울쎄라,4,f,2021-07-01,23.59857
울쎄라,4,f,2021-08-01,25.71482
울쎄라,4,f,2021-09-01,26.13807
울쎄라,4,f,2021-10-01,29.00677
울쎄라,4,f,2021-11-01,26.79646
울쎄라,4,f,2021-12-01,29.88148
울쎄라,4,f,2022-01-01,31.62151
울쎄라,4,f,2022-02-01,28.23551
울쎄라,4,f,2022-03-01,29.95673
울쎄라,4,f,2022-04-01,29.66516
울쎄라,4,f,2022-05-01,32.15763
울쎄라,4,f,2022-06-01,30.35176
울쎄라,4,f,2022-07-01,28.69638
울쎄라,4,f,2022-08-01,36.37133
울쎄라,4,f,2022-09-01,34.93227
울쎄라,4,f,2022-10-01,32.18585
울쎄라,4,f,2022-11-01,39.39051
울쎄라,4,f,2022-12-01,40.69789
울쎄라,4,f,2023-01-01,74.45447
울쎄라,4,f,2023-02-01,92.46613
울쎄라,4,f,2023-03-01,65.7167
울쎄라,4,f,2023-04-01,95.58878
울쎄라,4,f,2023-05-01,51.77765
울쎄라,4,f,2023-06-01,41.61023
울쎄라,4,f,2023-07-01,41.74191
울쎄라,4,f,2023-08-01,42.9176
울쎄라,4,f,2023-09-01,43.29382
울쎄라,4,f,2023-10-01,41.5632
울쎄라,4,f,2023-11-01,44.16854
울쎄라,4,f,2023-12-01,100.0
울쎄라,4,f,2024-01-01,85.26147
울쎄라,4,f,2024-02-01,74.63318
울쎄라,4,f,2024-03-01,76.42964
울쎄라,4,f,2024-04-01,65.0395
울쎄라,4,f,2024-05-01,86.55003
울쎄라,4,f,2024-06-01,57.34574
울쎄라,4,f,2024-07-01,85.75056
울쎄라,4,f,2024-08-01,70.48532
울쎄라,4,f,2024-09-01,66.25282
울쎄라,4,f,2024-10-01,63.16779
울쎄라,4,f,2024-11-01,62.75395
울쎄라,4,f,2024-12-01,70.41948
울쎄라,4,f,2025-01-01,97.72385
울쎄라,4,f,2025-02-01,80.71858
울쎄라,4,f,2025-03-01,93.96162
울쎄라,4,f,2025-04-01,93.34085
울쎄라,4,f,2025-05-01,95.90857
울쎄라,4,f,2025-06-01,86.46538
울쎄라,4,f,2025-07-01,83.98231
울쎄라,4,f,2025-08-01,79.95673
울쎄라,4,f,2025-09-01,67.20278
울쎄라,4,f,2025-10-01,61.40895
울쎄라,4,f,2025-11-01,55.46463
울쎄라,4,f,2025-12-01,56.22648
울쎄라,4,m,2016-01-01,11.92204
울쎄라,4,m,2016-02-01,9.34275
울쎄라,4,m,2016-03-01,10.75659
울쎄라,4,m,2016-04-01,10.04967
울쎄라,4,m,2016-05-01,24.11157
울쎄라,4,m,2016-06-01,5.00573
울쎄라,4,m,2016-07-01,5.08215
울쎄라,4,m,2016-08-01,6.15208
울쎄라,4,m,2016-09-01,5.80817
울쎄라,4,m,2016-10-01,7.60412
울쎄라,4,m,2016-11-01,12.39969
울쎄라,4,m,2016-12-01,13.52693
울쎄라,4,m,2017-01-01,7.35575
울쎄라,4,m,2017-02-01,5.46427
울쎄라,4,m,2017-03-01,11.90294
울쎄라,4,m,2017-04-01,5.42606
울쎄라,4,m,2017-05-01,4.66182
울쎄라,4,m,2017-06-01,4.68093
울쎄라,4,m,2017-07-01,3.97401
울쎄라,4,m,2017-08-01,4.43255
울쎄라,4,m,2017-09-01,4.35613
울쎄라,4,m,2017-10-01,3.72564
울쎄라,4,m,2017-11-01,4.29881
울쎄라,4,m,2017-12-01,4.70003
울쎄라,4,m,2018-01-01,4.98662
울쎄라,4,m,2018-02-01,4.29881
울쎄라,4,m,2018-03-01,5.21589
울쎄라,4,m,2018-04-01,5.12036
울쎄라,4,m,2018-05-01,4.68093
울쎄라,4,m,2018-06-01,3.41994
울쎄라,4,m,2018-07-01,5.15857
울쎄라,4,m,2018-08-01,5.50248
울쎄라,4,m,2018-09-01,5.40695
울쎄라,4,m,2018-10-01,8.92243
울쎄라,4,m,2018-11-01,17.63469
울쎄라,4,m,2018-12-01,11.29155
울쎄라,4,m,2019-01-01,9.91593
울쎄라,4,m,2019-02-01,6.43867
울쎄라,4,m,2019-03-01,10.31715
울쎄라,4,m,2019-04-01,7.5468
울쎄라,4,m,2019-05-01,7.43217
울쎄라,4,m,2019-06-01,8.34925
울쎄라,4,m,2019-07-01,8.13909
울쎄라,4,m,2019-08-01,8.21551
울쎄라,4,m,2019-09-01,6.45777
울쎄라,4,m,2019-10-01,9.22812
울쎄라,4,m,2019-11-01,7.92892
울쎄라,4,m,2019-12-01,10.1452
울쎄라,4,m,2020-01-01,9.36186
울쎄라,4,m,2020-02-01,8.54031
울쎄라,4,m,2020-03-01,8.8269
울쎄라,4,m,2020-04-01,9.95414
울쎄라,4,m,2020-05-01,11.42529
울쎄라,4,m,2020-06-01,9.09438
울쎄라,4,m,2020-07-01,10.8139
울쎄라,4,m,2020-08-01,8.97974
울쎄라,4,m,2020-09-01,10.03056
울쎄라,4,m,2020-10-01,8.25372
울쎄라,4,m,2020-11-01,8.10087
울쎄라,4,m,2020-12-01,9.51471
울쎄라,4,m,2021-01-01,7.98624
울쎄라,4,m,2021-02-01,8.06266
울쎄라,4,m,2021-03-01,9.70576
울쎄라,4,m,2021-04-01,8.33014
울쎄라,4,m,2021-05-01,8.13909
울쎄라,4,m,2021-06-01,12.51432
울쎄라,4,m,2021-07-01,10.31715
울쎄라,4,m,2021-08-01,8.38746
울쎄라,4,m,2021-09-01,13.18303
울쎄라,4,m,2021-10-01,11.73098
울쎄라,4,m,2021-11-01,12.57164
울쎄라,4,m,2021-12-01,13.81352
울쎄라,4,m,2022-01-01,11.75009
울쎄라,4,m,2022-02-01,9.85861
울쎄라,4,m,2022-03-01,11.84562
울쎄라,4,m,2022-04-01,11.25334
울쎄라,4,m,2022-05-01,13.35498
울쎄라,4,m,2022-06-01,11.82651
울쎄라,4,m,2022-07-01,10.92854
울쎄라,4,m,2022-08-01,15.3802
울쎄라,4,m,2022-09-01,15.24646
울쎄라,4,m,2022-10-01,11.94115
울쎄라,4,m,2022-11-01,12.78181
울쎄라,4,m,2022-12-01,14.65418
울쎄라,4,m,2023-01-01,100.0
울쎄라,4,m,2023-02-01,53.82116
울쎄라,4,m,2023-03-01,46.90485
울쎄라,4,m,2023-04-01,74.2071
울쎄라,4,m,2023-05-01,25.46809
울쎄라,4,m,2023-06-01,22.46847
울쎄라,4,m,2023-07-01,15.13183
울쎄라,4,m,2023-08-01,15.0554
울쎄라,4,m,2023-09-01,16.79403
울쎄라,4,m,2023-10-01,15.95338
울쎄라,4,m,2023-11-01,16.18265
울쎄라,4,m,2023-12-01,26.63354
울쎄라,4,m,2024-01-01,26.70997
울쎄라,4,m,2024-02-01,23.59572
울쎄라,4,m,2024-03-01,27.95185
울쎄라,4,m,2024-04-01,25.46809
울쎄라,4,m,2024-05-01,36.07183
울쎄라,4,m,2024-06-01,28.71608
울쎄라,4,m,2024-07-01,45.128
울쎄라,4,m,2024-08-01,32.74742
울쎄라,4,m,2024-09-01,26.93924
울쎄라,4,m,2024-10-01,30.24455
울쎄라,4,m,2024-11-01,27.18761
울쎄라,4,m,2024-12-01,34.82995
울쎄라,4,m,2025-01-01,40.02674
울쎄라,4,m,2025-02-01,38.67023
울쎄라,4,m,2025-03-01,58.86511
울쎄라,4,m,2025-04-01,49.84715
울쎄라,4,m,2025-05-01,63.77531
울쎄라,4,m,2025-06-01,53.85938
울쎄라,4,m,2025-07-01,50.09552
울쎄라,4,m,2025-08-01,44.51662
울쎄라,4,m,2025-09-01,35.84256
울쎄라,4,m,2025-10-01,36.41574
울쎄라,4,m,2025-11-01,29.13641
울쎄라,4,m,2025-12-01,32.19335
울쎄라,5,all,2016-01-01,13.39145
울쎄라,5,all,2016-02-01,13.937
울쎄라,5,all,2016-03-01,16.03487
울쎄라,5,all,2016-04-01,15.06749
울쎄라,5,all,2016-05-01,22.9865
울쎄라,5,all,2016-06-01,13.47019
울쎄라,5,all,2016-07-01,13.14398
울쎄라,5,all,2016-08-01,14.43757
울쎄라,5,all,2016-09-01,12.88526
울쎄라,5,all,2016-10-01,14.03262
울쎄라,5,all,2016-11-01,19.42632
울쎄라,5,all,2016-12-01,19.83127
울쎄라,5,all,2017-01-01,18.16085
울쎄라,5,all,2017-02-01,21.60854
울쎄라,5,all,2017-03-01,30.87739
울쎄라,5,all,2017-04-01,15.37682
울쎄라,5,all,2017-05-01,14.46006
울쎄라,5,all,2017-06-01,12.65466
울쎄라,5,all,2017-07-01,12.99775
울쎄라,5,all,2017-08-01,14.48818
울쎄라,5,all,2017-09-01,14.47694
울쎄라,5,all,2017-10-01,14.89876
울쎄라,5,all,2017-11-01,14.1451
울쎄라,5,all,2017-12-01,15.88863
울쎄라,5,all,2018-01-01,17.06974
울쎄라,5,all,2018-02-01,15.46681
울쎄라,5,all,2018-03-01,19.09448
울쎄라,5,all,2018-04-01,16.92913
울쎄라,5,all,2018-05-01,14.1226
울쎄라,5,all,2018-06-01,11.33858
울쎄라,5,all,2018-07-01,12.88526
울쎄라,5,all,2018-08-01,15.27559
울쎄라,5,all,2018-09-01,12.99775
울쎄라,5,all,2018-10-01,18.49831
울쎄라,5,all,2018-11-01,34.86501
울쎄라,5,all,2018-12-01,25.3937
울쎄라,5,all,2019-01-01,26.51293
울쎄라,5,all,2019-02-01,19.65691
울쎄라,5,all,2019-03-01,29.80877
울쎄라,5,all,2019-04-01,19.64566
울쎄라,5,all,2019-05-01,18.29583
울쎄라,5,all,2019-06-01,22.1541
울쎄라,5,all,2019-07-01,22.64341
울쎄라,5,all,2019-08-01,21.04049
울쎄라,5,all,2019-09-01,17.41282
울쎄라,5,all,2019-10-01,20.79302
울쎄라,5,all,2019-11-01,20.12935
울쎄라,5,all,2019-12-01,21.98537
울쎄라,5,all,2020-01-01,23.47581
울쎄라,5,all,2020-02-01,18.02024
울쎄라,5,all,2020-03-01,16.81102
울쎄라,5,all,2020-04-01,25.36557
울쎄라,5,all,2020-05-01,21.39482
울쎄라,5,all,2020-06-01,18.74015
울쎄라,5,all,2020-07-01,23.77952
울쎄라,5,all,2020-08-01,23.09898
울쎄라,5,all,2020-09-01,21.02924
울쎄라,5,all,2020-10-01,20.64679
울쎄라,5,all,2020-11-01,19.09448
울쎄라,5,all,2020-12-01,20.12373
울쎄라,5,all,2021-01-01,20.80989
울쎄라,5,all,2021-02-01,20.39932
울쎄라,5,all,2021-03-01,29.96625
울쎄라,5,all,2021-04-01,23.59392
울쎄라,5,all,2021-05-01,22.54218
울쎄라,5,all,2021-06-01,23.41394
울쎄라,5,all,2021-07-01,21.77165
울쎄라,5,all,2021-08-01,22.62654
울쎄라,5,all,2021-09-01,23.29021
울쎄라,5,all,2021-10-01,25.02249
울쎄라,5,all,2021-11-01,26.35545
울쎄라,5,all,2021-12-01,26.09111
울쎄라,5,all,2022-01-01,32.78402
울쎄라,5,all,2022-02-01,29.5838
울쎄라,5,all,2022-03-01,30.69178
울쎄라,5,all,2022-04-01,32.68841
울쎄라,5,all,2022-05-01,33.21147
울쎄라,5,all,2022-06-01,30.96175
울쎄라,5,all,2022-07-01,30.37682
울쎄라,5,all,2022-08-01,36.14173
울쎄라,5,all,2022-09-01,33.97637
울쎄라,5,all,2022-10-01,33.11023
울쎄라,5,all,2022-11-01,35.45556
울쎄라,5,all,2022-12-01,40.60179
울쎄라,5,all,2023-01-01,77.75028
울쎄라,5,all,2023-02-01,75.44994
울쎄라,5,all,2023-03-01,66.88413
울쎄라,5,all,2023-04-01,77.03037
울쎄라,5,all,2023-05-01,54.03824
울쎄라,5,all,2023-06-01,41.05174
울쎄라,5,all,2023-07-01,40.59617
울쎄라,5,all,2023-08-01,40.92238
울쎄라,5,all,2023-09-01,41.42857
울쎄라,5,all,2023-10-01,37.55905
울쎄라,5,all,2023-11-01,38.46456
울쎄라,5,all,2023-12-01,99.50506
울쎄라,5,all,2024-01-01,84.81439
울쎄라,5,all,2024-02-01,73.89201
울쎄라,5,all,2024-03-01,71.5298
울쎄라,5,all,2024-04-01,61.14173
울쎄라,5,all,2024-05-01,85.21372
울쎄라,5,all,2024-06-01,60.16872
울쎄라,5,all,2024-07-01,79.21822
울쎄라,5,all,2024-08-01,69.3307
울쎄라,5,all,2024-09-01,62.34533
울쎄라,5,all,2024-10-01,59.20134
울쎄라,5,all,2024-11-01,56.61979
울쎄라,5,all,2024-12-01,75.96175
울쎄라,5,all,2025-01-01,94.55005
울쎄라,5,all,2025-02-01,80.90551
울쎄라,5,all,2025-03-01,100.0
울쎄라,5,all,2025-04-01,97.40157
울쎄라,5,all,2025-05-01,90.58492
울쎄라,5,all,2025-06-01,81.49606
울쎄라,5,all,2025-07-01,79.08886
울쎄라,5,all,2025-08-01,77.84589
울쎄라,5,all,2025-09-01,66.71541
울쎄라,5,all,2025-10-01,60.44431
울쎄라,5,all,2025-11-01,51.1361
울쎄라,5,all,2025-12-01,56.37795
울쎄라,5,f,2016-01-01,11.52728
울쎄라,5,f,2016-02-01,13.05134
울쎄라,5,f,2016-03-01,14.20083
울쎄라,5,f,2016-04-01,14.13626
울쎄라,5,f,2016-05-01,14.70455
울쎄라,5,f,2016-06-01,13.40006
울쎄라,5,f,2016-07-01,13.19987
울쎄라,5,f,2016-08-01,14.175
울쎄라,5,f,2016-09-01,13.17403
울쎄라,5,f,2016-10-01,14.0071
울쎄라,5,f,2016-11-01,19.21214
울쎄라,5,f,2016-12-01,18.46948
울쎄라,5,f,2017-01-01,18.74071
울쎄라,5,f,2017-02-01,22.79625
울쎄라,5,f,2017-03-01,31.10106
울쎄라,5,f,2017-04-01,15.91863
울쎄라,5,f,2017-05-01,14.68517
울쎄라,5,f,2017-06-01,12.80594
울쎄라,5,f,2017-07-01,13.42589
울쎄라,5,f,2017-08-01,14.83371
울쎄라,5,f,2017-09-01,14.89183
울쎄라,5,f,2017-10-01,15.58282
울쎄라,5,f,2017-11-01,14.5431
울쎄라,5,f,2017-12-01,16.76461
울쎄라,5,f,2018-01-01,17.72037
울쎄라,5,f,2018-02-01,15.69906
울쎄라,5,f,2018-03-01,20.06457
울쎄라,5,f,2018-04-01,17.44268
울쎄라,5,f,2018-05-01,14.0523
울쎄라,5,f,2018-06-01,11.32709
울쎄라,5,f,2018-07-01,12.92218
울쎄라,5,f,2018-08-01,15.09202
울쎄라,5,f,2018-09-01,12.9803
울쎄라,5,f,2018-10-01,17.43622
울쎄라,5,f,2018-11-01,30.75879
울쎄라,5,f,2018-12-01,23.84888
울쎄라,5,f,2019-01-01,26.61285
울쎄라,5,f,2019-02-01,20.36164
울쎄라,5,f,2019-03-01,30.34549
울쎄라,5,f,2019-04-01,19.63835
울쎄라,5,f,2019-05-01,18.05618
울쎄라,5,f,2019-06-01,22.27316
울쎄라,5,f,2019-07-01,23.02227
울쎄라,5,f,2019-08-01,21.08492
울쎄라,5,f,2019-09-01,17.57184
울쎄라,5,f,2019-10-01,20.67807
울쎄라,5,f,2019-11-01,19.86438
울쎄라,5,f,2019-12-01,21.51113
울쎄라,5,f,2020-01-01,23.17081
울쎄라,5,f,2020-02-01,17.21666
울쎄라,5,f,2020-03-01,15.82822
울쎄라,5,f,2020-04-01,24.53341
울쎄라,5,f,2020-05-01,20.61995
울쎄라,5,f,2020-06-01,17.70745
울쎄라,5,f,2020-07-01,22.65418
울쎄라,5,f,2020-08-01,21.93735
울쎄라,5,f,2020-09-01,19.85146
울쎄라,5,f,2020-10-01,19.87084
울쎄라,5,f,2020-11-01,18.45011
울쎄라,5,f,2020-12-01,19.11527
울쎄라,5,f,2021-01-01,20.22602
울쎄라,5,f,2021-02-01,20.0452
울쎄라,5,f,2021-03-01,29.89344
울쎄라,5,f,2021-04-01,23.28059
울쎄라,5,f,2021-05-01,21.85986
울쎄라,5,f,2021-06-01,21.95027
울쎄라,5,f,2021-07-01,20.96222
울쎄라,5,f,2021-08-01,21.96964
울쎄라,5,f,2021-09-01,21.80174
울쎄라,5,f,2021-10-01,23.53245
울쎄라,5,f,2021-11-01,24.35905
울쎄라,5,f,2021-12-01,24.68195
울쎄라,5,f,2022-01-01,31.37875
울쎄라,5,f,2022-02-01,28.69874
울쎄라,5,f,2022-03-01,29.51243
울쎄라,5,f,2022-04-01,31.24313
울쎄라,5,f,2022-05-01,31.8308
울쎄라,5,f,2022-06-01,29.82886
울쎄라,5,f,2022-07-01,28.77623
울쎄라,5,f,2022-08-01,34.48498
울쎄라,5,f,2022-09-01,31.66935
울쎄라,5,f,2022-10-01,31.69518
울쎄라,5,f,2022-11-01,33.89086
울쎄라,5,f,2022-12-01,38.90862
울쎄라,5,f,2023-01-01,60.56183
울쎄라,5,f,2023-02-01,65.18566
울쎄라,5,f,2023-03-01,57.70745
울쎄라,5,f,2023-04-01,64.77236
울쎄라,5,f,2023-05-01,50.62318
울쎄라,5,f,2023-06-01,37.40393
울쎄라,5,f,2023-07-01,38.30158
울쎄라,5,f,2023-08-01,38.41782
울쎄라,5,f,2023-09-01,38.67613
울쎄라,5,f,2023-10-01,34.36874
울쎄라,5,f,2023-11-01,35.55699
울쎄라,5,f,2023-12-01,100.0
울쎄라,5,f,2024-01-01,83.44204
울쎄라,5,f,2024-02-01,70.67484
울쎄라,5,f,2024-03-01,67.5234
울쎄라,5,f,2024-04-01,57.21666
울쎄라,5,f,2024-05-01,74.74975
울쎄라,5,f,2024-06-01,51.81788
울쎄라,5,f,2024-07-01,69.07329
울쎄라,5,f,2024-08-01,62.69938
울쎄라,5,f,2024-09-01,55.49886
울쎄라,5,f,2024-10-01,50.50048
울쎄라,5,f,2024-11-01,50.33903
울쎄라,5,f,2024-12-01,66.67097
울쎄라,5,f,2025-01-01,85.08879
울쎄라,5,f,2025-02-01,73.03842
울쎄라,5,f,2025-03-01,80.75556
울쎄라,5,f,2025-04-01,82.47981
울쎄라,5,f,2025-05-01,73.50339
울쎄라,5,f,2025-06-01,65.4246
울쎄라,5,f,2025-07-01,61.95673
울쎄라,5,f,2025-08-01,65.7927
울쎄라,5,f,2025-09-01,57.72037
울쎄라,5,f,2025-10-01,51.67581
울쎄라,5,f,2025-11-01,43.46141
울쎄라,5,f,2025-12-01,46.97449
울쎄라,5,m,2016-01-01,11.29857
울쎄라,5,m,2016-02-01,8.6635
울쎄라,5,m,2016-03-01,12.36018
울쎄라,5,m,2016-04-01,9.28909
울쎄라,5,m,2016-05-01,34.31279
울쎄라,5,m,2016-06-01,6.06635
울쎄라,5,m,2016-07-01,5.5545
울쎄라,5,m,2016-08-01,7.05213
울쎄라,5,m,2016-09-01,4.75829
울쎄라,5,m,2016-10-01,6.18009
울쎄라,5,m,2016-11-01,9.08056
울쎄라,5,m,2016-12-01,12.62559
울쎄라,5,m,2017-01-01,6.19905
울쎄라,5,m,2017-02-01,5.91469
울쎄라,5,m,2017-03-01,12.77725
울쎄라,5,m,2017-04-01,5.09952
울쎄라,5,m,2017-05-01,5.63033
울쎄라,5,m,2017-06-01,5.06161
울쎄라,5,m,2017-07-01,4.3981
울쎄라,5,m,2017-08-01,5.28909
울쎄라,5,m,2017-09-01,5.08056
울쎄라,5,m,2017-10-01,4.47393
울쎄라,5,m,2017-11-01,4.98578
울쎄라,5,m,2017-12-01,4.34123
울쎄라,5,m,2018-01-01,5.51658
울쎄라,5,m,2018-02-01,6.04739
울쎄라,5,m,2018-03-01,5.45971
울쎄라,5,m,2018-04-01,5.85781
울쎄라,5,m,2018-05-01,6.35071
울쎄라,5,m,2018-06-01,4.96682
울쎄라,5,m,2018-07-01,5.49763
울쎄라,5,m,2018-08-01,7.18483
울쎄라,5,m,2018-09-01,5.70616
울쎄라,5,m,2018-10-01,11.16587
울쎄라,5,m,2018-11-01,27.22274
울쎄라,5,m,2018-12-01,15.58293
울쎄라,5,m,2019-01-01,11.2417
울쎄라,5,m,2019-02-01,6.48341
울쎄라,5,m,2019-03-01,11.39336
울쎄라,5,m,2019-04-01,8.56872
울쎄라,5,m,2019-05-01,8.6635
울쎄라,5,m,2019-06-01,9.28909
울쎄라,5,m,2019-07-01,8.73933
울쎄라,5,m,2019-08-01,9.02369
울쎄라,5,m,2019-09-01,7.109
울쎄라,5,m,2019-10-01,9.38388
울쎄라,5,m,2019-11-01,9.53554
울쎄라,5,m,2019-12-01,10.95734
울쎄라,5,m,2020-01-01,11.109
울쎄라,5,m,2020-02-01,10.19905
울쎄라,5,m,2020-03-01,10.19905
울쎄라,5,m,2020-04-01,13.47867
울쎄라,5,m,2020-05-01,11.58293
울쎄라,5,m,2020-06-01,11.18483
울쎄라,5,m,2020-07-01,13.64928
울쎄라,5,m,2020-08-01,13.45971
울쎄라,5,m,2020-09-01,12.60663
울쎄라,5,m,2020-10-01,11.26066
울쎄라,5,m,2020-11-01,10.19905
울쎄라,5,m,2020-12-01,11.71563
울쎄라,5,m,2021-01-01,10.76777
울쎄라,5,m,2021-02-01,9.91469
울쎄라,5,m,2021-03-01,13.25118
울쎄라,5,m,2021-04-01,11.18483
울쎄라,5,m,2021-05-01,11.81042
울쎄라,5,m,2021-06-01,14.48341
울쎄라,5,m,2021-07-01,11.84834
울쎄라,5,m,2021-08-01,11.77251
울쎄라,5,m,2021-09-01,14.50236
울쎄라,5,m,2021-10-01,15.26066
울쎄라,5,m,2021-11-01,17.32701
울쎄라,5,m,2021-12-01,15.48815
울쎄라,5,m,2022-01-01,18.38862
울쎄라,5,m,2022-02-01,15.46919
울쎄라,5,m,2022-03-01,16.81516
울쎄라,5,m,2022-04-01,18.46445
울쎄라,5,m,2022-05-01,18.50236
울쎄라,5,m,2022-06-01,16.7962
울쎄라,5,m,2022-07-01,17.91469
울쎄라,5,m,2022-08-01,20.58767
울쎄라,5,m,2022-09-01,21.5545
울쎄라,5,m,2022-10-01,18.55924
울쎄라,5,m,2022-11-01,20.01895
울쎄라,5,m,2022-12-01,22.63507
울쎄라,5,m,2023-01-01,84.28436
울쎄라,5,m,2023-02-01,62.95734
울쎄라,5,m,2023-03-01,56.03791
울쎄라,5,m,2023-04-01,69.49763
울쎄라,5,m,2023-05-01,33.53554
울쎄라,5,m,2023-06-01,28.56872
울쎄라,5,m,2023-07-01,24.3981
울쎄라,5,m,2023-08-01,25.15639
울쎄라,5,m,2023-09-01,26.10426
울쎄라,5,m,2023-10-01,25.70616
울쎄라,5,m,2023-11-01,25.27014
울쎄라,5,m,2023-12-01,41.83886
울쎄라,5,m,2024-01-01,40.9289
울쎄라,5,m,2024-02-01,41.59241
울쎄라,5,m,2024-03-01,42.88151
울쎄라,5,m,2024-04-01,38.12322
울쎄라,5,m,2024-05-01,67.79146
울쎄라,5,m,2024-06-01,50.69194
울쎄라,5,m,2024-07-01,64.24644
울쎄라,5,m,2024-08-01,49.63033
울쎄라,5,m,2024-09-01,47.22274
울쎄라,5,m,2024-10-01,51.29857
울쎄라,5,m,2024-11-01,43.07109
울쎄라,5,m,2024-12-01,60.32227
울쎄라,5,m,2025-01-01,68.90995
울쎄라,5,m,2025-02-01,58.29383
울쎄라,5,m,2025-03-01,100.0
울쎄라,5,m,2025-04-01,86.18009
울쎄라,5,m,2025-05-01,89.5545
울쎄라,5,m,2025-06-01,82.63507
울쎄라,5,m,2025-07-01,84.70142
울쎄라,5,m,2025-08-01,69.25118
울쎄라,5,m,2025-09-01,55.43127
울쎄라,5,m,2025-10-01,52.03791
울쎄라,5,m,2025-11-01,44.77725
울쎄라,5,m,2025-12-01,52.1327
울쎄라,6,all,2016-01-01,11.76931
울쎄라,6,all,2016-02-01,10.90667
울쎄라,6,all,2016-03-01,12.85516
울쎄라,6,all,2016-04-01,12.48114
울쎄라,6,all,2016-05-01,18.28436
울쎄라,6,all,2016-06-01,11.32291
울쎄라,6,all,2016-07-01,10.99113
울쎄라,6,all,2016-08-01,11.03939
울쎄라,6,all,2016-09-01,10.61108
울쎄라,6,all,2016-10-01,11.22639
울쎄라,6,all,2016-11-01,16.54099
울쎄라,6,all,2016-12-01,16.88484
울쎄라,6,all,2017-01-01,15.91964
울쎄라,6,all,2017-02-01,18.7368
울쎄라,6,all,2017-03-01,23.38179
울쎄라,6,all,2017-04-01,14.17023
울쎄라,6,all,2017-05-01,12.86722
울쎄라,6,all,2017-06-01,11.36514
울쎄라,6,all,2017-07-01,11.86583
울쎄라,6,all,2017-08-01,13.0301
울쎄라,6,all,2017-09-01,13.62128
울쎄라,6,all,2017-10-01,14.48392
울쎄라,6,all,2017-11-01,13.20504
울쎄라,6,all,2017-12-01,14.78554
울쎄라,6,all,2018-01-01,16.17904
울쎄라,6,all,2018-02-01,15.14146
울쎄라,6,all,2018-03-01,17.07787
울쎄라,6,all,2018-04-01,15.69644
울쎄라,6,all,2018-05-01,13.76002
울쎄라,6,all,2018-06-01,11.6547
울쎄라,6,all,2018-07-01,12.51734
울쎄라,6,all,2018-08-01,13.74193
울쎄라,6,all,2018-09-01,12.92755
울쎄라,6,all,2018-10-01,20.2992
울쎄라,6,all,2018-11-01,38.14924
울쎄라,6,all,2018-12-01,27.22446
울쎄라,6,all,2019-01-01,26.62725
울쎄라,6,all,2019-02-01,19.03239
울쎄라,6,all,2019-03-01,25.74048
울쎄라,6,all,2019-04-01,16.69783
울쎄라,6,all,2019-05-01,17.1382
울쎄라,6,all,2019-06-01,19.20733
울쎄라,6,all,2019-07-01,20.74561
울쎄라,6,all,2019-08-01,19.31591
울쎄라,6,all,2019-09-01,15.99806
울쎄라,6,all,2019-10-01,20.04584
울쎄라,6,all,2019-11-01,21.87368
울쎄라,6,all,2019-12-01,21.60221
울쎄라,6,all,2020-01-01,23.72564
울쎄라,6,all,2020-02-01,18.29643
울쎄라,6,all,2020-03-01,16.21523
울쎄라,6,all,2020-04-01,25.49918
울쎄라,6,all,2020-05-01,23.12843
울쎄라,6,all,2020-06-01,18.65838
울쎄라,6,all,2020-07-01,25.13723
울쎄라,6,all,2020-08-01,23.22495
울쎄라,6,all,2020-09-01,24.31079
울쎄라,6,all,2020-10-01,22.00639
울쎄라,6,all,2020-11-01,21.2463
울쎄라,6,all,2020-12-01,20.70941
울쎄라,6,all,2021-01-01,21.38505
울쎄라,6,all,2021-02-01,19.75628
울쎄라,6,all,2021-03-01,27.2124
울쎄라,6,all,2021-04-01,22.48295
울쎄라,6,all,2021-05-01,22.22356
울쎄라,6,all,2021-06-01,23.44815
울쎄라,6,all,2021-07-01,22.18736
울쎄라,6,all,2021-08-01,22.93539
울쎄라,6,all,2021-09-01,23.88852
울쎄라,6,all,2021-10-01,26.60915
울쎄라,6,all,2021-11-01,30.07781
울쎄라,6,all,2021-12-01,29.11262
울쎄라,6,all,2022-01-01,31.41702
울쎄라,6,all,2022-02-01,27.61657
울쎄라,6,all,2022-03-01,29.21517
울쎄라,6,all,2022-04-01,32.99149
울쎄라,6,all,2022-05-01,35.89913
울쎄라,6,all,2022-06-01,32.32792
울쎄라,6,all,2022-07-01,31.79706
울쎄라,6,all,2022-08-01,34.91584
울쎄라,6,all,2022-09-01,32.20727
울쎄라,6,all,2022-10-01,32.26759
울쎄라,6,all,2022-11-01,36.79797
울쎄라,6,all,2022-12-01,48.04246
울쎄라,6,all,2023-01-01,62.06792
울쎄라,6,all,2023-02-01,67.20757
울쎄라,6,all,2023-03-01,60.96398
울쎄라,6,all,2023-04-01,67.84098
울쎄라,6,all,2023-05-01,52.87446
울쎄라,6,all,2023-06-01,38.97568
울쎄라,6,all,2023-07-01,40.42951
울쎄라,6,all,2023-08-01,38.86107
울쎄라,6,all,2023-09-01,37.80539
울쎄라,6,all,2023-10-01,34.95807
울쎄라,6,all,2023-11-01,36.61096
울쎄라,6,all,2023-12-01,100.0
울쎄라,6,all,2024-01-01,83.68221
울쎄라,6,all,2024-02-01,64.21547
울쎄라,6,all,2024-03-01,61.79646
울쎄라,6,all,2024-04-01,54.76865
울쎄라,6,all,2024-05-01,82.1379
울쎄라,6,all,2024-06-01,55.05218
울쎄라,6,all,2024-07-01,66.67068
울쎄라,6,all,2024-08-01,61.39229
울쎄라,6,all,2024-09-01,49.73155
울쎄라,6,all,2024-10-01,50.08143
울쎄라,6,all,2024-11-01,50.86565
울쎄라,6,all,2024-12-01,65.08415
울쎄라,6,all,2025-01-01,90.48681
울쎄라,6,all,2025-02-01,78.86227
울쎄라,6,all,2025-03-01,92.49562
울쎄라,6,all,2025-04-01,86.33045
울쎄라,6,all,2025-05-01,80.90124
울쎄라,6,all,2025-06-01,70.19967
울쎄라,6,all,2025-07-01,68.8484
울쎄라,6,all,2025-08-01,70.88737
울쎄라,6,all,2025-09-01,60.26422
울쎄라,6,all,2025-10-01,53.39928
울쎄라,6,all,2025-11-01,45.30373
울쎄라,6,all,2025-12-01,53.70091
울쎄라,6,f,2016-01-01,9.50198
울쎄라,6,f,2016-02-01,8.63319
울쎄라,6,f,2016-03-01,10.33657
울쎄라,6,f,2016-04-01,10.52127
울쎄라,6,f,2016-05-01,12.84717
울쎄라,6,f,2016-06-01,9.90559
울쎄라,6,f,2016-07-01,10.58968
울쎄라,6,f,2016-08-01,10.43234
울쎄라,6,f,2016-09-01,10.58284
울쎄라,6,f,2016-10-01,10.74702
울쎄라,6,f,2016-11-01,15.75454
울쎄라,6,f,2016-12-01,15.70666
울쎄라,6,f,2017-01-01,15.62457
울쎄라,6,f,2017-02-01,18.43617
울쎄라,6,f,2017-03-01,22.51333
울쎄라,6,f,2017-04-01,13.88014
울쎄라,6,f,2017-05-01,12.73087
울쎄라,6,f,2017-06-01,10.87016
울쎄라,6,f,2017-07-01,11.80736
울쎄라,6,f,2017-08-01,12.83349
울쎄라,6,f,2017-09-01,13.66808
울쎄라,6,f,2017-10-01,14.74893
울쎄라,6,f,2017-11-01,13.2371
울쎄라,6,f,2017-12-01,15.13886
울쎄라,6,f,2018-01-01,16.43179
울쎄라,6,f,2018-02-01,15.42618
울쎄라,6,f,2018-03-01,17.32111
울쎄라,6,f,2018-04-01,15.72718
울쎄라,6,f,2018-05-01,13.61335
울쎄라,6,f,2018-06-01,11.46531
울쎄라,6,f,2018-07-01,12.66931
울쎄라,6,f,2018-08-01,13.5723
울쎄라,6,f,2018-09-01,12.7856
울쎄라,6,f,2018-10-01,18.63456
울쎄라,6,f,2018-11-01,33.27404
울쎄라,6,f,2018-12-01,25.66698
울쎄라,6,f,2019-01-01,26.82993
울쎄라,6,f,2019-02-01,19.22287
울쎄라,6,f,2019-03-01,26.07743
울쎄라,6,f,2019-04-01,16.56861
울쎄라,6,f,2019-05-01,16.07607
울쎄라,6,f,2019-06-01,18.62087
울쎄라,6,f,2019-07-01,20.59789
울쎄라,6,f,2019-08-01,18.90819
울쎄라,6,f,2019-09-01,15.85032
울쎄라,6,f,2019-10-01,19.4623
울쎄라,6,f,2019-11-01,21.82925
울쎄라,6,f,2019-12-01,21.28198
울쎄라,6,f,2020-01-01,23.31372
울쎄라,6,f,2020-02-01,17.7726
울쎄라,6,f,2020-03-01,15.30989
울쎄라,6,f,2020-04-01,25.37966
울쎄라,6,f,2020-05-01,22.83486
울쎄라,6,f,2020-06-01,18.05308
울쎄라,6,f,2020-07-01,24.67505
울쎄라,6,f,2020-08-01,22.35599
울쎄라,6,f,2020-09-01,23.73101
울쎄라,6,f,2020-10-01,21.83609
울쎄라,6,f,2020-11-01,21.02202
울쎄라,6,f,2020-12-01,20.33109
울쎄라,6,f,2021-01-01,20.86468
울쎄라,6,f,2021-02-01,19.58544
울쎄라,6,f,2021-03-01,27.16513
울쎄라,6,f,2021-04-01,22.43124
울쎄라,6,f,2021-05-01,21.82925
울쎄라,6,f,2021-06-01,22.52018
울쎄라,6,f,2021-07-01,21.80872
울쎄라,6,f,2021-08-01,22.45861
울쎄라,6,f,2021-09-01,23.38213
울쎄라,6,f,2021-10-01,26.01587
울쎄라,6,f,2021-11-01,29.43631
울쎄라,6,f,2021-12-01,28.44438
울쎄라,6,f,2022-01-01,30.12724
울쎄라,6,f,2022-02-01,26.73416
울쎄라,6,f,2022-03-01,28.24599
울쎄라,6,f,2022-04-01,31.9948
울쎄라,6,f,2022-05-01,35.40155
울쎄라,6,f,2022-06-01,31.74852
울쎄라,6,f,2022-07-01,30.46244
울쎄라,6,f,2022-08-01,34.12915
울쎄라,6,f,2022-09-01,30.81132
울쎄라,6,f,2022-10-01,31.71432
울쎄라,6,f,2022-11-01,35.67519
울쎄라,6,f,2022-12-01,46.92844
울쎄라,6,f,2023-01-01,53.48884
울쎄라,6,f,2023-02-01,61.00013
울쎄라,6,f,2023-03-01,55.82843
울쎄라,6,f,2023-04-01,57.88069
울쎄라,6,f,2023-05-01,48.05718
울쎄라,6,f,2023-06-01,35.34683
울쎄라,6,f,2023-07-01,36.31823
울쎄라,6,f,2023-08-01,35.08687
울쎄라,6,f,2023-09-01,35.1074
울쎄라,6,f,2023-10-01,32.59679
울쎄라,6,f,2023-11-01,34.19072
울쎄라,6,f,2023-12-01,100.0
울쎄라,6,f,2024-01-01,81.43384
울쎄라,6,f,2024-02-01,62.03995
울쎄라,6,f,2024-03-01,58.09276
울쎄라,6,f,2024-04-01,50.9372
울쎄라,6,f,2024-05-01,71.77452
울쎄라,6,f,2024-06-01,48.35134
울쎄라,6,f,2024-07-01,60.24763
울쎄라,6,f,2024-08-01,56.01997
울쎄라,6,f,2024-09-01,45.21138
울쎄라,6,f,2024-10-01,45.10877
울쎄라,6,f,2024-11-01,46.83267
울쎄라,6,f,2024-12-01,59.22834
울쎄라,6,f,2025-01-01,82.25475
울쎄라,6,f,2025-02-01,69.64701
울쎄라,6,f,2025-03-01,72.00027
울쎄라,6,f,2025-04-01,70.09166
울쎄라,6,f,2025-05-01,65.39198
울쎄라,6,f,2025-06-01,56.31413
울쎄라,6,f,2025-07-01,52.1754
울쎄라,6,f,2025-08-01,58.81789
울쎄라,6,f,2025-09-01,51.79231
울쎄라,6,f,2025-10-01,45.66288
울쎄라,6,f,2025-11-01,37.93952
울쎄라,6,f,2025-12-01,45.19086
울쎄라,6,m,2016-01-01,11.68885
울쎄라,6,m,2016-02-01,11.35607
울쎄라,6,m,2016-03-01,12.89517
울쎄라,6,m,2016-04-01,11.04409
울쎄라,6,m,2016-05-01,23.98086
울쎄라,6,m,2016-06-01,8.92262
울쎄라,6,m,2016-07-01,5.69883
울쎄라,6,m,2016-08-01,6.34359
울쎄라,6,m,2016-09-01,4.40931
울쎄라,6,m,2016-10-01,6.03161
울쎄라,6,m,2016-11-01,9.13061
울쎄라,6,m,2016-12-01,10.46173
울쎄라,6,m,2017-01-01,7.38352
울쎄라,6,m,2017-02-01,8.54825
울쎄라,6,m,2017-03-01,12.16722
울쎄라,6,m,2017-04-01,6.65557
울쎄라,6,m,2017-05-01,5.65723
울쎄라,6,m,2017-06-01,6.1356
울쎄라,6,m,2017-07-01,5.01247
울쎄라,6,m,2017-08-01,5.90682
울쎄라,6,m,2017-09-01,5.40765
울쎄라,6,m,2017-10-01,5.09567
울쎄라,6,m,2017-11-01,5.28286
울쎄라,6,m,2017-12-01,4.95008
울쎄라,6,m,2018-01-01,5.82362
울쎄라,6,m,2018-02-01,5.30366
울쎄라,6,m,2018-03-01,6.2188
울쎄라,6,m,2018-04-01,6.30199
울쎄라,6,m,2018-05-01,6.05241
울쎄라,6,m,2018-06-01,5.32445
울쎄라,6,m,2018-07-01,4.6381
울쎄라,6,m,2018-08-01,6.1148
울쎄라,6,m,2018-09-01,5.69883
울쎄라,6,m,2018-10-01,13.33194
울쎄라,6,m,2018-11-01,30.36605
울쎄라,6,m,2018-12-01,15.82778
울쎄라,6,m,2019-01-01,10.23294
울쎄라,6,m,2019-02-01,7.17554
울쎄라,6,m,2019-03-01,9.46339
울쎄라,6,m,2019-04-01,7.19633
울쎄라,6,m,2019-05-01,10.21214
울쎄라,6,m,2019-06-01,9.60898
울쎄라,6,m,2019-07-01,8.90183
울쎄라,6,m,2019-08-01,9.10981
울쎄라,6,m,2019-09-01,6.96755
울쎄라,6,m,2019-10-01,9.94176
울쎄라,6,m,2019-11-01,9.04742
울쎄라,6,m,2019-12-01,9.77537
울쎄라,6,m,2020-01-01,10.9193
울쎄라,6,m,2020-02-01,9.04742
울쎄라,6,m,2020-03-01,9.3594
울쎄라,6,m,2020-04-01,10.75291
울쎄라,6,m,2020-05-01,10.31613
울쎄라,6,m,2020-06-01,9.44259
울쎄라,6,m,2020-07-01,11.64725
울쎄라,6,m,2020-08-01,12.10482
울쎄라,6,m,2020-09-01,11.66805
울쎄라,6,m,2020-10-01,9.48419
울쎄라,6,m,2020-11-01,9.3386
울쎄라,6,m,2020-12-01,9.58818
울쎄라,6,m,2021-01-01,10.29534
울쎄라,6,m,2021-02-01,8.56905
울쎄라,6,m,2021-03-01,11.23128
울쎄라,6,m,2021-04-01,9.3178
울쎄라,6,m,2021-05-01,10.25374
울쎄라,6,m,2021-06-01,12.3752
울쎄라,6,m,2021-07-01,10.19134
울쎄라,6,m,2021-08-01,10.7945
울쎄라,6,m,2021-09-01,11.27287
울쎄라,6,m,2021-10-01,12.64559
울쎄라,6,m,2021-11-01,14.20549
울쎄라,6,m,2021-12-01,13.89351
울쎄라,6,m,2022-01-01,16.72212
울쎄라,6,m,2022-02-01,13.9351
울쎄라,6,m,2022-03-01,14.85024
울쎄라,6,m,2022-04-01,16.47254
울쎄라,6,m,2022-05-01,16.13976
울쎄라,6,m,2022-06-01,14.93344
울쎄라,6,m,2022-07-01,17.01331
울쎄라,6,m,2022-08-01,16.61813
울쎄라,6,m,2022-09-01,17.36688
울쎄라,6,m,2022-10-01,14.82945
울쎄라,6,m,2022-11-01,18.40682
울쎄라,6,m,2022-12-01,22.96173
울쎄라,6,m,2023-01-01,51.37271
울쎄라,6,m,2023-02-01,46.25623
울쎄라,6,m,2023-03-01,40.45341
울쎄라,6,m,2023-04-01,57.92429
울쎄라,6,m,2023-05-01,36.18968
울쎄라,6,m,2023-06-01,26.91347
울쎄라,6,m,2023-07-01,28.97254
울쎄라,6,m,2023-08-01,27.30865
울쎄라,6,m,2023-09-01,23.60648
울쎄라,6,m,2023-10-01,21.42262
울쎄라,6,m,2023-11-01,22.27537
울쎄라,6,m,2023-12-01,40.74459
울쎄라,6,m,2024-01-01,40.93178
울쎄라,6,m,2024-02-01,32.7787
울쎄라,6,m,2024-03-01,36.43926
울쎄라,6,m,2024-04-01,33.96422
울쎄라,6,m,2024-05-01,64.97504
울쎄라,6,m,2024-06-01,42.80366
울쎄라,6,m,2024-07-01,46.69301
울쎄라,6,m,2024-08-01,41.34775
울쎄라,6,m,2024-09-01,34.00582
울쎄라,6,m,2024-10-01,35.52412
울쎄라,6,m,2024-11-01,32.98668
울쎄라,6,m,2024-12-01,44.32196
울쎄라,6,m,2025-01-01,61.89683
울쎄라,6,m,2025-02-01,60.14975
울쎄라,6,m,2025-03-01,100.0
울쎄라,6,m,2025-04-01,84.54658
울쎄라,6,m,2025-05-01,80.11647
울쎄라,6,m,2025-06-01,70.81946
울쎄라,6,m,2025-07-01,78.74376
울쎄라,6,m,2025-08-01,65.5782
울쎄라,6,m,2025-09-01,50.31198
울쎄라,6,m,2025-10-01,45.2787
울쎄라,6,m,2025-11-01,40.84858
울쎄라,6,m,2025-12-01,47.75374
울쎄라,7,all,2016-01-01,8.2516
울쎄라,7,all,2016-02-01,7.62695
울쎄라,7,all,2016-03-01,9.7695
울쎄라,7,all,2016-04-01,9.10113
울쎄라,7,all,2016-05-01,15.60996
울쎄라,7,all,2016-06-01,16.27834
울쎄라,7,all,2016-07-01,43.26316
울쎄라,7,all,2016-08-01,31.70716
울쎄라,7,all,2016-09-01,31.77587
울쎄라,7,all,2016-10-01,26.55381
울쎄라,7,all,2016-11-01,25.87919
울쎄라,7,all,2016-12-01,18.8269
울쎄라,7,all,2017-01-01,12.53669
울쎄라,7,all,2017-02-01,10.58154
울쎄라,7,all,2017-03-01,12.65538
울쎄라,7,all,2017-04-01,9.51339
울쎄라,7,all,2017-05-01,7.93303
울쎄라,7,all,2017-06-01,6.79617
울쎄라,7,all,2017-07-01,6.94609
울쎄라,7,all,2017-08-01,7.8081
울쎄라,7,all,2017-09-01,8.41401
울쎄라,7,all,2017-10-01,8.33905
울쎄라,7,all,2017-11-01,7.9018
울쎄라,7,all,2017-12-01,8.71384
울쎄라,7,all,2018-01-01,10.10681
울쎄라,7,all,2018-02-01,8.55143
울쎄라,7,all,2018-03-01,9.43844
울쎄라,7,all,2018-04-01,8.91373
울쎄라,7,all,2018-05-01,8.16415
울쎄라,7,all,2018-06-01,6.95233
울쎄라,7,all,2018-07-01,6.63376
울쎄라,7,all,2018-08-01,7.30214
울쎄라,7,all,2018-09-01,7.97051
울쎄라,7,all,2018-10-01,12.56168
울쎄라,7,all,2018-11-01,20.43225
울쎄라,7,all,2018-12-01,17.54638
울쎄라,7,all,2019-01-01,16.27834
울쎄라,7,all,2019-02-01,11.59972
울쎄라,7,all,2019-03-01,13.95465
울쎄라,7,all,2019-04-01,10.36916
울쎄라,7,all,2019-05-01,11.14997
울쎄라,7,all,2019-06-01,12.39927
울쎄라,7,all,2019-07-01,10.90011
울쎄라,7,all,2019-08-01,11.01255
울쎄라,7,all,2019-09-01,9.55087
울쎄라,7,all,2019-10-01,12.30557
울쎄라,7,all,2019-11-01,13.39246
울쎄라,7,all,2019-12-01,13.81098
울쎄라,7,all,2020-01-01,16.45949
울쎄라,7,all,2020-02-01,12.39302
울쎄라,7,all,2020-03-01,10.32544
울쎄라,7,all,2020-04-01,16.34705
울쎄라,7,all,2020-05-01,13.44243
울쎄라,7,all,2020-06-01,11.51227
울쎄라,7,all,2020-07-01,17.57136
울쎄라,7,all,2020-08-01,16.37828
울쎄라,7,all,2020-09-01,18.70822
울쎄라,7,all,2020-10-01,17.16534
울쎄라,7,all,2020-11-01,17.13411
울쎄라,7,all,2020-12-01,14.46061
울쎄라,7,all,2021-01-01,15.80985
울쎄라,7,all,2021-02-01,15.63495
울쎄라,7,all,2021-03-01,21.11312
울쎄라,7,all,2021-04-01,17.72128
울쎄라,7,all,2021-05-01,17.9399
울쎄라,7,all,2021-06-01,19.30788
울쎄라,7,all,2021-07-01,16.87175
울쎄라,7,all,2021-08-01,17.00918
울쎄라,7,all,2021-09-01,20.44474
울쎄라,7,all,2021-10-01,20.48222
울쎄라,7,all,2021-11-01,22.46861
울쎄라,7,all,2021-12-01,24.74233
울쎄라,7,all,2022-01-01,28.31532
울쎄라,7,all,2022-02-01,25.07964
울쎄라,7,all,2022-03-01,27.30963
울쎄라,7,all,2022-04-01,31.46355
울쎄라,7,all,2022-05-01,33.03141
울쎄라,7,all,2022-06-01,31.98201
울쎄라,7,all,2022-07-01,29.27728
울쎄라,7,all,2022-08-01,30.67649
울쎄라,7,all,2022-09-01,30.07683
울쎄라,7,all,2022-10-01,33.28752
울쎄라,7,all,2022-11-01,37.22281
울쎄라,7,all,2022-12-01,54.6505
울쎄라,7,all,2023-01-01,60.07245
울쎄라,7,all,2023-02-01,62.88962
울쎄라,7,all,2023-03-01,60.7908
울쎄라,7,all,2023-04-01,67.76813
울쎄라,7,all,2023-05-01,54.00087
울쎄라,7,all,2023-06-01,40.59591
울쎄라,7,all,2023-07-01,40.55843
울쎄라,7,all,2023-08-01,37.46017
울쎄라,7,all,2023-09-01,38.79692
울쎄라,7,all,2023-10-01,35.7174
울쎄라,7,all,2023-11-01,38.03485
울쎄라,7,all,2023-12-01,93.09763
울쎄라,7,all,2024-01-01,82.97207
울쎄라,7,all,2024-02-01,69.5109
울쎄라,7,all,2024-03-01,61.28427
울쎄라,7,all,2024-04-01,58.70447
울쎄라,7,all,2024-05-01,84.53369
울쎄라,7,all,2024-06-01,60.92198
울쎄라,7,all,2024-07-01,66.84365
울쎄라,7,all,2024-08-01,59.80386
울쎄라,7,all,2024-09-01,47.3671
울쎄라,7,all,2024-10-01,49.01617
울쎄라,7,all,2024-11-01,55.094
울쎄라,7,all,2024-12-01,67.59322
울쎄라,7,all,2025-01-01,100.0
울쎄라,7,all,2025-02-01,85.52064
울쎄라,7,all,2025-03-01,91.12374
울쎄라,7,all,2025-04-01,82.36616
울쎄라,7,all,2025-05-01,74.65175
울쎄라,7,all,2025-06-01,66.13779
울쎄라,7,all,2025-07-01,66.44387
울쎄라,7,all,2025-08-01,68.29283
울쎄라,7,all,2025-09-01,58.61702
울쎄라,7,all,2025-10-01,50.60903
울쎄라,7,all,2025-11-01,43.55674
울쎄라,7,all,2025-12-01,54.68174
울쎄라,7,f,2016-01-01,6.13963
울쎄라,7,f,2016-02-01,5.83671
울쎄라,7,f,2016-03-01,7.68378
울쎄라,7,f,2016-04-01,7.041
울쎄라,7,f,2016-05-01,10.38049
울쎄라,7,f,2016-06-01,15.471
울쎄라,7,f,2016-07-01,41.0048
울쎄라,7,f,2016-08-01,28.76985
울쎄라,7,f,2016-09-01,28.3635
울쎄라,7,f,2016-10-01,23.42814
울쎄라,7,f,2016-11-01,22.42334
울쎄라,7,f,2016-12-01,17.24418
울쎄라,7,f,2017-01-01,11.28186
울쎄라,7,f,2017-02-01,10.35094
울쎄라,7,f,2017-03-01,12.54525
울쎄라,7,f,2017-04-01,9.06538
울쎄라,7,f,2017-05-01,8.00147
울쎄라,7,f,2017-06-01,6.64942
울쎄라,7,f,2017-07-01,6.81196
울쎄라,7,f,2017-08-01,7.47691
울쎄라,7,f,2017-09-01,8.14924
울쎄라,7,f,2017-10-01,8.32656
울쎄라,7,f,2017-11-01,7.57295
울쎄라,7,f,2017-12-01,8.65903
울쎄라,7,f,2018-01-01,10.28444
울쎄라,7,f,2018-02-01,8.42999
울쎄라,7,f,2018-03-01,9.55301
울쎄라,7,f,2018-04-01,8.9915
울쎄라,7,f,2018-05-01,8.07536
울쎄라,7,f,2018-06-01,6.73808
울쎄라,7,f,2018-07-01,6.42039
울쎄라,7,f,2018-08-01,6.98189
울쎄라,7,f,2018-09-01,7.1666
울쎄라,7,f,2018-10-01,11.38529
울쎄라,7,f,2018-11-01,18.44846
울쎄라,7,f,2018-12-01,16.80088
울쎄라,7,f,2019-01-01,16.09161
울쎄라,7,f,2019-02-01,11.99113
울쎄라,7,f,2019-03-01,14.30365
울쎄라,7,f,2019-04-01,10.45437
울쎄라,7,f,2019-05-01,10.74251
울쎄라,7,f,2019-06-01,12.15367
울쎄라,7,f,2019-07-01,10.76468
울쎄라,7,f,2019-08-01,11.14148
울쎄라,7,f,2019-09-01,9.81898
울쎄라,7,f,2019-10-01,12.84078
울쎄라,7,f,2019-11-01,13.69043
울쎄라,7,f,2019-12-01,14.25932
울쎄라,7,f,2020-01-01,16.81566
울쎄라,7,f,2020-02-01,12.69301
울쎄라,7,f,2020-03-01,10.02585
울쎄라,7,f,2020-04-01,16.89693
울쎄라,7,f,2020-05-01,13.8308
울쎄라,7,f,2020-06-01,11.58478
울쎄라,7,f,2020-07-01,17.93867
울쎄라,7,f,2020-08-01,16.23199
울쎄라,7,f,2020-09-01,18.93609
울쎄라,7,f,2020-10-01,17.42149
울쎄라,7,f,2020-11-01,17.02992
울쎄라,7,f,2020-12-01,14.72478
울쎄라,7,f,2021-01-01,15.99556
울쎄라,7,f,2021-02-01,16.0325
울쎄라,7,f,2021-03-01,21.26339
울쎄라,7,f,2021-04-01,17.95345
울쎄라,7,f,2021-05-01,18.52973
울쎄라,7,f,2021-06-01,19.57886
울쎄라,7,f,2021-07-01,17.20724
울쎄라,7,f,2021-08-01,17.70964
울쎄라,7,f,2021-09-01,21.22644
울쎄라,7,f,2021-10-01,21.27077
울쎄라,7,f,2021-11-01,22.45289
울쎄라,7,f,2021-12-01,25.50424
울쎄라,7,f,2022-01-01,29.26486
울쎄라,7,f,2022-02-01,26.13224
울쎄라,7,f,2022-03-01,27.82415
울쎄라,7,f,2022-04-01,32.53047
울쎄라,7,f,2022-05-01,34.45142
울쎄라,7,f,2022-06-01,33.40967
울쎄라,7,f,2022-07-01,30.28444
울쎄라,7,f,2022-08-01,32.24972
울쎄라,7,f,2022-09-01,31.11932
울쎄라,7,f,2022-10-01,35.07942
울쎄라,7,f,2022-11-01,38.89915
울쎄라,7,f,2022-12-01,57.22201
울쎄라,7,f,2023-01-01,57.48799
울쎄라,7,f,2023-02-01,63.97487
울쎄라,7,f,2023-03-01,61.49981
울쎄라,7,f,2023-04-01,67.31437
울쎄라,7,f,2023-05-01,55.42667
울쎄라,7,f,2023-06-01,41.61802
울쎄라,7,f,2023-07-01,42.24602
울쎄라,7,f,2023-08-01,38.44107
울쎄라,7,f,2023-09-01,39.31289
울쎄라,7,f,2023-10-01,36.02512
울쎄라,7,f,2023-11-01,39.03213
울쎄라,7,f,2023-12-01,99.85223
울쎄라,7,f,2024-01-01,87.65422
울쎄라,7,f,2024-02-01,72.87772
울쎄라,7,f,2024-03-01,63.42814
울쎄라,7,f,2024-04-01,59.88917
울쎄라,7,f,2024-05-01,83.65718
울쎄라,7,f,2024-06-01,57.31067
울쎄라,7,f,2024-07-01,62.98485
울쎄라,7,f,2024-08-01,58.21943
울쎄라,7,f,2024-09-01,45.62984
울쎄라,7,f,2024-10-01,47.64684
울쎄라,7,f,2024-11-01,54.22977
울쎄라,7,f,2024-12-01,67.75027
울쎄라,7,f,2025-01-01,100.0
울쎄라,7,f,2025-02-01,84.35168
울쎄라,7,f,2025-03-01,81.26339
울쎄라,7,f,2025-04-01,74.6509
울쎄라,7,f,2025-05-01,68.37827
울쎄라,7,f,2025-06-01,59.4311
울쎄라,7,f,2025-07-01,56.82305
울쎄라,7,f,2025-08-01,62.40118
울쎄라,7,f,2025-09-01,55.07203
울쎄라,7,f,2025-10-01,47.06316
울쎄라,7,f,2025-11-01,39.57148
울쎄라,7,f,2025-12-01,51.08976
울쎄라,7,m,2016-01-01,13.65282
울쎄라,7,m,2016-02-01,12.00891
울쎄라,7,m,2016-03-01,14.60016
울쎄라,7,m,2016-04-01,14.0429
울쎄라,7,m,2016-05-01,30.48202
울쎄라,7,m,2016-06-01,14.26581
울쎄라,7,m,2016-07-01,38.33937
울쎄라,7,m,2016-08-01,32.93396
울쎄라,7,m,2016-09-01,34.77291
울쎄라,7,m,2016-10-01,30.09194
울쎄라,7,m,2016-11-01,30.8721
울쎄라,7,m,2016-12-01,18.94678
울쎄라,7,m,2017-01-01,13.37419
울쎄라,7,m,2017-02-01,8.16383
울쎄라,7,m,2017-03-01,9.13903
울쎄라,7,m,2017-04-01,8.24742
울쎄라,7,m,2017-05-01,5.21036
울쎄라,7,m,2017-06-01,5.23822
울쎄라,7,m,2017-07-01,5.29395
울쎄라,7,m,2017-08-01,6.63137
울쎄라,7,m,2017-09-01,6.79855
울쎄라,7,m,2017-10-01,5.79548
울쎄라,7,m,2017-11-01,6.68709
울쎄라,7,m,2017-12-01,6.21342
울쎄라,7,m,2018-01-01,6.29701
울쎄라,7,m,2018-02-01,6.35274
울쎄라,7,m,2018-03-01,6.07411
울쎄라,7,m,2018-04-01,5.85121
울쎄라,7,m,2018-05-01,5.96266
울쎄라,7,m,2018-06-01,5.60044
울쎄라,7,m,2018-07-01,5.37754
울쎄라,7,m,2018-08-01,6.24129
울쎄라,7,m,2018-09-01,8.52605
울쎄라,7,m,2018-10-01,13.09556
울쎄라,7,m,2018-11-01,21.56589
울쎄라,7,m,2018-12-01,14.90665
울쎄라,7,m,2019-01-01,11.92532
울쎄라,7,m,2019-02-01,6.51992
울쎄라,7,m,2019-03-01,8.30314
울쎄라,7,m,2019-04-01,6.82641
울쎄라,7,m,2019-05-01,9.22262
울쎄라,7,m,2019-06-01,9.47339
울쎄라,7,m,2019-07-01,8.02451
울쎄라,7,m,2019-08-01,7.10504
울쎄라,7,m,2019-09-01,5.57258
울쎄라,7,m,2019-10-01,6.46419
울쎄라,7,m,2019-11-01,8.1081
울쎄라,7,m,2019-12-01,7.82947
울쎄라,7,m,2020-01-01,10.00278
울쎄라,7,m,2020-02-01,7.41153
울쎄라,7,m,2020-03-01,8.24742
울쎄라,7,m,2020-04-01,9.19476
울쎄라,7,m,2020-05-01,7.80161
울쎄라,7,m,2020-06-01,7.6623
울쎄라,7,m,2020-07-01,10.72722
울쎄라,7,m,2020-08-01,11.84173
울쎄라,7,m,2020-09-01,12.03677
울쎄라,7,m,2020-10-01,10.86653
울쎄라,7,m,2020-11-01,12.20395
울쎄라,7,m,2020-12-01,8.97185
울쎄라,7,m,2021-01-01,10.19782
울쎄라,7,m,2021-02-01,9.27835
울쎄라,7,m,2021-03-01,13.98718
울쎄라,7,m,2021-04-01,11.3402
울쎄라,7,m,2021-05-01,10.1421
울쎄라,7,m,2021-06-01,12.28754
울쎄라,7,m,2021-07-01,10.365
울쎄라,7,m,2021-08-01,9.08331
울쎄라,7,m,2021-09-01,11.14516
울쎄라,7,m,2021-10-01,11.14516
울쎄라,7,m,2021-11-01,15.5475
울쎄라,7,m,2021-12-01,14.18222
울쎄라,7,m,2022-01-01,15.93758
울쎄라,7,m,2022-02-01,13.31847
울쎄라,7,m,2022-03-01,16.88492
울쎄라,7,m,2022-04-01,17.66508
울쎄라,7,m,2022-05-01,17.41432
울쎄라,7,m,2022-06-01,16.66202
울쎄라,7,m,2022-07-01,16.38339
울쎄라,7,m,2022-08-01,15.21315
울쎄라,7,m,2022-09-01,16.80133
울쎄라,7,m,2022-10-01,16.18835
울쎄라,7,m,2022-11-01,19.33686
울쎄라,7,m,2022-12-01,27.97436
울쎄라,7,m,2023-01-01,51.15631
울쎄라,7,m,2023-02-01,39.25884
울쎄라,7,m,2023-03-01,39.23098
울쎄라,7,m,2023-04-01,48.42574
울쎄라,7,m,2023-05-01,31.84731
울쎄라,7,m,2023-06-01,24.12928
울쎄라,7,m,2023-07-01,21.59375
울쎄라,7,m,2023-08-01,22.12315
울쎄라,7,m,2023-09-01,24.79799
울쎄라,7,m,2023-10-01,23.46057
울쎄라,7,m,2023-11-01,22.4575
울쎄라,7,m,2023-12-01,38.70158
울쎄라,7,m,2024-01-01,39.53747
울쎄라,7,m,2024-02-01,35.21872
울쎄라,7,m,2024-03-01,34.15993
울쎄라,7,m,2024-04-01,35.99888
울쎄라,7,m,2024-05-01,61.57704
울쎄라,7,m,2024-06-01,55.61437
울쎄라,7,m,2024-07-01,60.6297
울쎄라,7,m,2024-08-01,47.19977
울쎄라,7,m,2024-09-01,39.20312
울쎄라,7,m,2024-10-01,38.95235
울쎄라,7,m,2024-11-01,41.23711
울쎄라,7,m,2024-12-01,46.00167
울쎄라,7,m,2025-01-01,68.93285
울쎄라,7,m,2025-02-01,63.36026
울쎄라,7,m,2025-03-01,100.0
울쎄라,7,m,2025-04-01,85.8735
울쎄라,7,m,2025-05-01,75.11841
울쎄라,7,m,2025-06-01,70.88325
울쎄라,7,m,2025-07-01,82.08414
울쎄라,7,m,2025-08-01,69.29506
울쎄라,7,m,2025-09-01,53.77542
울쎄라,7,m,2025-10-01,48.25856
울쎄라,7,m,2025-11-01,45.05433
울쎄라,7,m,2025-12-01,51.23989
울쎄라,8,all,2016-01-01,7.87501
울쎄라,8,all,2016-02-01,6.13203
울쎄라,8,all,2016-03-01,7.84791
울쎄라,8,all,2016-04-01,8.71489
울쎄라,8,all,2016-05-01,15.14494
울쎄라,8,all,2016-06-01,5.03928
울쎄라,8,all,2016-07-01,4.84963
울쎄라,8,all,2016-08-01,5.16571
울쎄라,8,all,2016-09-01,4.65095
울쎄라,8,all,2016-10-01,6.7371
울쎄라,8,all,2016-11-01,10.07856
울쎄라,8,all,2016-12-01,10.99069
울쎄라,8,all,2017-01-01,7.73954
울쎄라,8,all,2017-02-01,8.20915
울쎄라,8,all,2017-03-01,10.98166
울쎄라,8,all,2017-04-01,6.02366
울쎄라,8,all,2017-05-01,6.55648
울쎄라,8,all,2017-06-01,5.52695
울쎄라,8,all,2017-07-01,7.22478
울쎄라,8,all,2017-08-01,6.63776
울쎄라,8,all,2017-09-01,6.71001
울쎄라,8,all,2017-10-01,6.40296
울쎄라,8,all,2017-11-01,6.15009
울쎄라,8,all,2017-12-01,7.50474
울쎄라,8,all,2018-01-01,8.27237
울쎄라,8,all,2018-02-01,7.05319
울쎄라,8,all,2018-03-01,8.14594
울쎄라,8,all,2018-04-01,7.67632
울쎄라,8,all,2018-05-01,6.89063
울쎄라,8,all,2018-06-01,5.88819
울쎄라,8,all,2018-07-01,5.58114
울쎄라,8,all,2018-08-01,5.92432
울쎄라,8,all,2018-09-01,5.49083
울쎄라,8,all,2018-10-01,11.75833
울쎄라,8,all,2018-11-01,15.89451
울쎄라,8,all,2018-12-01,16.61699
울쎄라,8,all,2019-01-01,14.98238
울쎄라,8,all,2019-02-01,10.18694
울쎄라,8,all,2019-03-01,12.07441
울쎄라,8,all,2019-04-01,8.72392
울쎄라,8,all,2019-05-01,10.23209
울쎄라,8,all,2019-06-01,9.63605
울쎄라,8,all,2019-07-01,9.55477
울쎄라,8,all,2019-08-01,8.88648
울쎄라,8,all,2019-09-01,8.05563
울쎄라,8,all,2019-10-01,10.91845
울쎄라,8,all,2019-11-01,12.11957
울쎄라,8,all,2019-12-01,13.10394
울쎄라,8,all,2020-01-01,14.86498
울쎄라,8,all,2020-02-01,11.55061
울쎄라,8,all,2020-03-01,9.13934
울쎄라,8,all,2020-04-01,13.3839
울쎄라,8,all,2020-05-01,12.02022
울쎄라,8,all,2020-06-01,10.53011
울쎄라,8,all,2020-07-01,15.26234
울쎄라,8,all,2020-08-01,14.03413
울쎄라,8,all,2020-09-01,17.52009
울쎄라,8,all,2020-10-01,14.15153
울쎄라,8,all,2020-11-01,12.57111
울쎄라,8,all,2020-12-01,11.82154
울쎄라,8,all,2021-01-01,12.75173
울쎄라,8,all,2021-02-01,12.52596
울쎄라,8,all,2021-03-01,15.78614
울쎄라,8,all,2021-04-01,14.97335
울쎄라,8,all,2021-05-01,15.1901
울쎄라,8,all,2021-06-01,15.24428
울쎄라,8,all,2021-07-01,14.38634
울쎄라,8,all,2021-08-01,14.90111
울쎄라,8,all,2021-09-01,18.14323
울쎄라,8,all,2021-10-01,18.14323
울쎄라,8,all,2021-11-01,20.80736
울쎄라,8,all,2021-12-01,21.99945
울쎄라,8,all,2022-01-01,25.55766
울쎄라,8,all,2022-02-01,21.8098
울쎄라,8,all,2022-03-01,24.53716
울쎄라,8,all,2022-04-01,27.8154
울쎄라,8,all,2022-05-01,28.14052
울쎄라,8,all,2022-06-01,30.1183
울쎄라,8,all,2022-07-01,26.01824
울쎄라,8,all,2022-08-01,28.97137
울쎄라,8,all,2022-09-01,25.32285
울쎄라,8,all,2022-10-01,29.75706
울쎄라,8,all,2022-11-01,35.41045
울쎄라,8,all,2022-12-01,59.19804
울쎄라,8,all,2023-01-01,53.50853
울쎄라,8,all,2023-02-01,54.70062
울쎄라,8,all,2023-03-01,54.49291
울쎄라,8,all,2023-04-01,60.48044
울쎄라,8,all,2023-05-01,47.73774
울쎄라,8,all,2023-06-01,37.89397
울쎄라,8,all,2023-07-01,36.06971
울쎄라,8,all,2023-08-01,32.31283
울쎄라,8,all,2023-09-01,33.02628
울쎄라,8,all,2023-10-01,32.71019
울쎄라,8,all,2023-11-01,34.28158
울쎄라,8,all,2023-12-01,70.53192
울쎄라,8,all,2024-01-01,65.63713
울쎄라,8,all,2024-02-01,60.68816
울쎄라,8,all,2024-03-01,54.36647
울쎄라,8,all,2024-04-01,50.96179
울쎄라,8,all,2024-05-01,69.87266
울쎄라,8,all,2024-06-01,50.6728
울쎄라,8,all,2024-07-01,59.32448
울쎄라,8,all,2024-08-01,51.32303
울쎄라,8,all,2024-09-01,41.6328
울쎄라,8,all,2024-10-01,43.34868
울쎄라,8,all,2024-11-01,51.10629
울쎄라,8,all,2024-12-01,63.0633
울쎄라,8,all,2025-01-01,100.0
울쎄라,8,all,2025-02-01,87.42888
울쎄라,8,all,2025-03-01,91.61022
울쎄라,8,all,2025-04-01,78.00054
울쎄라,8,all,2025-05-01,70.60417
울쎄라,8,all,2025-06-01,62.46726
울쎄라,8,all,2025-07-01,59.83924
울쎄라,8,all,2025-08-01,67.06402
울쎄라,8,all,2025-09-01,57.51828
울쎄라,8,all,2025-10-01,51.26885
울쎄라,8,all,2025-11-01,41.82245
울쎄라,8,all,2025-12-01,57.25638
울쎄라,8,f,2016-01-01,5.16798
울쎄라,8,f,2016-02-01,4.45905
울쎄라,8,f,2016-03-01,5.98993
울쎄라,8,f,2016-04-01,6.13377
울쎄라,8,f,2016-05-01,10.00719
울쎄라,8,f,2016-06-01,4.4796
울쎄라,8,f,2016-07-01,4.5207
울쎄라,8,f,2016-08-01,4.85975
울쎄라,8,f,2016-09-01,4.33576
울쎄라,8,f,2016-10-01,6.03102
울쎄라,8,f,2016-11-01,7.53107
울쎄라,8,f,2016-12-01,8.77427
울쎄라,8,f,2017-01-01,7.5208
울쎄라,8,f,2017-02-01,7.66464
울쎄라,8,f,2017-03-01,10.40789
울쎄라,8,f,2017-04-01,5.96938
울쎄라,8,f,2017-05-01,6.25706
울쎄라,8,f,2017-06-01,5.2399
울쎄라,8,f,2017-07-01,6.87352
울쎄라,8,f,2017-08-01,6.21596
울쎄라,8,f,2017-09-01,6.43172
울쎄라,8,f,2017-10-01,6.06185
울쎄라,8,f,2017-11-01,5.89746
울쎄라,8,f,2017-12-01,7.21257
울쎄라,8,f,2018-01-01,7.85985
울쎄라,8,f,2018-02-01,6.82215
울쎄라,8,f,2018-03-01,7.84958
울쎄라,8,f,2018-04-01,7.62354
울쎄라,8,f,2018-05-01,6.59611
울쎄라,8,f,2018-06-01,5.70225
울쎄라,8,f,2018-07-01,5.08579
울쎄라,8,f,2018-08-01,5.5995
울쎄라,8,f,2018-09-01,5.03441
울쎄라,8,f,2018-10-01,10.04828
울쎄라,8,f,2018-11-01,13.44909
울쎄라,8,f,2018-12-01,15.05188
울쎄라,8,f,2019-01-01,14.06555
울쎄라,8,f,2019-02-01,10.27432
울쎄라,8,f,2019-03-01,12.15452
울쎄라,8,f,2019-04-01,8.33247
울쎄라,8,f,2019-05-01,9.23661
울쎄라,8,f,2019-06-01,8.89756
울쎄라,8,f,2019-07-01,8.83591
울쎄라,8,f,2019-08-01,8.78454
울쎄라,8,f,2019-09-01,7.90095
울쎄라,8,f,2019-10-01,10.77776
울쎄라,8,f,2019-11-01,12.02095
울쎄라,8,f,2019-12-01,12.82235
울쎄라,8,f,2020-01-01,14.99023
울쎄라,8,f,2020-02-01,11.2812
울쎄라,8,f,2020-03-01,8.62015
울쎄라,8,f,2020-04-01,13.30525
울쎄라,8,f,2020-05-01,11.84629
울쎄라,8,f,2020-06-01,10.05856
울쎄라,8,f,2020-07-01,14.81557
울쎄라,8,f,2020-08-01,13.53128
울쎄라,8,f,2020-09-01,17.52799
울쎄라,8,f,2020-10-01,13.90116
울쎄라,8,f,2020-11-01,12.15452
울쎄라,8,f,2020-12-01,11.41477
울쎄라,8,f,2021-01-01,12.20589
울쎄라,8,f,2021-02-01,12.17507
울쎄라,8,f,2021-03-01,15.0827
울쎄라,8,f,2021-04-01,14.58954
울쎄라,8,f,2021-05-01,14.93886
울쎄라,8,f,2021-06-01,14.63063
울쎄라,8,f,2021-07-01,13.6032
울쎄라,8,f,2021-08-01,14.57926
울쎄라,8,f,2021-09-01,18.02116
울쎄라,8,f,2021-10-01,17.96979
울쎄라,8,f,2021-11-01,20.45618
울쎄라,8,f,2021-12-01,21.99732
울쎄라,8,f,2022-01-01,25.78855
울쎄라,8,f,2022-02-01,22.35693
울쎄라,8,f,2022-03-01,24.15493
울쎄라,8,f,2022-04-01,26.8468
울쎄라,8,f,2022-05-01,28.39823
울쎄라,8,f,2022-06-01,30.2887
울쎄라,8,f,2022-07-01,26.04541
울쎄라,8,f,2022-08-01,29.59005
울쎄라,8,f,2022-09-01,25.31593
울쎄라,8,f,2022-10-01,30.57638
울쎄라,8,f,2022-11-01,35.67245
울쎄라,8,f,2022-12-01,60.30001
울쎄라,8,f,2023-01-01,51.93671
울쎄라,8,f,2023-02-01,55.0601
울쎄라,8,f,2023-03-01,53.88883
울쎄라,8,f,2023-04-01,60.12534
울쎄라,8,f,2023-05-01,48.05301
울쎄라,8,f,2023-06-01,37.65539
울쎄라,8,f,2023-07-01,35.693
울쎄라,8,f,2023-08-01,31.86068
울쎄라,8,f,2023-09-01,32.42576
울쎄라,8,f,2023-10-01,32.87783
울쎄라,8,f,2023-11-01,34.1724
울쎄라,8,f,2023-12-01,73.06072
울쎄라,8,f,2024-01-01,66.94749
울쎄라,8,f,2024-02-01,62.16993
울쎄라,8,f,2024-03-01,55.97451
울쎄라,8,f,2024-04-01,51.45381
울쎄라,8,f,2024-05-01,68.37562
울쎄라,8,f,2024-06-01,48.89551
울쎄라,8,f,2024-07-01,58.5431
울쎄라,8,f,2024-08-01,51.14558
울쎄라,8,f,2024-09-01,40.05959
울쎄라,8,f,2024-10-01,41.98088
울쎄라,8,f,2024-11-01,50.8579
울쎄라,8,f,2024-12-01,62.84804
울쎄라,8,f,2025-01-01,100.0
울쎄라,8,f,2025-02-01,84.49604
울쎄라,8,f,2025-03-01,82.22541
울쎄라,8,f,2025-04-01,70.64625
울쎄라,8,f,2025-05-01,65.29333
울쎄라,8,f,2025-06-01,57.31018
울쎄라,8,f,2025-07-01,51.87506
울쎄라,8,f,2025-08-01,62.9816
울쎄라,8,f,2025-09-01,53.79636
울쎄라,8,f,2025-10-01,47.60094
울쎄라,8,f,2025-11-01,39.08353
울쎄라,8,f,2025-12-01,53.0977
울쎄라,8,m,2016-01-01,17.23493
울쎄라,8,m,2016-02-01,11.44325
울쎄라,8,m,2016-03-01,13.35824
울쎄라,8,m,2016-04-01,17.18822
울쎄라,8,m,2016-05-01,32.83512
울쎄라,8,m,2016-06-01,5.69827
울쎄라,8,m,2016-07-01,4.53059
울쎄라,8,m,2016-08-01,4.624
울쎄라,8,m,2016-09-01,4.34376
울쎄라,8,m,2016-10-01,7.42643
울쎄라,8,m,2016-11-01,17.88883
울쎄라,8,m,2016-12-01,16.95469
울쎄라,8,m,2017-01-01,5.83839
울쎄라,8,m,2017-02-01,7.61326
울쎄라,8,m,2017-03-01,9.48155
울쎄라,8,m,2017-04-01,4.01681
울쎄라,8,m,2017-05-01,5.46473
울쎄라,8,m,2017-06-01,4.76412
울쎄라,8,m,2017-07-01,6.11863
울쎄라,8,m,2017-08-01,6.07192
울쎄라,8,m,2017-09-01,5.46473
울쎄라,8,m,2017-10-01,5.55815
울쎄라,8,m,2017-11-01,4.99766
울쎄라,8,m,2017-12-01,6.02522
울쎄라,8,m,2018-01-01,7.05277
울쎄라,8,m,2018-02-01,5.46473
울쎄라,8,m,2018-03-01,6.44558
울쎄라,8,m,2018-04-01,5.04437
울쎄라,8,m,2018-05-01,5.65156
울쎄라,8,m,2018-06-01,4.53059
울쎄라,8,m,2018-07-01,5.74497
울쎄라,8,m,2018-08-01,5.18449
울쎄라,8,m,2018-09-01,5.51144
울쎄라,8,m,2018-10-01,15.13311
울쎄라,8,m,2018-11-01,21.06492
울쎄라,8,m,2018-12-01,17.51517
울쎄라,8,m,2019-01-01,13.54507
울쎄라,8,m,2019-02-01,5.97851
울쎄라,8,m,2019-03-01,7.1929
울쎄라,8,m,2019-04-01,7.2396
울쎄라,8,m,2019-05-01,10.92947
울쎄라,8,m,2019-06-01,9.38813
울쎄라,8,m,2019-07-01,9.24801
울쎄라,8,m,2019-08-01,6.02522
울쎄라,8,m,2019-09-01,5.74497
울쎄라,8,m,2019-10-01,7.47314
울쎄라,8,m,2019-11-01,8.03362
울쎄라,8,m,2019-12-01,9.48155
울쎄라,8,m,2020-01-01,8.73423
울쎄라,8,m,2020-02-01,8.45399
울쎄라,8,m,2020-03-01,8.08033
울쎄라,8,m,2020-04-01,8.73423
울쎄라,8,m,2020-05-01,8.31387
울쎄라,8,m,2020-06-01,8.73423
울쎄라,8,m,2020-07-01,11.58337
울쎄라,8,m,2020-08-01,11.06959
울쎄라,8,m,2020-09-01,10.92947
울쎄라,8,m,2020-10-01,9.99532
울쎄라,8,m,2020-11-01,9.76179
울쎄라,8,m,2020-12-01,9.24801
울쎄라,8,m,2021-01-01,10.4624
울쎄라,8,m,2021-02-01,9.43484
울쎄라,8,m,2021-03-01,13.078
울쎄라,8,m,2021-04-01,11.1163
울쎄라,8,m,2021-05-01,10.64922
울쎄라,8,m,2021-06-01,12.33068
울쎄라,8,m,2021-07-01,12.56422
울쎄라,8,m,2021-08-01,10.78935
울쎄라,8,m,2021-09-01,11.91032
울쎄라,8,m,2021-10-01,12.14385
울쎄라,8,m,2021-11-01,14.61933
울쎄라,8,m,2021-12-01,13.7786
울쎄라,8,m,2022-01-01,14.94628
울쎄라,8,m,2022-02-01,11.163
울쎄라,8,m,2022-03-01,17.09481
울쎄라,8,m,2022-04-01,21.81223
울쎄라,8,m,2022-05-01,16.44091
울쎄라,8,m,2022-06-01,18.07566
울쎄라,8,m,2022-07-01,16.16067
울쎄라,8,m,2022-08-01,15.31994
울쎄라,8,m,2022-09-01,15.88042
울쎄라,8,m,2022-10-01,14.89957
울쎄라,8,m,2022-11-01,20.9715
울쎄라,8,m,2022-12-01,32.0411
울쎄라,8,m,2023-01-01,40.63521
울쎄라,8,m,2023-02-01,32.60158
울쎄라,8,m,2023-03-01,36.85193
울쎄라,8,m,2023-04-01,39.46753
울쎄라,8,m,2023-05-01,28.44465
울쎄라,8,m,2023-06-01,24.80149
울쎄라,8,m,2023-07-01,24.28771
울쎄라,8,m,2023-08-01,22.2793
울쎄라,8,m,2023-09-01,23.40028
울쎄라,8,m,2023-10-01,19.71041
울쎄라,8,m,2023-11-01,21.95235
울쎄라,8,m,2023-12-01,32.64829
울쎄라,8,m,2024-01-01,35.12377
울쎄라,8,m,2024-02-01,31.24708
울쎄라,8,m,2024-03-01,26.71648
울쎄라,8,m,2024-04-01,29.65903
울쎄라,8,m,2024-05-01,50.53713
울쎄라,8,m,2024-06-01,39.79448
울쎄라,8,m,2024-07-01,40.68192
울쎄라,8,m,2024-08-01,32.92853
울쎄라,8,m,2024-09-01,33.20878
울쎄라,8,m,2024-10-01,33.3489
울쎄라,8,m,2024-11-01,33.11536
울쎄라,8,m,2024-12-01,40.44838
울쎄라,8,m,2025-01-01,62.58757
울쎄라,8,m,2025-02-01,68.05231
울쎄라,8,m,2025-03-01,100.0
울쎄라,8,m,2025-04-01,82.25128
울쎄라,8,m,2025-05-01,68.33255
울쎄라,8,m,2025-06-01,62.54086
울쎄라,8,m,2025-07-01,73.65716
울쎄라,8,m,2025-08-01,60.53246
울쎄라,8,m,2025-09-01,52.91919
울쎄라,8,m,2025-10-01,48.76226
울쎄라,8,m,2025-11-01,38.6268
울쎄라,8,m,2025-12-01,54.74077
울쎄라,9,all,2016-01-01,6.73154
울쎄라,9,all,2016-02-01,5.2041
울쎄라,9,all,2016-03-01,5.97458
울쎄라,9,all,2016-04-01,5.92051
울쎄라,9,all,2016-05-01,15.07164
울쎄라,9,all,2016-06-01,3.2306
울쎄라,9,all,2016-07-01,3.00081
울쎄라,9,all,2016-08-01,2.93322
울쎄라,9,all,2016-09-01,3.43336
울쎄라,9,all,2016-10-01,3.58204
울쎄라,9,all,2016-11-01,6.25844
울쎄라,9,all,2016-12-01,8.54284
울쎄라,9,all,2017-01-01,4.75804
울쎄라,9,all,2017-02-01,5.17707
울쎄라,9,all,2017-03-01,7.17761
울쎄라,9,all,2017-04-01,4.59583
울쎄라,9,all,2017-05-01,3.7037
울쎄라,9,all,2017-06-01,3.69018
울쎄라,9,all,2017-07-01,3.71722
울쎄라,9,all,2017-08-01,4.00108
울쎄라,9,all,2017-09-01,4.37956
울쎄라,9,all,2017-10-01,3.54149
울쎄라,9,all,2017-11-01,4.19032
울쎄라,9,all,2017-12-01,4.36604
울쎄라,9,all,2018-01-01,4.90673
울쎄라,9,all,2018-02-01,4.20383
울쎄라,9,all,2018-03-01,5.89348
울쎄라,9,all,2018-04-01,5.27169
울쎄라,9,all,2018-05-01,4.51473
울쎄라,9,all,2018-06-01,3.12246
울쎄라,9,all,2018-07-01,3.24412
울쎄라,9,all,2018-08-01,3.59556
울쎄라,9,all,2018-09-01,2.96025
울쎄라,9,all,2018-10-01,7.38037
울쎄라,9,all,2018-11-01,8.06974
울쎄라,9,all,2018-12-01,10.11084
울쎄라,9,all,2019-01-01,9.11057
울쎄라,9,all,2019-02-01,6.96134
울쎄라,9,all,2019-03-01,7.98864
울쎄라,9,all,2019-04-01,5.69072
울쎄라,9,all,2019-05-01,7.09651
울쎄라,9,all,2019-06-01,7.13706
울쎄라,9,all,2019-07-01,6.40713
울쎄라,9,all,2019-08-01,5.79886
울쎄라,9,all,2019-09-01,4.42011
울쎄라,9,all,2019-10-01,7.3263
울쎄라,9,all,2019-11-01,8.56988
울쎄라,9,all,2019-12-01,8.59691
울쎄라,9,all,2020-01-01,9.59718
울쎄라,9,all,2020-02-01,8.20492
울쎄라,9,all,2020-03-01,7.31278
울쎄라,9,all,2020-04-01,9.29981
울쎄라,9,all,2020-05-01,9.2187
울쎄라,9,all,2020-06-01,6.89375
울쎄라,9,all,2020-07-01,10.25952
울쎄라,9,all,2020-08-01,9.71884
울쎄라,9,all,2020-09-01,11.23276
울쎄라,9,all,2020-10-01,10.15139
울쎄라,9,all,2020-11-01,8.5834
울쎄라,9,all,2020-12-01,9.88104
울쎄라,9,all,2021-01-01,10.44876
울쎄라,9,all,2021-02-01,9.71884
울쎄라,9,all,2021-03-01,12.55744
울쎄라,9,all,2021-04-01,11.38145
울쎄라,9,all,2021-05-01,10.80021
울쎄라,9,all,2021-06-01,12.30062
울쎄라,9,all,2021-07-01,12.01676
울쎄라,9,all,2021-08-01,10.24601
울쎄라,9,all,2021-09-01,14.58502
울쎄라,9,all,2021-10-01,15.4366
울쎄라,9,all,2021-11-01,17.58583
울쎄라,9,all,2021-12-01,18.09948
울쎄라,9,all,2022-01-01,20.22168
울쎄라,9,all,2022-02-01,18.01838
울쎄라,9,all,2022-03-01,19.66747
울쎄라,9,all,2022-04-01,22.39794
울쎄라,9,all,2022-05-01,27.07488
울쎄라,9,all,2022-06-01,26.79102
울쎄라,9,all,2022-07-01,21.7356
울쎄라,9,all,2022-08-01,23.87131
울쎄라,9,all,2022-09-01,21.4247
울쎄라,9,all,2022-10-01,26.50716
울쎄라,9,all,2022-11-01,33.30629
울쎄라,9,all,2022-12-01,57.83995
울쎄라,9,all,2023-01-01,55.70424
울쎄라,9,all,2023-02-01,51.51392
울쎄라,9,all,2023-03-01,56.63692
울쎄라,9,all,2023-04-01,59.04298
울쎄라,9,all,2023-05-01,45.49878
울쎄라,9,all,2023-06-01,36.41524
울쎄라,9,all,2023-07-01,31.81941
울쎄라,9,all,2023-08-01,33.11705
울쎄라,9,all,2023-09-01,31.40037
울쎄라,9,all,2023-10-01,33.22519
울쎄라,9,all,2023-11-01,36.03676
울쎄라,9,all,2023-12-01,67.34252
울쎄라,9,all,2024-01-01,63.24682
울쎄라,9,all,2024-02-01,59.31332
울쎄라,9,all,2024-03-01,52.7575
울쎄라,9,all,2024-04-01,48.71586
울쎄라,9,all,2024-05-01,64.13895
울쎄라,9,all,2024-06-01,47.9589
울쎄라,9,all,2024-07-01,53.47391
울쎄라,9,all,2024-08-01,51.32468
울쎄라,9,all,2024-09-01,39.94322
울쎄라,9,all,2024-10-01,42.74128
울쎄라,9,all,2024-11-01,52.98729
울쎄라,9,all,2024-12-01,63.36847
울쎄라,9,all,2025-01-01,100.0
울쎄라,9,all,2025-02-01,89.47012
울쎄라,9,all,2025-03-01,93.56582
울쎄라,9,all,2025-04-01,75.25006
울쎄라,9,all,2025-05-01,70.7894
울쎄라,9,all,2025-06-01,60.35414
울쎄라,9,all,2025-07-01,60.19194
울쎄라,9,all,2025-08-01,63.38199
울쎄라,9,all,2025-09-01,53.7037
울쎄라,9,all,2025-10-01,46.36388
울쎄라,9,all,2025-11-01,40.22708
울쎄라,9,all,2025-12-01,56.10975
울쎄라,9,f,2016-01-01,4.10856
울쎄라,9,f,2016-02-01,3.7037
울쎄라,9,f,2016-03-01,3.86864
울쎄라,9,f,2016-04-01,3.65871
울쎄라,9,f,2016-05-01,7.6923
울쎄라,9,f,2016-06-01,2.80401
울쎄라,9,f,2016-07-01,2.38416
울쎄라,9,f,2016-08-01,2.71405
울쎄라,9,f,2016-09-01,3.28385
울쎄라,9,f,2016-10-01,3.02893
울쎄라,9,f,2016-11-01,4.70835
울쎄라,9,f,2016-12-01,6.29779
울쎄라,9,f,2017-01-01,4.07857
울쎄라,9,f,2017-02-01,4.67836
울쎄라,9,f,2017-03-01,5.713
울쎄라,9,f,2017-04-01,3.7037
울쎄라,9,f,2017-05-01,2.90898
울쎄라,9,f,2017-06-01,2.86399
울쎄라,9,f,2017-07-01,3.32883
울쎄라,9,f,2017-08-01,3.77867
울쎄라,9,f,2017-09-01,4.04858
울쎄라,9,f,2017-10-01,3.4188
울쎄라,9,f,2017-11-01,3.92862
울쎄라,9,f,2017-12-01,3.71869
울쎄라,9,f,2018-01-01,4.63337
울쎄라,9,f,2018-02-01,3.79367
울쎄라,9,f,2018-03-01,5.4281
울쎄라,9,f,2018-04-01,4.5434
울쎄라,9,f,2018-05-01,3.94361
울쎄라,9,f,2018-06-01,2.69905
울쎄라,9,f,2018-07-01,2.95396
울쎄라,9,f,2018-08-01,3.23886
울쎄라,9,f,2018-09-01,2.18923
울쎄라,9,f,2018-10-01,5.78797
울쎄라,9,f,2018-11-01,6.58269
울쎄라,9,f,2018-12-01,8.547
울쎄라,9,f,2019-01-01,8.29209
울쎄라,9,f,2019-02-01,6.58269
울쎄라,9,f,2019-03-01,7.43739
울쎄라,9,f,2019-04-01,5.09821
울쎄라,9,f,2019-05-01,5.62303
울쎄라,9,f,2019-06-01,5.72799
울쎄라,9,f,2019-07-01,5.44309
울쎄라,9,f,2019-08-01,5.27815
울쎄라,9,f,2019-09-01,3.82366
울쎄라,9,f,2019-10-01,6.62768
울쎄라,9,f,2019-11-01,7.87224
울쎄라,9,f,2019-12-01,8.30709
울쎄라,9,f,2020-01-01,8.81691
울쎄라,9,f,2020-02-01,7.58734
울쎄라,9,f,2020-03-01,6.52271
울쎄라,9,f,2020-04-01,8.38206
울쎄라,9,f,2020-05-01,8.75693
울쎄라,9,f,2020-06-01,6.29779
울쎄라,9,f,2020-07-01,9.73159
울쎄라,9,f,2020-08-01,8.8469
울쎄라,9,f,2020-09-01,10.90118
울쎄라,9,f,2020-10-01,9.35672
울쎄라,9,f,2020-11-01,7.96221
울쎄라,9,f,2020-12-01,8.68196
울쎄라,9,f,2021-01-01,9.61163
울쎄라,9,f,2021-02-01,8.96686
울쎄라,9,f,2021-03-01,11.84585
울쎄라,9,f,2021-04-01,11.06612
울쎄라,9,f,2021-05-01,10.30139
울쎄라,9,f,2021-06-01,11.54595
울쎄라,9,f,2021-07-01,10.52631
울쎄라,9,f,2021-08-01,9.55165
울쎄라,9,f,2021-09-01,14.11006
울쎄라,9,f,2021-10-01,14.78482
울쎄라,9,f,2021-11-01,16.25431
울쎄라,9,f,2021-12-01,17.67881
울쎄라,9,f,2022-01-01,19.62813
울쎄라,9,f,2022-02-01,17.60383
울쎄라,9,f,2022-03-01,18.99835
울쎄라,9,f,2022-04-01,21.50247
울쎄라,9,f,2022-05-01,26.04588
울쎄라,9,f,2022-06-01,26.52571
울쎄라,9,f,2022-07-01,21.51746
울쎄라,9,f,2022-08-01,23.76668
울쎄라,9,f,2022-09-01,21.57744
울쎄라,9,f,2022-10-01,26.28579
울쎄라,9,f,2022-11-01,32.65856
울쎄라,9,f,2022-12-01,57.78977
울쎄라,9,f,2023-01-01,54.01109
울쎄라,9,f,2023-02-01,50.78722
울쎄라,9,f,2023-03-01,55.93042
울쎄라,9,f,2023-04-01,56.29029
울쎄라,9,f,2023-05-01,44.53441
울쎄라,9,f,2023-06-01,35.88244
울쎄라,9,f,2023-07-01,31.44399
울쎄라,9,f,2023-08-01,32.01379
울쎄라,9,f,2023-09-01,30.76923
울쎄라,9,f,2023-10-01,32.44864
울쎄라,9,f,2023-11-01,35.64252
울쎄라,9,f,2023-12-01,67.85125
울쎄라,9,f,2024-01-01,64.01259
울쎄라,9,f,2024-02-01,59.30424
울쎄라,9,f,2024-03-01,52.81151
울쎄라,9,f,2024-04-01,48.98785
울쎄라,9,f,2024-05-01,61.59844
울쎄라,9,f,2024-06-01,45.14919
울쎄라,9,f,2024-07-01,50.57729
울쎄라,9,f,2024-08-01,49.33273
울쎄라,9,f,2024-09-01,38.50652
울쎄라,9,f,2024-10-01,41.77537
울쎄라,9,f,2024-11-01,53.23136
울쎄라,9,f,2024-12-01,62.75303
울쎄라,9,f,2025-01-01,100.0
울쎄라,9,f,2025-02-01,87.59934
울쎄라,9,f,2025-03-01,86.18983
울쎄라,9,f,2025-04-01,69.59064
울쎄라,9,f,2025-05-01,65.87194
울쎄라,9,f,2025-06-01,55.52556
울쎄라,9,f,2025-07-01,52.81151
울쎄라,9,f,2025-08-01,58.80941
울쎄라,9,f,2025-09-01,50.33738
울쎄라,9,f,2025-10-01,42.70505
울쎄라,9,f,2025-11-01,37.50187
울쎄라,9,f,2025-12-01,52.67656
울쎄라,9,m,2016-01-01,19.08006
울쎄라,9,m,2016-02-01,11.75468
울쎄라,9,m,2016-03-01,15.67291
울쎄라,9,m,2016-04-01,16.5247
울쎄라,9,m,2016-05-01,51.27768
울쎄라,9,m,2016-06-01,4.4293
울쎄라,9,m,2016-07-01,5.36626
울쎄라,9,m,2016-08-01,3.06643
울쎄라,9,m,2016-09-01,2.98126
울쎄라,9,m,2016-10-01,5.36626
울쎄라,9,m,2016-11-01,12.69165
울쎄라,9,m,2016-12-01,18.05792
울쎄라,9,m,2017-01-01,6.81431
울쎄라,9,m,2017-02-01,6.0477
울쎄라,9,m,2017-03-01,12.77683
울쎄라,9,m,2017-04-01,7.92163
울쎄라,9,m,2017-05-01,6.81431
울쎄라,9,m,2017-06-01,6.98466
울쎄라,9,m,2017-07-01,4.51448
울쎄라,9,m,2017-08-01,3.74787
울쎄라,9,m,2017-09-01,4.59965
울쎄라,9,m,2017-10-01,2.89608
울쎄라,9,m,2017-11-01,4.08858
울쎄라,9,m,2017-12-01,6.38841
울쎄라,9,m,2018-01-01,4.59965
울쎄라,9,m,2018-02-01,4.94037
울쎄라,9,m,2018-03-01,6.30323
울쎄라,9,m,2018-04-01,7.41056
울쎄라,9,m,2018-05-01,6.0477
울쎄라,9,m,2018-06-01,4.34412
울쎄라,9,m,2018-07-01,3.66269
울쎄라,9,m,2018-08-01,4.25894
울쎄라,9,m,2018-09-01,6.21805
울쎄라,9,m,2018-10-01,13.62862
울쎄라,9,m,2018-11-01,13.45826
울쎄라,9,m,2018-12-01,15.16183
울쎄라,9,m,2019-01-01,10.30664
울쎄라,9,m,2019-02-01,6.47359
울쎄라,9,m,2019-03-01,8.09199
울쎄라,9,m,2019-04-01,6.89948
울쎄라,9,m,2019-05-01,12.77683
울쎄라,9,m,2019-06-01,12.43611
울쎄라,9,m,2019-07-01,9.45485
울쎄라,9,m,2019-08-01,6.55877
울쎄라,9,m,2019-09-01,6.13287
울쎄라,9,m,2019-10-01,8.51788
울쎄라,9,m,2019-11-01,9.28449
울쎄라,9,m,2019-12-01,6.98466
울쎄라,9,m,2020-01-01,10.39182
울쎄라,9,m,2020-02-01,8.60306
울쎄라,9,m,2020-03-01,9.02896
울쎄라,9,m,2020-04-01,10.98807
울쎄라,9,m,2020-05-01,8.34752
울쎄라,9,m,2020-06-01,7.66609
울쎄라,9,m,2020-07-01,9.36967
울쎄라,9,m,2020-08-01,10.98807
울쎄라,9,m,2020-09-01,8.8586
울쎄라,9,m,2020-10-01,10.81771
울쎄라,9,m,2020-11-01,8.8586
울쎄라,9,m,2020-12-01,12.94718
울쎄라,9,m,2021-01-01,11.24361
울쎄라,9,m,2021-02-01,10.30664
울쎄라,9,m,2021-03-01,11.83986
울쎄라,9,m,2021-04-01,8.8586
울쎄라,9,m,2021-05-01,9.54003
울쎄라,9,m,2021-06-01,11.92504
울쎄라,9,m,2021-07-01,15.92844
울쎄라,9,m,2021-08-01,10.30664
울쎄라,9,m,2021-09-01,11.75468
울쎄라,9,m,2021-10-01,13.2879
울쎄라,9,m,2021-11-01,18.48381
울쎄라,9,m,2021-12-01,13.62862
울쎄라,9,m,2022-01-01,15.92844
울쎄라,9,m,2022-02-01,13.54344
울쎄라,9,m,2022-03-01,16.01362
울쎄라,9,m,2022-04-01,18.99488
울쎄라,9,m,2022-05-01,22.65758
울쎄라,9,m,2022-06-01,18.1431
울쎄라,9,m,2022-07-01,14.73594
울쎄라,9,m,2022-08-01,15.41737
울쎄라,9,m,2022-09-01,12.43611
울쎄라,9,m,2022-10-01,17.7172
울쎄라,9,m,2022-11-01,24.36115
울쎄라,9,m,2022-12-01,36.20102
울쎄라,9,m,2023-01-01,44.20783
울쎄라,9,m,2023-02-01,36.11584
울쎄라,9,m,2023-03-01,39.18228
울쎄라,9,m,2023-04-01,52.29982
울쎄라,9,m,2023-05-01,33.73083
울쎄라,9,m,2023-06-01,25.63884
울쎄라,9,m,2023-07-01,21.89097
울쎄라,9,m,2023-08-01,26.83134
울쎄라,9,m,2023-09-01,23.08347
울쎄라,9,m,2023-10-01,25.04258
울쎄라,9,m,2023-11-01,24.61669
울쎄라,9,m,2023-12-01,38.92674
울쎄라,9,m,2024-01-01,34.92333
울쎄라,9,m,2024-02-01,36.88245
울쎄라,9,m,2024-03-01,32.45315
울쎄라,9,m,2024-04-01,28.70528
울쎄라,9,m,2024-05-01,54.25894
울쎄라,9,m,2024-06-01,45.74105
울쎄라,9,m,2024-07-01,49.65928
울쎄라,9,m,2024-08-01,43.18568
울쎄라,9,m,2024-09-01,32.96422
울쎄라,9,m,2024-10-01,32.02725
울쎄라,9,m,2024-11-01,31.51618
울쎄라,9,m,2024-12-01,42.84497
울쎄라,9,m,2025-01-01,62.0954
울쎄라,9,m,2025-02-01,66.18398
울쎄라,9,m,2025-03-01,100.0
울쎄라,9,m,2025-04-01,78.87563
울쎄라,9,m,2025-05-01,71.89097
울쎄라,9,m,2025-06-01,64.9063
울쎄라,9,m,2025-07-01,79.30153
울쎄라,9,m,2025-08-01,65.33219
울쎄라,9,m,2025-09-01,52.47018
울쎄라,9,m,2025-10-01,49.5741
울쎄라,9,m,2025-11-01,40.45996
울쎄라,9,m,2025-12-01,54.34412
울쎄라,10,all,2016-01-01,7.96413
울쎄라,10,all,2016-02-01,4.9578
울쎄라,10,all,2016-03-01,6.38185
울쎄라,10,all,2016-04-01,7.30485
울쎄라,10,all,2016-05-01,19.85759
울쎄라,10,all,2016-06-01,9.88924
울쎄라,10,all,2016-07-01,30.45886
울쎄라,10,all,2016-08-01,23.44409
울쎄라,10,all,2016-09-01,25.68565
울쎄라,10,all,2016-10-01,19.35654
울쎄라,10,all,2016-11-01,17.37869
울쎄라,10,all,2016-12-01,10.68037
울쎄라,10,all,2017-01-01,5.06329
울쎄라,10,all,2017-02-01,4.93143
울쎄라,10,all,2017-03-01,6.54008
울쎄라,10,all,2017-04-01,4.16666
울쎄라,10,all,2017-05-01,3.79746
울쎄라,10,all,2017-06-01,3.69198
울쎄라,10,all,2017-07-01,3.0327
울쎄라,10,all,2017-08-01,3.42827
울쎄라,10,all,2017-09-01,3.61286
울쎄라,10,all,2017-10-01,3.63924
울쎄라,10,all,2017-11-01,3.56012
울쎄라,10,all,2017-12-01,4.64135
울쎄라,10,all,2018-01-01,3.48101
울쎄라,10,all,2018-02-01,3.85021
울쎄라,10,all,2018-03-01,5.06329
울쎄라,10,all,2018-04-01,4.9578
울쎄라,10,all,2018-05-01,4.06118
울쎄라,10,all,2018-06-01,3.40189
울쎄라,10,all,2018-07-01,3.42827
울쎄라,10,all,2018-08-01,3.16455
울쎄라,10,all,2018-09-01,3.11181
울쎄라,10,all,2018-10-01,7.01476
울쎄라,10,all,2018-11-01,9.36181
울쎄라,10,all,2018-12-01,9.88924
울쎄라,10,all,2019-01-01,9.04535
울쎄라,10,all,2019-02-01,6.19725
울쎄라,10,all,2019-03-01,6.54008
울쎄라,10,all,2019-04-01,5.06329
울쎄라,10,all,2019-05-01,6.0654
울쎄라,10,all,2019-06-01,6.30274
울쎄라,10,all,2019-07-01,5.24789
울쎄라,10,all,2019-08-01,5.43248
울쎄라,10,all,2019-09-01,4.06118
울쎄라,10,all,2019-10-01,5.80168
울쎄라,10,all,2019-11-01,7.01476
울쎄라,10,all,2019-12-01,7.06751
울쎄라,10,all,2020-01-01,7.9905
울쎄라,10,all,2020-02-01,7.04113
울쎄라,10,all,2020-03-01,5.03691
울쎄라,10,all,2020-04-01,7.22573
울쎄라,10,all,2020-05-01,8.12236
울쎄라,10,all,2020-06-01,5.45886
울쎄라,10,all,2020-07-01,9.01898
울쎄라,10,all,2020-08-01,9.52004
울쎄라,10,all,2020-09-01,9.46729
울쎄라,10,all,2020-10-01,7.70042
울쎄라,10,all,2020-11-01,9.41455
울쎄라,10,all,2020-12-01,8.96624
울쎄라,10,all,2021-01-01,9.07172
울쎄라,10,all,2021-02-01,8.49156
울쎄라,10,all,2021-03-01,10.86497
울쎄라,10,all,2021-04-01,7.17299
울쎄라,10,all,2021-05-01,7.59493
울쎄라,10,all,2021-06-01,7.56856
울쎄라,10,all,2021-07-01,9.0981
울쎄라,10,all,2021-08-01,6.96202
울쎄라,10,all,2021-09-01,9.2827
울쎄라,10,all,2021-10-01,10.89135
울쎄라,10,all,2021-11-01,14.26687
울쎄라,10,all,2021-12-01,12.07805
울쎄라,10,all,2022-01-01,17.35232
울쎄라,10,all,2022-02-01,11.81434
울쎄라,10,all,2022-03-01,15.47995
울쎄라,10,all,2022-04-01,15.66455
울쎄라,10,all,2022-05-01,17.03586
울쎄라,10,all,2022-06-01,20.59599
울쎄라,10,all,2022-07-01,15.11075
울쎄라,10,all,2022-08-01,14.34599
울쎄라,10,all,2022-09-01,17.19409
울쎄라,10,all,2022-10-01,18.93459
울쎄라,10,all,2022-11-01,22.73206
울쎄라,10,all,2022-12-01,44.01371
울쎄라,10,all,2023-01-01,43.98734
울쎄라,10,all,2023-02-01,38.10654
울쎄라,10,all,2023-03-01,42.40506
울쎄라,10,all,2023-04-01,44.54113
울쎄라,10,all,2023-05-01,37.47362
울쎄라,10,all,2023-06-01,31.19725
울쎄라,10,all,2023-07-01,27.21518
울쎄라,10,all,2023-08-01,23.7078
울쎄라,10,all,2023-09-01,25.18459
울쎄라,10,all,2023-10-01,27.92721
울쎄라,10,all,2023-11-01,27.61075
울쎄라,10,all,2023-12-01,55.37974
울쎄라,10,all,2024-01-01,54.19303
울쎄라,10,all,2024-02-01,46.30801
울쎄라,10,all,2024-03-01,50.10548
울쎄라,10,all,2024-04-01,44.72573
울쎄라,10,all,2024-05-01,54.90506
울쎄라,10,all,2024-06-01,38.73945
울쎄라,10,all,2024-07-01,49.10337
울쎄라,10,all,2024-08-01,44.06645
울쎄라,10,all,2024-09-01,37.76371
울쎄라,10,all,2024-10-01,41.21835
울쎄라,10,all,2024-11-01,49.47257
울쎄라,10,all,2024-12-01,62.3154
울쎄라,10,all,2025-01-01,100.0
울쎄라,10,all,2025-02-01,89.26687
울쎄라,10,all,2025-03-01,95.35864
울쎄라,10,all,2025-04-01,70.20042
울쎄라,10,all,2025-05-01,68.82911
울쎄라,10,all,2025-06-01,59.73101
울쎄라,10,all,2025-07-01,55.19514
울쎄라,10,all,2025-08-01,61.7616
울쎄라,10,all,2025-09-01,55.82805
울쎄라,10,all,2025-10-01,49.02426
울쎄라,10,all,2025-11-01,43.72362
울쎄라,10,all,2025-12-01,61.23417
울쎄라,10,f,2016-01-01,4.24028
울쎄라,10,f,2016-02-01,2.26737
울쎄라,10,f,2016-03-01,4.68197
울쎄라,10,f,2016-04-01,4.5053
울쎄라,10,f,2016-05-01,10.07067
울쎄라,10,f,2016-06-01,10.33568
울쎄라,10,f,2016-07-01,32.42049
울쎄라,10,f,2016-08-01,25.08833
울쎄라,10,f,2016-09-01,27.8563
울쎄라,10,f,2016-10-01,20.28857
울쎄라,10,f,2016-11-01,17.22614
울쎄라,10,f,2016-12-01,9.48174
울쎄라,10,f,2017-01-01,4.4464
울쎄라,10,f,2017-02-01,4.4464
울쎄라,10,f,2017-03-01,4.94699
울쎄라,10,f,2017-04-01,3.6808
울쎄라,10,f,2017-05-01,3.12131
울쎄라,10,f,2017-06-01,2.8563
울쎄라,10,f,2017-07-01,2.76796
울쎄라,10,f,2017-08-01,2.59128
울쎄라,10,f,2017-09-01,2.62073
울쎄라,10,f,2017-10-01,3.09187
울쎄라,10,f,2017-11-01,3.26855
울쎄라,10,f,2017-12-01,4.29917
울쎄라,10,f,2018-01-01,3.09187
울쎄라,10,f,2018-02-01,3.6219
울쎄라,10,f,2018-03-01,4.68197
울쎄라,10,f,2018-04-01,4.68197
울쎄라,10,f,2018-05-01,3.56301
울쎄라,10,f,2018-06-01,2.8563
울쎄라,10,f,2018-07-01,2.7974
울쎄라,10,f,2018-08-01,2.53239
울쎄라,10,f,2018-09-01,2.67962
울쎄라,10,f,2018-10-01,5.53592
울쎄라,10,f,2018-11-01,7.39104
울쎄라,10,f,2018-12-01,8.27444
울쎄라,10,f,2019-01-01,7.7444
울쎄라,10,f,2019-02-01,5.32979
울쎄라,10,f,2019-03-01,5.32979
울쎄라,10,f,2019-04-01,3.97526
울쎄라,10,f,2019-05-01,4.65253
울쎄라,10,f,2019-06-01,4.82921
울쎄라,10,f,2019-07-01,4.5053
울쎄라,10,f,2019-08-01,4.62308
울쎄라,10,f,2019-09-01,3.18021
울쎄라,10,f,2019-10-01,5.30035
울쎄라,10,f,2019-11-01,5.88928
울쎄라,10,f,2019-12-01,5.91872
울쎄라,10,f,2020-01-01,7.06713
울쎄라,10,f,2020-02-01,5.74204
울쎄라,10,f,2020-03-01,4.59363
울쎄라,10,f,2020-04-01,6.15429
울쎄라,10,f,2020-05-01,6.71378
울쎄라,10,f,2020-06-01,5.09422
울쎄라,10,f,2020-07-01,8.1861
울쎄라,10,f,2020-08-01,7.92108
울쎄라,10,f,2020-09-01,9.12838
울쎄라,10,f,2020-10-01,6.89045
울쎄라,10,f,2020-11-01,8.98115
울쎄라,10,f,2020-12-01,7.44994
울쎄라,10,f,2021-01-01,8.24499
울쎄라,10,f,2021-02-01,7.83274
울쎄라,10,f,2021-03-01,9.24617
울쎄라,10,f,2021-04-01,6.68433
울쎄라,10,f,2021-05-01,6.41931
울쎄라,10,f,2021-06-01,6.71378
울쎄라,10,f,2021-07-01,8.27444
울쎄라,10,f,2021-08-01,6.5371
울쎄라,10,f,2021-09-01,8.27444
울쎄라,10,f,2021-10-01,9.92343
울쎄라,10,f,2021-11-01,12.72084
울쎄라,10,f,2021-12-01,9.89399
울쎄라,10,f,2022-01-01,16.19552
울쎄라,10,f,2022-02-01,11.27797
울쎄라,10,f,2022-03-01,14.51707
울쎄라,10,f,2022-04-01,14.2815
울쎄라,10,f,2022-05-01,15.81272
울쎄라,10,f,2022-06-01,20.11189
울쎄라,10,f,2022-07-01,14.42873
울쎄라,10,f,2022-08-01,13.01531
울쎄라,10,f,2022-09-01,15.9305
울쎄라,10,f,2022-10-01,18.25677
울쎄라,10,f,2022-11-01,21.05418
울쎄라,10,f,2022-12-01,42.63839
울쎄라,10,f,2023-01-01,40.69493
울쎄라,10,f,2023-02-01,36.71967
울쎄라,10,f,2023-03-01,40.60659
울쎄라,10,f,2023-04-01,42.78563
울쎄라,10,f,2023-05-01,35.65959
울쎄라,10,f,2023-06-01,30.03533
울쎄라,10,f,2023-07-01,26.2073
울쎄라,10,f,2023-08-01,22.93875
울쎄라,10,f,2023-09-01,23.82214
울쎄라,10,f,2023-10-01,25.70671
울쎄라,10,f,2023-11-01,26.23674
울쎄라,10,f,2023-12-01,53.71024
울쎄라,10,f,2024-01-01,53.18021
울쎄라,10,f,2024-02-01,46.40753
울쎄라,10,f,2024-03-01,47.14369
울쎄라,10,f,2024-04-01,43.404
울쎄라,10,f,2024-05-01,51.85512
울쎄라,10,f,2024-06-01,35.6007
울쎄라,10,f,2024-07-01,44.93521
울쎄라,10,f,2024-08-01,42.1378
울쎄라,10,f,2024-09-01,35.33568
울쎄라,10,f,2024-10-01,38.86925
울쎄라,10,f,2024-11-01,48.88103
울쎄라,10,f,2024-12-01,62.22025
울쎄라,10,f,2025-01-01,100.0
울쎄라,10,f,2025-02-01,89.2815
울쎄라,10,f,2025-03-01,88.5159
울쎄라,10,f,2025-04-01,64.63486
울쎄라,10,f,2025-05-01,63.92815
울쎄라,10,f,2025-06-01,56.56654
울쎄라,10,f,2025-07-01,47.9093
울쎄라,10,f,2025-08-01,56.62544
울쎄라,10,f,2025-09-01,51.38398
울쎄라,10,f,2025-10-01,44.31684
울쎄라,10,f,2025-11-01,39.51707
울쎄라,10,f,2025-12-01,56.97879
울쎄라,10,m,2016-01-01,25.90163
울쎄라,10,m,2016-02-01,18.19672
울쎄라,10,m,2016-03-01,13.60655
울쎄라,10,m,2016-04-01,20.32786
울쎄라,10,m,2016-05-01,67.37704
울쎄라,10,m,2016-06-01,3.93442
울쎄라,10,m,2016-07-01,8.85245
울쎄라,10,m,2016-08-01,6.06557
울쎄라,10,m,2016-09-01,4.59016
울쎄라,10,m,2016-10-01,7.37704
울쎄라,10,m,2016-11-01,12.13114
울쎄라,10,m,2016-12-01,13.60655
울쎄라,10,m,2017-01-01,6.72131
울쎄라,10,m,2017-02-01,5.90163
울쎄라,10,m,2017-03-01,13.11475
울쎄라,10,m,2017-04-01,5.40983
울쎄라,10,m,2017-05-01,6.2295
울쎄라,10,m,2017-06-01,7.04918
울쎄라,10,m,2017-07-01,3.44262
울쎄라,10,m,2017-08-01,6.88524
울쎄라,10,m,2017-09-01,7.86885
울쎄라,10,m,2017-10-01,5.40983
울쎄라,10,m,2017-11-01,3.93442
울쎄라,10,m,2017-12-01,4.91803
울쎄라,10,m,2018-01-01,4.42622
울쎄라,10,m,2018-02-01,3.77049
울쎄라,10,m,2018-03-01,5.40983
울쎄라,10,m,2018-04-01,4.75409
울쎄라,10,m,2018-05-01,5.40983
울쎄라,10,m,2018-06-01,5.2459
울쎄라,10,m,2018-07-01,5.7377
울쎄라,10,m,2018-08-01,5.57377
울쎄라,10,m,2018-09-01,4.42622
울쎄라,10,m,2018-10-01,12.78688
울쎄라,10,m,2018-11-01,17.04918
울쎄라,10,m,2018-12-01,15.40983
울쎄라,10,m,2019-01-01,13.11475
울쎄라,10,m,2019-02-01,8.85245
울쎄라,10,m,2019-03-01,10.9836
울쎄라,10,m,2019-04-01,9.34426
울쎄라,10,m,2019-05-01,11.80327
울쎄라,10,m,2019-06-01,12.29508
울쎄라,10,m,2019-07-01,7.54098
울쎄라,10,m,2019-08-01,8.03278
울쎄라,10,m,2019-09-01,7.54098
울쎄라,10,m,2019-10-01,6.55737
울쎄라,10,m,2019-11-01,10.81967
울쎄라,10,m,2019-12-01,10.9836
울쎄라,10,m,2020-01-01,10.32786
울쎄라,10,m,2020-02-01,11.80327
울쎄라,10,m,2020-03-01,5.7377
울쎄라,10,m,2020-04-01,10.65573
울쎄라,10,m,2020-05-01,13.11475
울쎄라,10,m,2020-06-01,5.57377
울쎄라,10,m,2020-07-01,10.4918
울쎄라,10,m,2020-08-01,15.08196
울쎄라,10,m,2020-09-01,8.03278
울쎄라,10,m,2020-10-01,9.50819
울쎄라,10,m,2020-11-01,8.52459
울쎄라,10,m,2020-12-01,14.26229
울쎄라,10,m,2021-01-01,10.4918
울쎄라,10,m,2021-02-01,9.18032
울쎄라,10,m,2021-03-01,16.06557
울쎄라,10,m,2021-04-01,7.37704
울쎄라,10,m,2021-05-01,11.4754
울쎄라,10,m,2021-06-01,9.67213
울쎄라,10,m,2021-07-01,10.4918
울쎄라,10,m,2021-08-01,6.88524
울쎄라,10,m,2021-09-01,11.63934
울쎄라,10,m,2021-10-01,12.45901
울쎄라,10,m,2021-11-01,17.86885
울쎄라,10,m,2021-12-01,20.0
울쎄라,10,m,2022-01-01,17.70491
울쎄라,10,m,2022-02-01,10.65573
울쎄라,10,m,2022-03-01,15.40983
울쎄라,10,m,2022-04-01,17.86885
울쎄라,10,m,2022-05-01,17.86885
울쎄라,10,m,2022-06-01,16.06557
울쎄라,10,m,2022-07-01,13.60655
울쎄라,10,m,2022-08-01,16.72131
울쎄라,10,m,2022-09-01,18.19672
울쎄라,10,m,2022-10-01,16.06557
울쎄라,10,m,2022-11-01,24.09836
울쎄라,10,m,2022-12-01,36.2295
울쎄라,10,m,2023-01-01,46.88524
울쎄라,10,m,2023-02-01,32.45901
울쎄라,10,m,2023-03-01,37.54098
울쎄라,10,m,2023-04-01,38.68852
울쎄라,10,m,2023-05-01,34.42622
울쎄라,10,m,2023-06-01,26.72131
울쎄라,10,m,2023-07-01,23.27868
울쎄라,10,m,2023-08-01,19.67213
울쎄라,10,m,2023-09-01,23.93442
울쎄라,10,m,2023-10-01,30.4918
울쎄라,10,m,2023-11-01,25.57377
울쎄라,10,m,2023-12-01,45.2459
울쎄라,10,m,2024-01-01,40.81967
울쎄라,10,m,2024-02-01,29.50819
울쎄라,10,m,2024-03-01,49.01639
울쎄라,10,m,2024-04-01,36.39344
울쎄라,10,m,2024-05-01,52.62295
울쎄라,10,m,2024-06-01,42.62295
울쎄라,10,m,2024-07-01,55.08196
울쎄라,10,m,2024-08-01,39.34426
울쎄라,10,m,2024-09-01,38.03278
울쎄라,10,m,2024-10-01,39.83606
울쎄라,10,m,2024-11-01,35.40983
울쎄라,10,m,2024-12-01,40.9836
울쎄라,10,m,2025-01-01,64.91803
울쎄라,10,m,2025-02-01,57.86885
울쎄라,10,m,2025-03-01,100.0
울쎄라,10,m,2025-04-01,76.55737
울쎄라,10,m,2025-05-01,71.96721
울쎄라,10,m,2025-06-01,56.39344
울쎄라,10,m,2025-07-01,76.39344
울쎄라,10,m,2025-08-01,68.68852
울쎄라,10,m,2025-09-01,60.9836
울쎄라,10,m,2025-10-01,58.03278
울쎄라,10,m,2025-11-01,51.80327
울쎄라,10,m,2025-12-01,63.44262
울쎄라,11,all,2016-01-01,9.60028
울쎄라,11,all,2016-02-01,6.60242
울쎄라,11,all,2016-03-01,7.10206
울쎄라,11,all,2016-04-01,9.70735
울쎄라,11,all,2016-05-01,25.19628
울쎄라,11,all,2016-06-01,17.88008
울쎄라,11,all,2016-07-01,56.53104
울쎄라,11,all,2016-08-01,37.2591
울쎄라,11,all,2016-09-01,50.24982
울쎄라,11,all,2016-10-01,43.57601
울쎄라,11,all,2016-11-01,44.32548
울쎄라,11,all,2016-12-01,24.91077
울쎄라,11,all,2017-01-01,16.77373
울쎄라,11,all,2017-02-01,20.59243
울쎄라,11,all,2017-03-01,10.02855
울쎄라,11,all,2017-04-01,8.92219
울쎄라,11,all,2017-05-01,5.96002
울쎄라,11,all,2017-06-01,3.99714
울쎄라,11,all,2017-07-01,3.89007
울쎄라,11,all,2017-08-01,3.96145
울쎄라,11,all,2017-09-01,4.10421
울쎄라,11,all,2017-10-01,3.31905
울쎄라,11,all,2017-11-01,4.85367
울쎄라,11,all,2017-12-01,5.28194
울쎄라,11,all,2018-01-01,5.96002
울쎄라,11,all,2018-02-01,4.53247
울쎄라,11,all,2018-03-01,5.99571
울쎄라,11,all,2018-04-01,4.85367
울쎄라,11,all,2018-05-01,4.81798
울쎄라,11,all,2018-06-01,3.8187
울쎄라,11,all,2018-07-01,4.53247
울쎄라,11,all,2018-08-01,3.31905
울쎄라,11,all,2018-09-01,3.64025
울쎄라,11,all,2018-10-01,6.17416
울쎄라,11,all,2018-11-01,8.99357
울쎄라,11,all,2018-12-01,10.06423
울쎄라,11,all,2019-01-01,8.17273
울쎄라,11,all,2019-02-01,5.31763
울쎄라,11,all,2019-03-01,7.03069
울쎄라,11,all,2019-04-01,5.31763
울쎄라,11,all,2019-05-01,6.78087
울쎄라,11,all,2019-06-01,7.6374
울쎄라,11,all,2019-07-01,6.6738
울쎄라,11,all,2019-08-01,5.74589
울쎄라,11,all,2019-09-01,4.35403
울쎄라,11,all,2019-10-01,5.88865
울쎄라,11,all,2019-11-01,6.74518
울쎄라,11,all,2019-12-01,9.27908
울쎄라,11,all,2020-01-01,8.95788
울쎄라,11,all,2020-02-01,6.38829
울쎄라,11,all,2020-03-01,5.7102
울쎄라,11,all,2020-04-01,7.99428
울쎄라,11,all,2020-05-01,6.78087
울쎄라,11,all,2020-06-01,6.53104
울쎄라,11,all,2020-07-01,11.31334
울쎄라,11,all,2020-08-01,8.20842
울쎄라,11,all,2020-09-01,8.06566
울쎄라,11,all,2020-10-01,8.13704
울쎄라,11,all,2020-11-01,6.88793
울쎄라,11,all,2020-12-01,8.17273
울쎄라,11,all,2021-01-01,8.92219
울쎄라,11,all,2021-02-01,8.8865
울쎄라,11,all,2021-03-01,9.67166
울쎄라,11,all,2021-04-01,8.02997
울쎄라,11,all,2021-05-01,11.38472
울쎄라,11,all,2021-06-01,10.8137
울쎄라,11,all,2021-07-01,9.35046
울쎄라,11,all,2021-08-01,8.02997
울쎄라,11,all,2021-09-01,11.81299
울쎄라,11,all,2021-10-01,10.56388
울쎄라,11,all,2021-11-01,14.59671
울쎄라,11,all,2021-12-01,12.06281
울쎄라,11,all,2022-01-01,17.66595
울쎄라,11,all,2022-02-01,14.9536
울쎄라,11,all,2022-03-01,16.70235
울쎄라,11,all,2022-04-01,17.84439
울쎄라,11,all,2022-05-01,18.73661
울쎄라,11,all,2022-06-01,22.05567
울쎄라,11,all,2022-07-01,23.01927
울쎄라,11,all,2022-08-01,19.70021
울쎄라,11,all,2022-09-01,13.95431
울쎄라,11,all,2022-10-01,18.48679
울쎄라,11,all,2022-11-01,22.55531
울쎄라,11,all,2022-12-01,34.3683
울쎄라,11,all,2023-01-01,36.43825
울쎄라,11,all,2023-02-01,38.8294
울쎄라,11,all,2023-03-01,42.11277
울쎄라,11,all,2023-04-01,42.71948
울쎄라,11,all,2023-05-01,36.11705
울쎄라,11,all,2023-06-01,27.40899
울쎄라,11,all,2023-07-01,25.19628
울쎄라,11,all,2023-08-01,25.23197
울쎄라,11,all,2023-09-01,25.66024
울쎄라,11,all,2023-10-01,26.01713
울쎄라,11,all,2023-11-01,27.01641
울쎄라,11,all,2023-12-01,54.71092
울쎄라,11,all,2024-01-01,52.42683
울쎄라,11,all,2024-02-01,47.07351
울쎄라,11,all,2024-03-01,48.28693
울쎄라,11,all,2024-04-01,46.82369
울쎄라,11,all,2024-05-01,47.7516
울쎄라,11,all,2024-06-01,40.93504
울쎄라,11,all,2024-07-01,51.74875
울쎄라,11,all,2024-08-01,44.43254
울쎄라,11,all,2024-09-01,40.1142
울쎄라,11,all,2024-10-01,46.35974
울쎄라,11,all,2024-11-01,53.96145
울쎄라,11,all,2024-12-01,65.48893
울쎄라,11,all,2025-01-01,100.0
울쎄라,11,all,2025-02-01,88.40114
울쎄라,11,all,2025-03-01,95.36045
울쎄라,11,all,2025-04-01,71.44896
울쎄라,11,all,2025-05-01,71.66309
울쎄라,11,all,2025-06-01,59.70735
울쎄라,11,all,2025-07-01,60.4925
울쎄라,11,all,2025-08-01,68.48679
울쎄라,11,all,2025-09-01,57.20913
울쎄라,11,all,2025-10-01,50.67808
울쎄라,11,all,2025-11-01,49.32191
울쎄라,11,all,2025-12-01,70.87794
울쎄라,11,f,2016-01-01,6.46273
울쎄라,11,f,2016-02-01,4.2654
울쎄라,11,f,2016-03-01,4.00689
울쎄라,11,f,2016-04-01,6.97975
울쎄라,11,f,2016-05-01,12.58078
울쎄라,11,f,2016-06-01,13.70099
울쎄라,11,f,2016-07-01,43.55881
울쎄라,11,f,2016-08-01,30.93494
울쎄라,11,f,2016-09-01,38.30245
울쎄라,11,f,2016-10-01,29.98707
울쎄라,11,f,2016-11-01,22.53339
울쎄라,11,f,2016-12-01,11.97759
울쎄라,11,f,2017-01-01,9.13399
울쎄라,11,f,2017-02-01,3.79146
울쎄라,11,f,2017-03-01,4.48082
울쎄라,11,f,2017-04-01,4.69625
울쎄라,11,f,2017-05-01,3.79146
울쎄라,11,f,2017-06-01,2.62817
울쎄라,11,f,2017-07-01,1.9819
울쎄라,11,f,2017-08-01,2.32658
울쎄라,11,f,2017-09-01,2.8436
울쎄라,11,f,2017-10-01,2.75743
울쎄라,11,f,2017-11-01,3.27445
울쎄라,11,f,2017-12-01,4.13614
울쎄라,11,f,2018-01-01,3.44679
울쎄라,11,f,2018-02-01,2.24041
울쎄라,11,f,2018-03-01,4.30848
울쎄라,11,f,2018-04-01,3.05902
울쎄라,11,f,2018-05-01,3.27445
울쎄라,11,f,2018-06-01,2.71434
울쎄라,11,f,2018-07-01,3.87763
울쎄라,11,f,2018-08-01,2.62817
울쎄라,11,f,2018-09-01,2.67126
울쎄라,11,f,2018-10-01,4.95476
울쎄라,11,f,2018-11-01,7.19517
울쎄라,11,f,2018-12-01,7.41059
울쎄라,11,f,2019-01-01,5.47177
울쎄라,11,f,2019-02-01,4.22231
울쎄라,11,f,2019-03-01,4.95476
울쎄라,11,f,2019-04-01,4.17923
울쎄라,11,f,2019-05-01,5.3856
울쎄라,11,f,2019-06-01,4.73933
울쎄라,11,f,2019-07-01,4.73933
울쎄라,11,f,2019-08-01,4.04997
울쎄라,11,f,2019-09-01,3.23136
울쎄라,11,f,2019-10-01,4.73933
울쎄라,11,f,2019-11-01,4.69625
울쎄라,11,f,2019-12-01,8.44463
울쎄라,11,f,2020-01-01,8.48772
울쎄라,11,f,2020-02-01,5.29943
울쎄라,11,f,2020-03-01,4.69625
울쎄라,11,f,2020-04-01,6.63507
울쎄라,11,f,2020-05-01,5.6872
울쎄라,11,f,2020-06-01,5.34252
울쎄라,11,f,2020-07-01,9.26324
울쎄라,11,f,2020-08-01,6.80741
울쎄라,11,f,2020-09-01,8.01378
울쎄라,11,f,2020-10-01,7.53985
울쎄라,11,f,2020-11-01,7.02283
울쎄라,11,f,2020-12-01,6.85049
울쎄라,11,f,2021-01-01,7.88453
울쎄라,11,f,2021-02-01,8.22921
울쎄라,11,f,2021-03-01,8.31538
울쎄라,11,f,2021-04-01,6.93666
울쎄라,11,f,2021-05-01,9.9526
울쎄라,11,f,2021-06-01,9.78026
울쎄라,11,f,2021-07-01,8.57389
울쎄라,11,f,2021-08-01,7.19517
울쎄라,11,f,2021-09-01,11.46057
울쎄라,11,f,2021-10-01,10.68504
울쎄라,11,f,2021-11-01,13.78716
울쎄라,11,f,2021-12-01,9.99569
울쎄라,11,f,2022-01-01,18.18181
울쎄라,11,f,2022-02-01,14.60577
울쎄라,11,f,2022-03-01,15.33821
울쎄라,11,f,2022-04-01,15.29513
울쎄라,11,f,2022-05-01,17.57862
울쎄라,11,f,2022-06-01,20.59457
울쎄라,11,f,2022-07-01,22.10254
울쎄라,11,f,2022-08-01,20.03446
울쎄라,11,f,2022-09-01,12.88237
울쎄라,11,f,2022-10-01,18.87117
울쎄라,11,f,2022-11-01,22.05945
울쎄라,11,f,2022-12-01,33.47694
울쎄라,11,f,2023-01-01,35.32959
울쎄라,11,f,2023-02-01,38.04394
울쎄라,11,f,2023-03-01,40.19819
울쎄라,11,f,2023-04-01,41.5769
울쎄라,11,f,2023-05-01,35.07109
울쎄라,11,f,2023-06-01,27.0573
울쎄라,11,f,2023-07-01,23.52434
울쎄라,11,f,2023-08-01,23.95519
울쎄라,11,f,2023-09-01,23.95519
울쎄라,11,f,2023-10-01,25.89401
울쎄라,11,f,2023-11-01,26.1956
울쎄라,11,f,2023-12-01,54.93321
울쎄라,11,f,2024-01-01,51.57259
울쎄라,11,f,2024-02-01,47.09177
울쎄라,11,f,2024-03-01,48.1258
울쎄라,11,f,2024-04-01,44.11891
울쎄라,11,f,2024-05-01,45.41146
울쎄라,11,f,2024-06-01,36.79448
울쎄라,11,f,2024-07-01,46.83326
울쎄라,11,f,2024-08-01,42.69711
울쎄라,11,f,2024-09-01,37.35458
울쎄라,11,f,2024-10-01,45.71305
울쎄라,11,f,2024-11-01,55.49332
울쎄라,11,f,2024-12-01,69.23739
울쎄라,11,f,2025-01-01,100.0
울쎄라,11,f,2025-02-01,85.99741
울쎄라,11,f,2025-03-01,91.38302
울쎄라,11,f,2025-04-01,68.9358
울쎄라,11,f,2025-05-01,69.02197
울쎄라,11,f,2025-06-01,55.66566
울쎄라,11,f,2025-07-01,55.32098
울쎄라,11,f,2025-08-01,63.85178
울쎄라,11,f,2025-09-01,52.6928
울쎄라,11,f,2025-10-01,44.46359
울쎄라,11,f,2025-11-01,41.44765
울쎄라,11,f,2025-12-01,66.78155
울쎄라,11,m,2016-01-01,16.55076
울쎄라,11,m,2016-02-01,11.96105
울쎄라,11,m,2016-03-01,14.74269
울쎄라,11,m,2016-04-01,15.29902
울쎄라,11,m,2016-05-01,57.57997
울쎄라,11,m,2016-06-01,25.45201
울쎄라,11,m,2016-07-01,79.69401
울쎄라,11,m,2016-08-01,45.34075
울쎄라,11,m,2016-09-01,72.18358
울쎄라,11,m,2016-10-01,73.01808
울쎄라,11,m,2016-11-01,100.0
울쎄라,11,m,2016-12-01,58.41446
울쎄라,11,m,2017-01-01,35.88317
울쎄라,11,m,2017-02-01,68.01112
울쎄라,11,m,2017-03-01,24.61752
울쎄라,11,m,2017-04-01,19.61057
울쎄라,11,m,2017-05-01,10.98748
울쎄라,11,m,2017-06-01,7.09318
울쎄라,11,m,2017-07-01,8.76216
울쎄라,11,m,2017-08-01,7.92767
울쎄라,11,m,2017-09-01,6.81502
울쎄라,11,m,2017-10-01,4.03337
울쎄라,11,m,2017-11-01,8.34492
울쎄라,11,m,2017-12-01,7.23226
울쎄라,11,m,2018-01-01,12.10013
울쎄라,11,m,2018-02-01,10.43115
울쎄라,11,m,2018-03-01,9.45757
울쎄라,11,m,2018-04-01,9.04033
울쎄라,11,m,2018-05-01,8.20584
울쎄라,11,m,2018-06-01,6.11961
울쎄라,11,m,2018-07-01,5.14603
울쎄라,11,m,2018-08-01,4.45062
울쎄라,11,m,2018-09-01,5.56328
울쎄라,11,m,2018-10-01,8.06675
울쎄라,11,m,2018-11-01,11.82197
울쎄라,11,m,2018-12-01,15.29902
울쎄라,11,m,2019-01-01,14.18636
울쎄라,11,m,2019-02-01,7.09318
울쎄라,11,m,2019-03-01,11.40472
울쎄라,11,m,2019-04-01,7.23226
울쎄라,11,m,2019-05-01,9.04033
울쎄라,11,m,2019-06-01,14.46453
울쎄라,11,m,2019-07-01,10.70931
울쎄라,11,m,2019-08-01,9.31849
울쎄라,11,m,2019-09-01,6.53685
울쎄라,11,m,2019-10-01,7.64951
울쎄라,11,m,2019-11-01,11.12656
울쎄라,11,m,2019-12-01,8.90125
울쎄라,11,m,2020-01-01,7.51043
울쎄라,11,m,2020-02-01,7.78859
울쎄라,11,m,2020-03-01,7.09318
울쎄라,11,m,2020-04-01,9.73574
울쎄라,11,m,2020-05-01,8.06675
울쎄라,11,m,2020-06-01,8.20584
울쎄라,11,m,2020-07-01,14.18636
울쎄라,11,m,2020-08-01,10.0139
울쎄라,11,m,2020-09-01,5.56328
울쎄라,11,m,2020-10-01,7.37134
울쎄라,11,m,2020-11-01,4.17246
울쎄라,11,m,2020-12-01,9.73574
울쎄라,11,m,2021-01-01,9.31849
울쎄라,11,m,2021-02-01,8.06675
울쎄라,11,m,2021-03-01,10.8484
울쎄라,11,m,2021-04-01,8.90125
울쎄라,11,m,2021-05-01,12.23922
울쎄라,11,m,2021-06-01,10.57023
울쎄라,11,m,2021-07-01,8.76216
울쎄라,11,m,2021-08-01,8.06675
울쎄라,11,m,2021-09-01,9.04033
울쎄라,11,m,2021-10-01,6.67593
울쎄라,11,m,2021-11-01,12.3783
울쎄라,11,m,2021-12-01,14.74269
울쎄라,11,m,2022-01-01,10.15299
울쎄라,11,m,2022-02-01,11.12656
울쎄라,11,m,2022-03-01,15.57719
울쎄라,11,m,2022-04-01,20.16689
울쎄라,11,m,2022-05-01,16.2726
울쎄라,11,m,2022-06-01,19.47148
울쎄라,11,m,2022-07-01,18.35883
울쎄라,11,m,2022-08-01,12.10013
울쎄라,11,m,2022-09-01,12.79554
울쎄라,11,m,2022-10-01,11.12656
울쎄라,11,m,2022-11-01,16.68984
울쎄라,11,m,2022-12-01,25.86926
울쎄라,11,m,2023-01-01,27.95549
울쎄라,11,m,2023-02-01,28.51182
울쎄라,11,m,2023-03-01,34.35326
울쎄라,11,m,2023-04-01,32.26703
울쎄라,11,m,2023-05-01,27.53824
울쎄라,11,m,2023-06-01,19.47148
울쎄라,11,m,2023-07-01,22.25312
울쎄라,11,m,2023-08-01,21.00139
울쎄라,11,m,2023-09-01,22.67037
울쎄라,11,m,2023-10-01,17.8025
울쎄라,11,m,2023-11-01,20.72322
울쎄라,11,m,2023-12-01,35.88317
울쎄라,11,m,2024-01-01,37.83031
울쎄라,11,m,2024-02-01,31.43254
울쎄라,11,m,2024-03-01,32.82336
울쎄라,11,m,2024-04-01,40.05563
울쎄라,11,m,2024-05-01,39.4993
울쎄라,11,m,2024-06-01,40.75104
울쎄라,11,m,2024-07-01,50.48678
울쎄라,11,m,2024-08-01,35.32684
울쎄라,11,m,2024-09-01,35.74408
울쎄라,11,m,2024-10-01,33.10152
울쎄라,11,m,2024-11-01,31.15438
울쎄라,11,m,2024-12-01,31.7107
울쎄라,11,m,2025-01-01,66.89847
울쎄라,11,m,2025-02-01,66.89847
울쎄라,11,m,2025-03-01,76.63421
울쎄라,11,m,2025-04-01,55.91098
울쎄라,11,m,2025-05-01,56.46731
울쎄라,11,m,2025-06-01,52.99026
울쎄라,11,m,2025-07-01,57.16272
울쎄라,11,m,2025-08-01,60.77885
울쎄라,11,m,2025-09-01,52.85118
울쎄라,11,m,2025-10-01,53.96383
울쎄라,11,m,2025-11-01,58.41446
울쎄라,11,m,2025-12-01,60.63977
슈링크,all,all,2016-01-01,7.92587
슈링크,all,all,2016-02-01,7.45678
슈링크,all,all,2016-03-01,10.90579
슈링크,all,all,2016-04-01,13.35648
슈링크,all,all,2016-05-01,11.48892
슈링크,all,all,2016-06-01,5.02526
슈링크,all,all,2016-07-01,4.74381
슈링크,all,all,2016-08-01,4.60126
슈링크,all,all,2016-09-01,5.046
슈링크,all,all,2016-10-01,5.44563
슈링크,all,all,2016-11-01,6.13709
슈링크,all,all,2016-12-01,6.83996
슈링크,all,all,2017-01-01,6.79849
슈링크,all,all,2017-02-01,7.03848
슈링크,all,all,2017-03-01,9.52701
슈링크,all,all,2017-04-01,6.47142
슈링크,all,all,2017-05-01,6.99442
슈링크,all,all,2017-06-01,6.51133
슈링크,all,all,2017-07-01,6.73629
슈링크,all,all,2017-08-01,6.35635
슈링크,all,all,2017-09-01,7.55837
슈링크,all,all,2017-10-01,7.19657
슈링크,all,all,2017-11-01,7.79992
슈링크,all,all,2017-12-01,9.33471
슈링크,all,all,2018-01-01,17.44304
슈링크,all,all,2018-02-01,11.32823
슈링크,all,all,2018-03-01,11.95801
슈링크,all,all,2018-04-01,11.52883
슈링크,all,all,2018-05-01,13.58196
슈링크,all,all,2018-06-01,12.35765
슈링크,all,all,2018-07-01,32.90086
슈링크,all,all,2018-08-01,42.43928
슈링크,all,all,2018-09-01,31.24271
슈링크,all,all,2018-10-01,35.69884
슈링크,all,all,2018-11-01,43.57962
슈링크,all,all,2018-12-01,34.03135
슈링크,all,all,2019-01-01,31.92069
슈링크,all,all,2019-02-01,26.48697
슈링크,all,all,2019-03-01,28.47583
슈링크,all,all,2019-04-01,24.19282
슈링크,all,all,2019-05-01,22.80782
슈링크,all,all,2019-06-01,26.48853
슈링크,all,all,2019-07-01,29.33782
슈링크,all,all,2019-08-01,27.04418
슈링크,all,all,2019-09-01,25.47622
슈링크,all,all,2019-10-01,31.35415
슈링크,all,all,2019-11-01,28.27627
슈링크,all,all,2019-12-01,100.0
슈링크,all,all,2020-01-01,37.26266
슈링크,all,all,2020-02-01,34.73059
슈링크,all,all,2020-03-01,29.34871
슈링크,all,all,2020-04-01,37.59232
슈링크,all,all,2020-05-01,32.91434
슈링크,all,all,2020-06-01,25.16625
슈링크,all,all,2020-07-01,26.10392
슈링크,all,all,2020-08-01,22.93741
슈링크,all,all,2020-09-01,20.24309
슈링크,all,all,2020-10-01,21.28391
슈링크,all,all,2020-11-01,19.28521
슈링크,all,all,2020-12-01,27.87041
슈링크,all,all,2021-01-01,26.58908
슈링크,all,all,2021-02-01,19.92691
슈링크,all,all,2021-03-01,43.42412
슈링크,all,all,2021-04-01,37.63016
슈링크,all,all,2021-05-01,21.68718
슈링크,all,all,2021-06-01,24.61578
슈링크,all,all,2021-07-01,20.07153
슈링크,all,all,2021-08-01,18.55487
슈링크,all,all,2021-09-01,16.92885
슈링크,all,all,2021-10-01,21.56382
슈링크,all,all,2021-11-01,20.61733
슈링크,all,all,2021-12-01,19.06232
슈링크,all,all,2022-01-01,24.90294
슈링크,all,all,2022-02-01,23.88337
슈링크,all,all,2022-03-01,25.74523
슈링크,all,all,2022-04-01,29.71828
슈링크,all,all,2022-05-01,37.40624
슈링크,all,all,2022-06-01,32.45769
슈링크,all,all,2022-07-01,26.71193
슈링크,all,all,2022-08-01,27.14267
슈링크,all,all,2022-09-01,26.42736
슈링크,all,all,2022-10-01,27.45574
슈링크,all,all,2022-11-01,29.64882
슈링크,all,all,2022-12-01,27.43345
슈링크,all,all,2023-01-01,32.21614
슈링크,all,all,2023-02-01,32.11299
슈링크,all,all,2023-03-01,33.47933
슈링크,all,all,2023-04-01,33.50317
슈링크,all,all,2023-05-01,32.69249
슈링크,all,all,2023-06-01,26.1345
슈링크,all,all,2023-07-01,25.80588
슈링크,all,all,2023-08-01,29.6255
슈링크,all,all,2023-09-01,26.49578
슈링크,all,all,2023-10-01,24.01555
슈링크,all,all,2023-11-01,29.9479
슈링크,all,all,2023-12-01,28.96566
슈링크,all,all,2024-01-01,35.98289
슈링크,all,all,2024-02-01,30.33303
슈링크,all,all,2024-03-01,30.68601
슈링크,all,all,2024-04-01,27.68847
슈링크,all,all,2024-05-01,27.19191
슈링크,all,all,2024-06-01,24.71063
슈링크,all,all,2024-07-01,25.11753
슈링크,all,all,2024-08-01,26.01891
슈링크,all,all,2024-09-01,25.33056
슈링크,all,all,2024-10-01,24.37216
슈링크,all,all,2024-11-01,23.26292
슈링크,all,all,2024-12-01,23.53919
슈링크,all,all,2025-01-01,30.18997
슈링크,all,all,2025-02-01,28.36801
슈링크,all,all,2025-03-01,28.40585
슈링크,all,all,2025-04-01,27.94142
슈링크,all,all,2025-05-01,26.9089
슈링크,all,all,2025-06-01,27.54801
슈링크,all,all,2025-07-01,25.10975
슈링크,all,all,2025-08-01,24.23532
슈링크,all,all,2025-09-01,42.72748
슈링크,all,all,2025-10-01,47.8305
슈링크,all,all,2025-11-01,52.28974
슈링크,all,all,2025-12-01,54.06608
슈링크,all,f,2016-01-01,1.55855
슈링크,all,f,2016-02-01,1.50805
슈링크,all,f,2016-03-01,1.91973
슈링크,all,f,2016-04-01,2.31943
슈링크,all,f,2016-05-01,2.34681
슈링크,all,f,2016-06-01,2.57362
슈링크,all,f,2016-07-01,2.96989
슈링크,all,f,2016-08-01,3.20098
슈링크,all,f,2016-09-01,3.60667
슈링크,all,f,2016-10-01,4.08853
슈링크,all,f,2016-11-01,4.5875
슈링크,all,f,2016-12-01,5.36635
슈링크,all,f,2017-01-01,5.59316
슈링크,all,f,2017-02-01,5.50843
슈링크,all,f,2017-03-01,5.98858
슈링크,all,f,2017-04-01,5.71213
슈링크,all,f,2017-05-01,5.3287
슈링크,all,f,2017-06-01,5.39973
슈링크,all,f,2017-07-01,6.26759
슈링크,all,f,2017-08-01,5.69758
슈링크,all,f,2017-09-01,5.96205
슈링크,all,f,2017-10-01,5.82767
슈링크,all,f,2017-11-01,6.44048
슈링크,all,f,2017-12-01,6.83932
슈링크,all,f,2018-01-01,16.74697
슈링크,all,f,2018-02-01,9.76386
슈링크,all,f,2018-03-01,10.34329
슈링크,all,f,2018-04-01,10.30563
슈링크,all,f,2018-05-01,9.92904
슈링크,all,f,2018-06-01,10.39122
슈링크,all,f,2018-07-01,30.63788
슈링크,all,f,2018-08-01,43.53084
슈링크,all,f,2018-09-01,30.19539
슈링크,all,f,2018-10-01,33.23205
슈링크,all,f,2018-11-01,46.43398
슈링크,all,f,2018-12-01,38.70796
슈링크,all,f,2019-01-01,33.37584
슈링크,all,f,2019-02-01,30.51891
슈링크,all,f,2019-03-01,31.90373
슈링크,all,f,2019-04-01,27.47712
슈링크,all,f,2019-05-01,26.46291
슈링크,all,f,2019-06-01,30.59937
슈링크,all,f,2019-07-01,32.7014
슈링크,all,f,2019-08-01,32.27347
슈링크,all,f,2019-09-01,30.31094
슈링크,all,f,2019-10-01,34.93867
슈링크,all,f,2019-11-01,33.17813
슈링크,all,f,2019-12-01,100.0
슈링크,all,f,2020-01-01,45.31021
슈링크,all,f,2020-02-01,36.24731
슈링크,all,f,2020-03-01,32.7947
슈링크,all,f,2020-04-01,45.59864
슈링크,all,f,2020-05-01,38.77472
슈링크,all,f,2020-06-01,29.21541
슈링크,all,f,2020-07-01,30.75
슈링크,all,f,2020-08-01,27.37099
슈링크,all,f,2020-09-01,24.31893
슈링크,all,f,2020-10-01,25.70888
슈링크,all,f,2020-11-01,22.81772
슈링크,all,f,2020-12-01,29.76146
슈링크,all,f,2021-01-01,30.6045
슈링크,all,f,2021-02-01,23.72067
슈링크,all,f,2021-03-01,51.72331
슈링크,all,f,2021-04-01,43.84323
슈링크,all,f,2021-05-01,25.24413
슈링크,all,f,2021-06-01,28.62999
슈링크,all,f,2021-07-01,22.83569
슈링크,all,f,2021-08-01,22.12874
슈링크,all,f,2021-09-01,20.4341
슈링크,all,f,2021-10-01,25.11404
슈링크,all,f,2021-11-01,24.30695
슈링크,all,f,2021-12-01,22.0577
슈링크,all,f,2022-01-01,28.74553
슈링크,all,f,2022-02-01,29.05793
슈링크,all,f,2022-03-01,31.06924
슈링크,all,f,2022-04-01,35.9178
슈링크,all,f,2022-05-01,43.78674
슈링크,all,f,2022-06-01,39.59893
슈링크,all,f,2022-07-01,33.4948
슈링크,all,f,2022-08-01,34.21973
슈링크,all,f,2022-09-01,33.48368
슈링크,all,f,2022-10-01,35.20228
슈링크,all,f,2022-11-01,36.57511
슈링크,all,f,2022-12-01,33.00781
슈링크,all,f,2023-01-01,40.3658
슈링크,all,f,2023-02-01,40.73383
슈링크,all,f,2023-03-01,42.16314
슈링크,all,f,2023-04-01,41.20028
슈링크,all,f,2023-05-01,39.18126
슈링크,all,f,2023-06-01,31.74025
슈링크,all,f,2023-07-01,32.11598
슈링크,all,f,2023-08-01,35.45305
슈링크,all,f,2023-09-01,32.23581
슈링크,all,f,2023-10-01,29.64164
슈링크,all,f,2023-11-01,33.5376
슈링크,all,f,2023-12-01,34.4046
슈링크,all,f,2024-01-01,43.86805
슈링크,all,f,2024-02-01,36.89607
슈링크,all,f,2024-03-01,37.97704
슈링크,all,f,2024-04-01,33.72332
슈링크,all,f,2024-05-01,32.61496
슈링크,all,f,2024-06-01,29.90011
슈링크,all,f,2024-07-01,30.18769
슈링크,all,f,2024-08-01,31.68205
슈링크,all,f,2024-09-01,30.41963
슈링크,all,f,2024-10-01,30.00539
슈링크,all,f,2024-11-01,28.65995
슈링크,all,f,2024-12-01,29.11527
슈링크,all,f,2025-01-01,36.61791
슈링크,all,f,2025-02-01,35.0157
슈링크,all,f,2025-03-01,34.93439
슈링크,all,f,2025-04-01,34.30532
슈링크,all,f,2025-05-01,32.6278
슈링크,all,f,2025-06-01,30.93915
슈링크,all,f,2025-07-01,29.07676
슈링크,all,f,2025-08-01,29.08446
슈링크,all,f,2025-09-01,41.30983
슈링크,all,f,2025-10-01,44.79668
슈링크,all,f,2025-11-01,47.02197
슈링크,all,f,2025-12-01,48.13546
슈링크,all,m,2016-01-01,0.69606
슈링크,all,m,2016-02-01,0.65624
슈링크,all,m,2016-03-01,0.92635
슈링크,all,m,2016-04-01,0.96618
슈링크,all,m,2016-05-01,1.1047
슈링크,all,m,2016-06-01,1.20859
슈링크,all,m,2016-07-01,0.99215
슈링크,all,m,2016-08-01,1.31941
슈링크,all,m,2016-09-01,1.17223
슈링크,all,m,2016-10-01,1.36789
슈링크,all,m,2016-11-01,1.69515
슈링크,all,m,2016-12-01,1.52199
슈링크,all,m,2017-01-01,1.61723
슈링크,all,m,2017-02-01,1.39213
슈링크,all,m,2017-03-01,1.94795
슈링크,all,m,2017-04-01,2.00855
슈링크,all,m,2017-05-01,2.19728
슈링크,all,m,2017-06-01,2.02067
슈링크,all,m,2017-07-01,2.01547
슈링크,all,m,2017-08-01,1.85964
슈링크,all,m,2017-09-01,1.61896
슈링크,all,m,2017-10-01,1.5774
슈링크,all,m,2017-11-01,1.97738
슈링크,all,m,2017-12-01,2.09859
슈링크,all,m,2018-01-01,3.59808
슈링크,all,m,2018-02-01,2.17824
슈링크,all,m,2018-03-01,2.74098
슈링크,all,m,2018-04-01,4.10021
슈링크,all,m,2018-05-01,2.8743
슈링크,all,m,2018-06-01,2.92279
슈링크,all,m,2018-07-01,23.09317
슈링크,all,m,2018-08-01,23.44813
슈링크,all,m,2018-09-01,14.45812
슈링크,all,m,2018-10-01,16.13595
슈링크,all,m,2018-11-01,19.41544
슈링크,all,m,2018-12-01,14.88753
슈링크,all,m,2019-01-01,16.09786
슈링크,all,m,2019-02-01,12.00976
슈링크,all,m,2019-03-01,12.22447
슈링크,all,m,2019-04-01,13.06945
슈링크,all,m,2019-05-01,11.89548
슈링크,all,m,2019-06-01,14.52738
슈링크,all,m,2019-07-01,18.21896
슈링크,all,m,2019-08-01,13.20624
슈링크,all,m,2019-09-01,12.89803
슈링크,all,m,2019-10-01,20.48897
슈링크,all,m,2019-11-01,13.67374
슈링크,all,m,2019-12-01,100.0
슈링크,all,m,2020-01-01,19.36869
슈링크,all,m,2020-02-01,29.03745
슈링크,all,m,2020-03-01,20.45608
슈링크,all,m,2020-04-01,20.20847
슈링크,all,m,2020-05-01,20.37296
슈링크,all,m,2020-06-01,15.73597
슈링크,all,m,2020-07-01,15.56802
슈링크,all,m,2020-08-01,13.19238
슈링크,all,m,2020-09-01,10.91371
슈링크,all,m,2020-10-01,11.72233
슈링크,all,m,2020-11-01,11.14574
슈링크,all,m,2020-12-01,23.61782
슈링크,all,m,2021-01-01,18.73668
슈링크,all,m,2021-02-01,12.03227
슈링크,all,m,2021-03-01,26.23586
슈링크,all,m,2021-04-01,24.97532
슈링크,all,m,2021-05-01,13.62872
슈링크,all,m,2021-06-01,15.14553
슈링크,all,m,2021-07-01,13.31878
슈링크,all,m,2021-08-01,10.55702
슈링크,all,m,2021-09-01,9.20817
슈링크,all,m,2021-10-01,13.32398
슈링크,all,m,2021-11-01,12.36472
슈링크,all,m,2021-12-01,11.38468
슈링크,all,m,2022-01-01,14.92043
슈링크,all,m,2022-02-01,12.46515
슈링크,all,m,2022-03-01,13.47116
슈링크,all,m,2022-04-01,14.1551
슈링크,all,m,2022-05-01,15.27885
슈링크,all,m,2022-06-01,14.66071
슈링크,all,m,2022-07-01,12.23139
슈링크,all,m,2022-08-01,12.29892
슈링크,all,m,2022-09-01,11.6271
슈링크,all,m,2022-10-01,11.5942
슈링크,all,m,2022-11-01,14.09623
슈링크,all,m,2022-12-01,14.00446
슈링크,all,m,2023-01-01,13.66509
슈링크,all,m,2023-02-01,14.13086
슈링크,all,m,2023-03-01,15.00354
슈링크,all,m,2023-04-01,17.24412
슈링크,all,m,2023-05-01,17.419
슈링크,all,m,2023-06-01,12.99845
슈링크,all,m,2023-07-01,11.53359
슈링크,all,m,2023-08-01,15.98012
슈링크,all,m,2023-09-01,13.21316
슈링크,all,m,2023-10-01,11.31889
슈링크,all,m,2023-11-01,18.65357
슈링크,all,m,2023-12-01,15.85891
슈링크,all,m,2024-01-01,17.45883
슈링크,all,m,2024-02-01,15.47798
슈링크,all,m,2024-03-01,13.91269
슈링크,all,m,2024-04-01,13.18892
슈링크,all,m,2024-05-01,13.94213
슈링크,all,m,2024-06-01,12.05478
슈링크,all,m,2024-07-01,12.5067
슈링크,all,m,2024-08-01,12.2262
슈링크,all,m,2024-09-01,12.85647
슈링크,all,m,2024-10-01,11.27733
슈링크,all,m,2024-11-01,10.59338
슈링크,all,m,2024-12-01,10.51027
슈링크,all,m,2025-01-01,15.7758
슈링크,all,m,2025-02-01,13.28588
슈링크,all,m,2025-03-01,13.31013
슈링크,all,m,2025-04-01,12.66774
슈링크,all,m,2025-05-01,13.28762
슈링크,all,m,2025-06-01,18.83019
슈링크,all,m,2025-07-01,14.92043
슈링크,all,m,2025-08-01,12.66081
슈링크,all,m,2025-09-01,18.28476
슈링크,all,m,2025-10-01,19.60244
슈링크,all,m,2025-11-01,21.50191
슈링크,all,m,2025-12-01,22.25338
슈링크,3,all,2016-01-01,0.22307
슈링크,3,all,2016-02-01,0.22464
슈링크,3,all,2016-03-01,0.34404
슈링크,3,all,2016-04-01,0.43044
슈링크,3,all,2016-05-01,0.33932
슈링크,3,all,2016-06-01,0.44929
슈링크,3,all,2016-07-01,0.53412
슈링크,3,all,2016-08-01,0.53727
슈링크,3,all,2016-09-01,0.6001
슈링크,3,all,2016-10-01,0.80276
슈링크,3,all,2016-11-01,0.79019
슈링크,3,all,2016-12-01,0.9033
슈링크,3,all,2017-01-01,0.89545
슈링크,3,all,2017-02-01,0.84989
슈링크,3,all,2017-03-01,0.92215
슈링크,3,all,2017-04-01,0.97242
슈링크,3,all,2017-05-01,0.99756
슈링크,3,all,2017-06-01,1.0007
슈링크,3,all,2017-07-01,1.07768
슈링크,3,all,2017-08-01,0.98656
슈링크,3,all,2017-09-01,0.99285
슈링크,3,all,2017-10-01,1.22849
슈링크,3,all,2017-11-01,1.23478
슈링크,3,all,2017-12-01,1.65422
슈링크,3,all,2018-01-01,3.409
슈링크,3,all,2018-02-01,2.0831
슈링크,3,all,2018-03-01,1.9967
슈링크,3,all,2018-04-01,1.81603
슈링크,3,all,2018-05-01,1.82389
슈링크,3,all,2018-06-01,2.16008
슈링크,3,all,2018-07-01,17.60584
슈링크,3,all,2018-08-01,18.21066
슈링크,3,all,2018-09-01,10.23485
슈링크,3,all,2018-10-01,11.78854
슈링크,3,all,2018-11-01,11.10046
슈링크,3,all,2018-12-01,9.61118
슈링크,3,all,2019-01-01,9.93009
슈링크,3,all,2019-02-01,9.6803
슈링크,3,all,2019-03-01,9.28442
슈링크,3,all,2019-04-01,7.92867
슈링크,3,all,2019-05-01,8.10776
슈링크,3,all,2019-06-01,10.30555
슈링크,3,all,2019-07-01,11.37381
슈링크,3,all,2019-08-01,11.14287
슈링크,3,all,2019-09-01,10.58675
슈링크,3,all,2019-10-01,14.19212
슈링크,3,all,2019-11-01,9.95994
슈링크,3,all,2019-12-01,100.0
슈링크,3,all,2020-01-01,16.94132
슈링크,3,all,2020-02-01,17.02929
슈링크,3,all,2020-03-01,15.86363
슈링크,3,all,2020-04-01,15.6547
슈링크,3,all,2020-05-01,12.64158
슈링크,3,all,2020-06-01,10.23171
슈링크,3,all,2020-07-01,10.44065
슈링크,3,all,2020-08-01,9.93323
슈링크,3,all,2020-09-01,8.49579
슈링크,3,all,2020-10-01,7.99151
슈링크,3,all,2020-11-01,7.07721
슈링크,3,all,2020-12-01,14.61786
슈링크,3,all,2021-01-01,9.84368
슈링크,3,all,2021-02-01,7.73387
슈링크,3,all,2021-03-01,11.86395
슈링크,3,all,2021-04-01,9.23258
슈링크,3,all,2021-05-01,6.9531
슈링크,3,all,2021-06-01,7.56735
슈링크,3,all,2021-07-01,7.1479
슈링크,3,all,2021-08-01,6.65462
슈링크,3,all,2021-09-01,5.6869
슈링크,3,all,2021-10-01,5.63349
슈링크,3,all,2021-11-01,5.60521
슈링크,3,all,2021-12-01,5.43398
슈링크,3,all,2022-01-01,5.65862
슈링크,3,all,2022-02-01,5.32872
슈링크,3,all,2022-03-01,5.36485
슈링크,3,all,2022-04-01,5.34914
슈링크,3,all,2022-05-01,5.98224
슈링크,3,all,2022-06-01,5.79058
슈링크,3,all,2022-07-01,5.77959
슈링크,3,all,2022-08-01,6.4551
슈링크,3,all,2022-09-01,5.75445
슈링크,3,all,2022-10-01,5.88956
슈링크,3,all,2022-11-01,6.7803
슈링크,3,all,2022-12-01,6.78501
슈링크,3,all,2023-01-01,8.9608
슈링크,3,all,2023-02-01,7.84698
슈링크,3,all,2023-03-01,7.38041
슈링크,3,all,2023-04-01,7.30814
슈링크,3,all,2023-05-01,6.79915
슈링크,3,all,2023-06-01,6.11892
슈링크,3,all,2023-07-01,7.3537
슈링크,3,all,2023-08-01,7.1699
슈링크,3,all,2023-09-01,6.68132
슈링크,3,all,2023-10-01,6.43311
슈링크,3,all,2023-11-01,6.71117
슈링크,3,all,2023-12-01,6.50695
슈링크,3,all,2024-01-01,8.89953
슈링크,3,all,2024-02-01,8.58377
슈링크,3,all,2024-03-01,7.75744
슈링크,3,all,2024-04-01,7.09449
슈링크,3,all,2024-05-01,6.76144
슈링크,3,all,2024-06-01,6.9044
슈링크,3,all,2024-07-01,7.316
슈링크,3,all,2024-08-01,7.10391
슈링크,3,all,2024-09-01,6.94368
슈링크,3,all,2024-10-01,6.83685
슈링크,3,all,2024-11-01,6.24145
슈링크,3,all,2024-12-01,6.21003
슈링크,3,all,2025-01-01,8.64189
슈링크,3,all,2025-02-01,8.34969
슈링크,3,all,2025-03-01,7.41497
슈링크,3,all,2025-04-01,7.31757
슈링크,3,all,2025-05-01,7.01594
슈링크,3,all,2025-06-01,8.22559
슈링크,3,all,2025-07-01,7.58463
슈링크,3,all,2025-08-01,6.97667
슈링크,3,all,2025-09-01,5.99167
슈링크,3,all,2025-10-01,6.31529
슈링크,3,all,2025-11-01,5.75131
슈링크,3,all,2025-12-01,5.36957
슈링크,3,f,2016-01-01,0.30299
슈링크,3,f,2016-02-01,0.31318
슈링크,3,f,2016-03-01,0.47868
슈링크,3,f,2016-04-01,0.56271
슈링크,3,f,2016-05-01,0.48123
슈링크,3,f,2016-06-01,0.59326
슈링크,3,f,2016-07-01,0.75113
슈링크,3,f,2016-08-01,0.78168
슈링크,3,f,2016-09-01,0.81988
슈링크,3,f,2016-10-01,1.12033
슈링크,3,f,2016-11-01,1.13561
슈링크,3,f,2016-12-01,1.3444
슈링크,3,f,2017-01-01,1.32403
슈링크,3,f,2017-02-01,1.23491
슈링크,3,f,2017-03-01,1.26292
슈링크,3,f,2017-04-01,1.24255
슈링크,3,f,2017-05-01,1.29347
슈링크,3,f,2017-06-01,1.31384
슈링크,3,f,2017-07-01,1.50226
슈링크,3,f,2017-08-01,1.36731
슈링크,3,f,2017-09-01,1.41569
슈링크,3,f,2017-10-01,1.73397
슈링크,3,f,2017-11-01,1.71614
슈링크,3,f,2017-12-01,2.40362
슈링크,3,f,2018-01-01,5.07715
슈링크,3,f,2018-02-01,3.13438
슈링크,3,f,2018-03-01,2.93578
슈링크,3,f,2018-04-01,2.49528
슈링크,3,f,2018-05-01,2.60477
슈링크,3,f,2018-06-01,3.22605
슈링크,3,f,2018-07-01,19.16025
슈링크,3,f,2018-08-01,23.04578
슈링크,3,f,2018-09-01,13.06971
슈링크,3,f,2018-10-01,15.40204
슈링크,3,f,2018-11-01,14.74512
슈링크,3,f,2018-12-01,12.69542
슈링크,3,f,2019-01-01,13.27595
슈링크,3,f,2019-02-01,13.25304
슈링크,3,f,2019-03-01,12.60375
슈링크,3,f,2019-04-01,10.85705
슈링크,3,f,2019-05-01,11.27972
슈링크,3,f,2019-06-01,13.93797
슈링크,3,f,2019-07-01,15.11687
슈링크,3,f,2019-08-01,15.45297
슈링크,3,f,2019-09-01,14.05255
슈링크,3,f,2019-10-01,15.1245
슈링크,3,f,2019-11-01,13.26832
슈링크,3,f,2019-12-01,100.0
슈링크,3,f,2020-01-01,22.72241
슈링크,3,f,2020-02-01,18.21561
슈링크,3,f,2020-03-01,19.95722
슈링크,3,f,2020-04-01,21.17686
슈링크,3,f,2020-05-01,16.474
슈링크,3,f,2020-06-01,13.12827
슈링크,3,f,2020-07-01,13.9507
슈링크,3,f,2020-08-01,13.35234
슈링크,3,f,2020-09-01,11.55726
슈링크,3,f,2020-10-01,10.50313
슈링크,3,f,2020-11-01,9.26312
슈링크,3,f,2020-12-01,17.3117
슈링크,3,f,2021-01-01,12.38733
슈링크,3,f,2021-02-01,9.95314
슈링크,3,f,2021-03-01,15.35366
슈링크,3,f,2021-04-01,12.37205
슈링크,3,f,2021-05-01,8.94994
슈링크,3,f,2021-06-01,10.20522
슈링크,3,f,2021-07-01,9.06961
슈링크,3,f,2021-08-01,8.99068
슈링크,3,f,2021-09-01,7.61063
슈링크,3,f,2021-10-01,7.40693
슈링크,3,f,2021-11-01,7.1956
슈링크,3,f,2021-12-01,7.18796
슈링크,3,f,2022-01-01,7.82451
슈링크,3,f,2022-02-01,7.38147
슈링크,3,f,2022-03-01,7.1574
슈링크,3,f,2022-04-01,7.34328
슈링크,3,f,2022-05-01,8.15552
슈링크,3,f,2022-06-01,7.74558
슈링크,3,f,2022-07-01,8.02821
슈링크,3,f,2022-08-01,8.9754
슈링크,3,f,2022-09-01,7.89071
슈링크,3,f,2022-10-01,8.01548
슈링크,3,f,2022-11-01,9.13581
슈링크,3,f,2022-12-01,8.50944
슈링크,3,f,2023-01-01,12.65213
슈링크,3,f,2023-02-01,10.83923
슈링크,3,f,2023-03-01,10.2154
슈링크,3,f,2023-04-01,10.27397
슈링크,3,f,2023-05-01,9.50756
슈링크,3,f,2023-06-01,8.4356
슈링크,3,f,2023-07-01,10.50058
슈링크,3,f,2023-08-01,9.8182
슈링크,3,f,2023-09-01,9.16891
슈링크,3,f,2023-10-01,8.9754
슈링크,3,f,2023-11-01,9.08234
슈링크,3,f,2023-12-01,8.92447
슈링크,3,f,2024-01-01,12.45353
슈링크,3,f,2024-02-01,11.40958
슈링크,3,f,2024-03-01,10.55405
슈링크,3,f,2024-04-01,9.86657
슈링크,3,f,2024-05-01,9.42608
슈링크,3,f,2024-06-01,9.85384
슈링크,3,f,2024-07-01,10.41146
슈링크,3,f,2024-08-01,10.04481
슈링크,3,f,2024-09-01,9.49737
슈링크,3,f,2024-10-01,9.69852
슈링크,3,f,2024-11-01,8.91174
슈링크,3,f,2024-12-01,8.77425
슈링크,3,f,2025-01-01,11.81697
슈링크,3,f,2025-02-01,11.87299
슈링크,3,f,2025-03-01,10.40892
슈링크,3,f,2025-04-01,10.54641
슈링크,3,f,2025-05-01,9.92259
슈링크,3,f,2025-06-01,10.53877
슈링크,3,f,2025-07-01,10.70173
슈링크,3,f,2025-08-01,9.73926
슈링크,3,f,2025-09-01,8.22172
슈링크,3,f,2025-10-01,8.81499
슈링크,3,f,2025-11-01,7.9671
슈링크,3,f,2025-12-01,7.47822
슈링크,3,m,2016-01-01,0.09433
슈링크,3,m,2016-02-01,0.08203
슈링크,3,m,2016-03-01,0.12714
슈링크,3,m,2016-04-01,0.21738
슈링크,3,m,2016-05-01,0.11074
슈링크,3,m,2016-06-01,0.21738
슈링크,3,m,2016-07-01,0.18456
슈링크,3,m,2016-08-01,0.14355
슈링크,3,m,2016-09-01,0.24609
슈링크,3,m,2016-10-01,0.29121
슈링크,3,m,2016-11-01,0.23378
슈링크,3,m,2016-12-01,0.19277
슈링크,3,m,2017-01-01,0.20507
슈링크,3,m,2017-02-01,0.22968
슈링크,3,m,2017-03-01,0.37324
슈링크,3,m,2017-04-01,0.5373
슈링크,3,m,2017-05-01,0.52089
슈링크,3,m,2017-06-01,0.49628
슈링크,3,m,2017-07-01,0.39374
슈링크,3,m,2017-08-01,0.37324
슈링크,3,m,2017-09-01,0.31171
슈링크,3,m,2017-10-01,0.41425
슈링크,3,m,2017-11-01,0.45937
슈링크,3,m,2017-12-01,0.44706
슈링크,3,m,2018-01-01,0.72187
슈링크,3,m,2018-02-01,0.38964
슈링크,3,m,2018-03-01,0.48398
슈링크,3,m,2018-04-01,0.72187
슈링크,3,m,2018-05-01,0.56601
슈링크,3,m,2018-06-01,0.44296
슈링크,3,m,2018-07-01,15.10192
슈링크,3,m,2018-08-01,10.42204
슈링크,3,m,2018-09-01,5.66834
슈링크,3,m,2018-10-01,5.96776
슈링크,3,m,2018-11-01,5.22948
슈링크,3,m,2018-12-01,4.64295
슈링크,3,m,2019-01-01,4.54042
슈링크,3,m,2019-02-01,3.92518
슈링크,3,m,2019-03-01,3.93749
슈링크,3,m,2019-04-01,3.21151
슈링크,3,m,2019-05-01,2.99823
슈링크,3,m,2019-06-01,4.45428
슈링크,3,m,2019-07-01,5.34432
슈링크,3,m,2019-08-01,4.19999
슈링크,3,m,2019-09-01,5.00389
슈링크,3,m,2019-10-01,12.6902
슈링크,3,m,2019-11-01,4.63065
슈링크,3,m,2019-12-01,100.0
슈링크,3,m,2020-01-01,7.62889
슈링크,3,m,2020-02-01,15.11832
슈링크,3,m,2020-03-01,9.26951
슈링크,3,m,2020-04-01,6.75936
슈링크,3,m,2020-05-01,6.46815
슈링크,3,m,2020-06-01,5.5658
슈링크,3,m,2020-07-01,4.78651
슈링크,3,m,2020-08-01,4.42557
슈링크,3,m,2020-09-01,3.56425
슈링크,3,m,2020-10-01,3.94569
슈링크,3,m,2020-11-01,3.55604
슈링크,3,m,2020-12-01,10.27849
슈링크,3,m,2021-01-01,5.74627
슈링크,3,m,2021-02-01,4.15897
슈링크,3,m,2021-03-01,6.24256
슈링크,3,m,2021-04-01,4.17538
슈링크,3,m,2021-05-01,3.73651
슈링크,3,m,2021-06-01,3.31815
슈링크,3,m,2021-07-01,4.05233
슈링크,3,m,2021-08-01,2.89159
슈링크,3,m,2021-09-01,2.58808
슈링크,3,m,2021-10-01,2.77675
슈링크,3,m,2021-11-01,3.04335
슈링크,3,m,2021-12-01,2.60858
슈링크,3,m,2022-01-01,2.16972
슈링크,3,m,2022-02-01,2.02206
슈링크,3,m,2022-03-01,2.47733
슈링크,3,m,2022-04-01,2.1369
슈링크,3,m,2022-05-01,2.48144
슈링크,3,m,2022-06-01,2.6414
슈링크,3,m,2022-07-01,2.15741
슈링크,3,m,2022-08-01,2.3953
슈링크,3,m,2022-09-01,2.31327
슈링크,3,m,2022-10-01,2.46503
슈링크,3,m,2022-11-01,2.98593
슈링크,3,m,2022-12-01,4.00721
슈링크,3,m,2023-01-01,3.01464
슈링크,3,m,2023-02-01,3.02694
슈링크,3,m,2023-03-01,2.81366
슈링크,3,m,2023-04-01,2.53065
슈링크,3,m,2023-05-01,2.43632
슈링크,3,m,2023-06-01,2.3871
슈링크,3,m,2023-07-01,2.28456
슈링크,3,m,2023-08-01,2.9039
슈링크,3,m,2023-09-01,2.67421
슈링크,3,m,2023-10-01,2.33788
슈링크,3,m,2023-11-01,2.89159
슈링크,3,m,2023-12-01,2.61269
슈링크,3,m,2024-01-01,3.1746
슈링크,3,m,2024-02-01,4.03182
슈링크,3,m,2024-03-01,3.25253
슈링크,3,m,2024-04-01,2.62909
슈링크,3,m,2024-05-01,2.46913
슈링크,3,m,2024-06-01,2.15331
슈링크,3,m,2024-07-01,2.32968
슈링크,3,m,2024-08-01,2.36659
슈링크,3,m,2024-09-01,2.83007
슈링크,3,m,2024-10-01,2.22714
슈링크,3,m,2024-11-01,1.94003
슈링크,3,m,2024-12-01,2.07948
슈링크,3,m,2025-01-01,3.52733
슈링크,3,m,2025-02-01,2.67421
슈링크,3,m,2025-03-01,2.59218
슈링크,3,m,2025-04-01,2.1164
슈링크,3,m,2025-05-01,2.33378
슈링크,3,m,2025-06-01,4.4994
슈링크,3,m,2025-07-01,2.56347
슈링크,3,m,2025-08-01,2.52655
슈링크,3,m,2025-09-01,2.3994
슈링크,3,m,2025-10-01,2.28866
슈링크,3,m,2025-11-01,2.18202
슈링크,3,m,2025-12-01,1.97284
슈링크,4,all,2016-01-01,0.81236
슈링크,4,all,2016-02-01,0.91645
슈링크,4,all,2016-03-01,1.23551
슈링크,4,all,2016-04-01,1.43691
슈링크,4,all,2016-05-01,1.32829
슈링크,4,all,2016-06-01,1.35092
슈링크,4,all,2016-07-01,1.64056
슈링크,4,all,2016-08-01,1.84422
슈링크,4,all,2016-09-01,2.10445
슈링크,4,all,2016-10-01,2.67469
슈링크,4,all,2016-11-01,2.87608
슈링크,4,all,2016-12-01,3.47574
슈링크,4,all,2017-01-01,3.26529
슈링크,4,all,2017-02-01,3.36486
슈링크,4,all,2017-03-01,3.64093
슈링크,4,all,2017-04-01,3.66808
슈링크,4,all,2017-05-01,3.24266
슈링크,4,all,2017-06-01,3.40106
슈링크,4,all,2017-07-01,3.89437
슈링크,4,all,2017-08-01,3.76086
슈링크,4,all,2017-09-01,3.86495
슈링크,4,all,2017-10-01,3.72691
슈링크,4,all,2017-11-01,4.41256
슈링크,4,all,2017-12-01,4.65921
슈링크,4,all,2018-01-01,12.01348
슈링크,4,all,2018-02-01,7.30675
슈링크,4,all,2018-03-01,7.62355
슈링크,4,all,2018-04-01,7.46741
슈링크,4,all,2018-05-01,7.20492
슈링크,4,all,2018-06-01,7.32485
슈링크,4,all,2018-07-01,34.51982
슈링크,4,all,2018-08-01,46.16446
슈링크,4,all,2018-09-01,28.19062
슈링크,4,all,2018-10-01,29.5868
슈링크,4,all,2018-11-01,29.4284
슈링크,4,all,2018-12-01,24.33019
슈링크,4,all,2019-01-01,25.99112
슈링크,4,all,2019-02-01,23.60834
슈링크,4,all,2019-03-01,24.83933
슈링크,4,all,2019-04-01,23.07431
슈링크,4,all,2019-05-01,20.88839
슈링크,4,all,2019-06-01,24.47954
슈링크,4,all,2019-07-01,28.90115
슈링크,4,all,2019-08-01,25.69922
슈링크,4,all,2019-09-01,25.30095
슈링크,4,all,2019-10-01,29.49628
슈링크,4,all,2019-11-01,23.62644
슈링크,4,all,2019-12-01,100.0
슈링크,4,all,2020-01-01,33.66446
슈링크,4,all,2020-02-01,35.01086
슈링크,4,all,2020-03-01,29.07766
슈링크,4,all,2020-04-01,34.52661
슈링크,4,all,2020-05-01,29.21116
슈링크,4,all,2020-06-01,22.74619
슈링크,4,all,2020-07-01,22.47691
슈링크,4,all,2020-08-01,19.57141
슈링크,4,all,2020-09-01,17.66383
슈링크,4,all,2020-10-01,18.41057
슈링크,4,all,2020-11-01,15.70872
슈링크,4,all,2020-12-01,27.74257
슈링크,4,all,2021-01-01,22.31173
슈링크,4,all,2021-02-01,16.71569
슈링크,4,all,2021-03-01,27.00036
슈링크,4,all,2021-04-01,23.82784
슈링크,4,all,2021-05-01,17.55973
슈링크,4,all,2021-06-01,17.53258
슈링크,4,all,2021-07-01,15.4236
슈링크,4,all,2021-08-01,14.12925
슈링크,4,all,2021-09-01,12.78511
슈링크,4,all,2021-10-01,12.98651
슈링크,4,all,2021-11-01,13.5228
슈링크,4,all,2021-12-01,13.20374
슈링크,4,all,2022-01-01,16.52335
슈링크,4,all,2022-02-01,15.88975
슈링크,4,all,2022-03-01,16.67043
슈링크,4,all,2022-04-01,18.03946
슈링크,4,all,2022-05-01,19.59856
슈링크,4,all,2022-06-01,17.36739
슈링크,4,all,2022-07-01,16.67043
슈링크,4,all,2022-08-01,17.79733
슈링크,4,all,2022-09-01,18.17976
슈링크,4,all,2022-10-01,17.90369
슈링크,4,all,2022-11-01,19.52615
슈링크,4,all,2022-12-01,18.33137
슈링크,4,all,2023-01-01,21.62156
슈링크,4,all,2023-02-01,21.60345
슈링크,4,all,2023-03-01,22.97022
슈링크,4,all,2023-04-01,22.01529
슈링크,4,all,2023-05-01,20.20954
슈링크,4,all,2023-06-01,16.88088
슈링크,4,all,2023-07-01,18.26122
슈링크,4,all,2023-08-01,18.09829
슈링크,4,all,2023-09-01,18.17976
슈링크,4,all,2023-10-01,16.82204
슈링크,4,all,2023-11-01,16.76774
슈링크,4,all,2023-12-01,17.36287
슈링크,4,all,2024-01-01,22.5448
슈링크,4,all,2024-02-01,21.61024
슈링크,4,all,2024-03-01,21.54462
슈링크,4,all,2024-04-01,18.95591
슈링크,4,all,2024-05-01,17.58463
슈링크,4,all,2024-06-01,15.57748
슈링크,4,all,2024-07-01,16.38531
슈링크,4,all,2024-08-01,17.05059
슈링크,4,all,2024-09-01,17.19768
슈링크,4,all,2024-10-01,17.32666
슈링크,4,all,2024-11-01,15.97347
슈링크,4,all,2024-12-01,16.23597
슈링크,4,all,2025-01-01,21.84784
슈링크,4,all,2025-02-01,20.62137
슈링크,4,all,2025-03-01,19.96288
슈링크,4,all,2025-04-01,19.12337
슈링크,4,all,2025-05-01,18.43546
슈링크,4,all,2025-06-01,19.36775
슈링크,4,all,2025-07-01,16.5935
슈링크,4,all,2025-08-01,16.1545
슈링크,4,all,2025-09-01,16.74284
슈링크,4,all,2025-10-01,15.625
슈링크,4,all,2025-11-01,15.07738
슈링크,4,all,2025-12-01,14.33064
슈링크,4,f,2016-01-01,1.14904
슈링크,4,f,2016-02-01,1.32525
슈링크,4,f,2016-03-01,1.67033
슈링크,4,f,2016-04-01,2.05947
슈링크,4,f,2016-05-01,1.93098
슈링크,4,f,2016-06-01,1.85389
슈링크,4,f,2016-07-01,2.46696
슈링크,4,f,2016-08-01,2.69089
슈링크,4,f,2016-09-01,2.99926
슈링크,4,f,2016-10-01,3.895
슈링크,4,f,2016-11-01,4.06754
슈링크,4,f,2016-12-01,5.13215
슈링크,4,f,2017-01-01,4.79809
슈링크,4,f,2017-02-01,5.0
슈링크,4,f,2017-03-01,5.16886
슈링크,4,f,2017-04-01,5.27533
슈링크,4,f,2017-05-01,4.47136
슈링크,4,f,2017-06-01,4.83847
슈링크,4,f,2017-07-01,5.5066
슈링크,4,f,2017-08-01,5.40014
슈링크,4,f,2017-09-01,5.67547
슈링크,4,f,2017-10-01,5.43685
슈링크,4,f,2017-11-01,6.55653
슈링크,4,f,2017-12-01,6.85756
슈링크,4,f,2018-01-01,18.24155
슈링크,4,f,2018-02-01,11.06461
슈링크,4,f,2018-03-01,11.27386
슈링크,4,f,2018-04-01,10.74522
슈링크,4,f,2018-05-01,10.46622
슈링크,4,f,2018-06-01,10.58002
슈링크,4,f,2018-07-01,39.44933
슈링크,4,f,2018-08-01,58.94273
슈링크,4,f,2018-09-01,37.54038
슈링크,4,f,2018-10-01,38.61233
슈링크,4,f,2018-11-01,38.16813
슈링크,4,f,2018-12-01,32.53303
슈링크,4,f,2019-01-01,34.90822
슈링크,4,f,2019-02-01,31.59324
슈링크,4,f,2019-03-01,33.79955
슈링크,4,f,2019-04-01,30.58002
슈링크,4,f,2019-05-01,27.95888
슈링크,4,f,2019-06-01,32.34214
슈링크,4,f,2019-07-01,36.32158
슈링크,4,f,2019-08-01,34.45301
슈링크,4,f,2019-09-01,33.71879
슈링크,4,f,2019-10-01,34.98898
슈링크,4,f,2019-11-01,31.18208
슈링크,4,f,2019-12-01,100.0
슈링크,4,f,2020-01-01,43.26725
슈링크,4,f,2020-02-01,38.3113
슈링크,4,f,2020-03-01,34.55947
슈링크,4,f,2020-04-01,45.00734
슈링크,4,f,2020-05-01,36.29955
슈링크,4,f,2020-06-01,27.91483
슈링크,4,f,2020-07-01,28.42143
슈링크,4,f,2020-08-01,25.27533
슈링크,4,f,2020-09-01,22.59911
슈링크,4,f,2020-10-01,23.48751
슈링크,4,f,2020-11-01,19.9229
슈링크,4,f,2020-12-01,29.57782
슈링크,4,f,2021-01-01,26.16005
슈링크,4,f,2021-02-01,20.96182
슈링크,4,f,2021-03-01,33.72246
슈링크,4,f,2021-04-01,29.58149
슈링크,4,f,2021-05-01,22.09251
슈링크,4,f,2021-06-01,22.45227
슈링크,4,f,2021-07-01,18.71145
슈링크,4,f,2021-08-01,18.19383
슈링크,4,f,2021-09-01,16.26651
슈링크,4,f,2021-10-01,16.23715
슈링크,4,f,2021-11-01,17.0301
슈링크,4,f,2021-12-01,16.64096
슈링크,4,f,2022-01-01,21.89794
슈링크,4,f,2022-02-01,21.00954
슈링크,4,f,2022-03-01,22.3348
슈링크,4,f,2022-04-01,24.08957
슈링크,4,f,2022-05-01,26.79148
슈링크,4,f,2022-06-01,23.10572
슈링크,4,f,2022-07-01,22.55139
슈링크,4,f,2022-08-01,23.98311
슈링크,4,f,2022-09-01,24.6439
슈링크,4,f,2022-10-01,24.24743
슈링크,4,f,2022-11-01,26.41703
슈링크,4,f,2022-12-01,23.76651
슈링크,4,f,2023-01-01,29.86784
슈링크,4,f,2023-02-01,29.53744
슈링크,4,f,2023-03-01,31.2298
슈링크,4,f,2023-04-01,30.01835
슈링크,4,f,2023-05-01,27.13656
슈링크,4,f,2023-06-01,22.50367
슈링크,4,f,2023-07-01,25.09911
슈링크,4,f,2023-08-01,24.20704
슈링크,4,f,2023-09-01,24.0345
슈링크,4,f,2023-10-01,22.74963
슈링크,4,f,2023-11-01,22.18795
슈링크,4,f,2023-12-01,23.04698
슈링크,4,f,2024-01-01,30.69016
슈링크,4,f,2024-02-01,28.61233
슈링크,4,f,2024-03-01,29.43832
슈링크,4,f,2024-04-01,25.78193
슈링크,4,f,2024-05-01,23.71512
슈링크,4,f,2024-06-01,21.116
슈링크,4,f,2024-07-01,22.25403
슈링크,4,f,2024-08-01,23.1718
슈링크,4,f,2024-09-01,23.09104
슈링크,4,f,2024-10-01,23.92804
슈링크,4,f,2024-11-01,22.11086
슈링크,4,f,2024-12-01,22.42657
슈링크,4,f,2025-01-01,29.18869
슈링크,4,f,2025-02-01,28.19016
슈링크,4,f,2025-03-01,27.3972
슈링크,4,f,2025-04-01,26.43538
슈링크,4,f,2025-05-01,25.1395
슈링크,4,f,2025-06-01,23.99045
슈링크,4,f,2025-07-01,22.07415
슈링크,4,f,2025-08-01,21.64831
슈링크,4,f,2025-09-01,22.4229
슈링크,4,f,2025-10-01,21.39867
슈링크,4,f,2025-11-01,20.49926
슈링크,4,f,2025-12-01,19.29515
슈링크,4,m,2016-01-01,0.27135
슈링크,4,m,2016-02-01,0.25955
슈링크,4,m,2016-03-01,0.5368
슈링크,4,m,2016-04-01,0.43652
슈링크,4,m,2016-05-01,0.35983
슈링크,4,m,2016-06-01,0.5427
슈링크,4,m,2016-07-01,0.31264
슈링크,4,m,2016-08-01,0.48371
슈링크,4,m,2016-09-01,0.66658
슈링크,4,m,2016-10-01,0.71378
슈링크,4,m,2016-11-01,0.96153
슈링크,4,m,2016-12-01,0.81406
슈링크,4,m,2017-01-01,0.80226
슈링크,4,m,2017-02-01,0.73737
슈링크,4,m,2017-03-01,1.1857
슈링크,4,m,2017-04-01,1.08541
슈링크,4,m,2017-05-01,1.26828
슈링크,4,m,2017-06-01,1.09131
슈링크,4,m,2017-07-01,1.30368
슈링크,4,m,2017-08-01,1.12671
슈링크,4,m,2017-09-01,0.95563
슈링크,4,m,2017-10-01,0.97923
슈링크,4,m,2017-11-01,0.96743
슈링크,4,m,2017-12-01,1.12671
슈링크,4,m,2018-01-01,2.00566
슈링크,4,m,2018-02-01,1.26828
슈링크,4,m,2018-03-01,1.7579
슈링크,4,m,2018-04-01,2.20033
슈링크,4,m,2018-05-01,1.96436
슈링크,4,m,2018-06-01,2.09414
슈링크,4,m,2018-07-01,26.59863
슈링크,4,m,2018-08-01,25.63119
슈링크,4,m,2018-09-01,13.16658
슈링크,4,m,2018-10-01,15.08376
슈링크,4,m,2018-11-01,15.38461
슈링크,4,m,2018-12-01,11.14912
슈링크,4,m,2019-01-01,11.66234
슈링크,4,m,2019-02-01,10.77748
슈링크,4,m,2019-03-01,10.44124
슈링크,4,m,2019-04-01,11.01344
슈링크,4,m,2019-05-01,9.52689
슈링크,4,m,2019-06-01,11.84521
슈링크,4,m,2019-07-01,16.97734
슈링크,4,m,2019-08-01,11.63284
슈링크,4,m,2019-09-01,11.77442
슈링크,4,m,2019-10-01,20.67012
슈링크,4,m,2019-11-01,11.48537
슈링크,4,m,2019-12-01,100.0
슈링크,4,m,2020-01-01,18.23383
슈링크,4,m,2020-02-01,29.7074
슈링크,4,m,2020-03-01,20.26899
슈링크,4,m,2020-04-01,17.68522
슈링크,4,m,2020-05-01,17.8209
슈링크,4,m,2020-06-01,14.44077
슈링크,4,m,2020-07-01,12.92472
슈링크,4,m,2020-08-01,10.40585
슈링크,4,m,2020-09-01,9.73336
슈링크,4,m,2020-10-01,10.25247
슈링크,4,m,2020-11-01,8.93699
슈링크,4,m,2020-12-01,24.79353
슈링크,4,m,2021-01-01,16.12789
슈링크,4,m,2021-02-01,9.89263
슈링크,4,m,2021-03-01,16.19867
슈링크,4,m,2021-04-01,14.58235
슈링크,4,m,2021-05-01,10.27607
슈링크,4,m,2021-06-01,9.62718
슈링크,4,m,2021-07-01,10.14039
슈링크,4,m,2021-08-01,7.59792
슈링크,4,m,2021-09-01,7.19089
슈링크,4,m,2021-10-01,7.76309
슈링크,4,m,2021-11-01,7.88697
슈링크,4,m,2021-12-01,7.6805
슈링크,4,m,2022-01-01,7.88697
슈링크,4,m,2022-02-01,7.66281
슈링크,4,m,2022-03-01,7.56842
슈링크,4,m,2022-04-01,8.3176
슈링크,4,m,2022-05-01,8.04034
슈링크,4,m,2022-06-01,8.14653
슈링크,4,m,2022-07-01,7.22038
슈링크,4,m,2022-08-01,7.85747
슈링크,4,m,2022-09-01,7.79259
슈링크,4,m,2022-10-01,7.71
슈링크,4,m,2022-11-01,8.45327
슈링크,4,m,2022-12-01,9.59768
슈링크,4,m,2023-01-01,8.37069
슈링크,4,m,2023-02-01,8.85441
슈링크,4,m,2023-03-01,9.69797
슈링크,4,m,2023-04-01,9.15526
슈링크,4,m,2023-05-01,9.07857
슈링크,4,m,2023-06-01,7.84568
슈링크,4,m,2023-07-01,7.27347
슈링크,4,m,2023-08-01,8.2822
슈링크,4,m,2023-09-01,8.77182
슈링크,4,m,2023-10-01,7.29707
슈링크,4,m,2023-11-01,8.05804
슈링크,4,m,2023-12-01,8.22911
슈링크,4,m,2024-01-01,9.45611
슈링크,4,m,2024-02-01,10.35865
슈링크,4,m,2024-03-01,8.86031
슈링크,4,m,2024-04-01,7.98725
슈링크,4,m,2024-05-01,7.7336
슈링크,4,m,2024-06-01,6.67767
슈링크,4,m,2024-07-01,6.95493
슈링크,4,m,2024-08-01,7.21448
슈링크,4,m,2024-09-01,7.7277
슈링크,4,m,2024-10-01,6.71897
슈링크,4,m,2024-11-01,6.11137
슈링크,4,m,2024-12-01,6.28834
슈링크,4,m,2025-01-01,10.05191
슈링크,4,m,2025-02-01,8.45917
슈링크,4,m,2025-03-01,8.01675
슈링크,4,m,2025-04-01,7.37376
슈링크,4,m,2025-05-01,7.66281
슈링크,4,m,2025-06-01,11.93959
슈링크,4,m,2025-07-01,7.78669
슈링크,4,m,2025-08-01,7.32656
슈링크,4,m,2025-09-01,7.61562
슈링크,4,m,2025-10-01,6.34733
슈링크,4,m,2025-11-01,6.36503
슈링크,4,m,2025-12-01,6.35323
슈링크,5,all,2016-01-01,3.09962
슈링크,5,all,2016-02-01,2.46714
슈링크,5,all,2016-03-01,3.17139
슈링크,5,all,2016-04-01,3.64239
슈링크,5,all,2016-05-01,3.81285
슈링크,5,all,2016-06-01,4.01022
슈링크,5,all,2016-07-01,4.66962
슈링크,5,all,2016-08-01,4.58888
슈링크,5,all,2016-09-01,5.58022
슈링크,5,all,2016-10-01,5.88525
슈링크,5,all,2016-11-01,7.02014
슈링크,5,all,2016-12-01,7.10536
슈링크,5,all,2017-01-01,7.98456
슈링크,5,all,2017-02-01,8.68434
슈링크,5,all,2017-03-01,9.57699
슈링크,5,all,2017-04-01,8.96245
슈링크,5,all,2017-05-01,8.13259
슈링크,5,all,2017-06-01,8.33445
슈링크,5,all,2017-07-01,9.04319
슈링크,5,all,2017-08-01,8.35688
슈링크,5,all,2017-09-01,8.68882
슈링크,5,all,2017-10-01,8.23576
슈링크,5,all,2017-11-01,9.22711
슈링크,5,all,2017-12-01,9.40205
슈링크,5,all,2018-01-01,25.16933
슈링크,5,all,2018-02-01,14.09859
슈링크,5,all,2018-03-01,15.13479
슈링크,5,all,2018-04-01,16.03193
슈링크,5,all,2018-05-01,14.35428
슈링크,5,all,2018-06-01,14.68622
슈링크,5,all,2018-07-01,47.52164
슈링크,5,all,2018-08-01,68.18732
슈링크,5,all,2018-09-01,48.05095
슈링크,5,all,2018-10-01,46.2163
슈링크,5,all,2018-11-01,51.57672
슈링크,5,all,2018-12-01,41.0981
슈링크,5,all,2019-01-01,46.11312
슈링크,5,all,2019-02-01,41.8203
슈링크,5,all,2019-03-01,45.08141
슈링크,5,all,2019-04-01,40.41178
슈링크,5,all,2019-05-01,38.29004
슈링크,5,all,2019-06-01,41.56461
슈링크,5,all,2019-07-01,47.90292
슈링크,5,all,2019-08-01,43.52487
슈링크,5,all,2019-09-01,41.08464
슈링크,5,all,2019-10-01,45.68698
슈링크,5,all,2019-11-01,41.51527
슈링크,5,all,2019-12-01,100.0
슈링크,5,all,2020-01-01,56.13421
슈링크,5,all,2020-02-01,51.13712
슈링크,5,all,2020-03-01,41.71713
슈링크,5,all,2020-04-01,60.11303
슈링크,5,all,2020-05-01,51.51392
슈링크,5,all,2020-06-01,38.62647
슈링크,5,all,2020-07-01,39.55053
슈링크,5,all,2020-08-01,33.98376
슈링크,5,all,2020-09-01,29.60122
슈링크,5,all,2020-10-01,32.15807
슈링크,5,all,2020-11-01,28.95527
슈링크,5,all,2020-12-01,41.73058
슈링크,5,all,2021-01-01,44.5835
슈링크,5,all,2021-02-01,31.11739
슈링크,5,all,2021-03-01,56.78464
슈링크,5,all,2021-04-01,53.01215
슈링크,5,all,2021-05-01,33.9389
슈링크,5,all,2021-06-01,33.87161
슈링크,5,all,2021-07-01,27.55124
슈링크,5,all,2021-08-01,26.51056
슈링크,5,all,2021-09-01,24.66693
슈링크,5,all,2021-10-01,26.8425
슈링크,5,all,2021-11-01,26.91876
슈링크,5,all,2021-12-01,25.80182
슈링크,5,all,2022-01-01,36.6393
슈링크,5,all,2022-02-01,36.50921
슈링크,5,all,2022-03-01,39.93181
슈링크,5,all,2022-04-01,42.82958
슈링크,5,all,2022-05-01,46.79047
슈링크,5,all,2022-06-01,42.6053
슈링크,5,all,2022-07-01,38.10613
슈링크,5,all,2022-08-01,40.64504
슈링크,5,all,2022-09-01,41.26407
슈링크,5,all,2022-10-01,42.34513
슈링크,5,all,2022-11-01,42.6681
슈링크,5,all,2022-12-01,38.53676
슈링크,5,all,2023-01-01,47.46781
슈링크,5,all,2023-02-01,49.32938
슈링크,5,all,2023-03-01,53.19158
슈링크,5,all,2023-04-01,49.93944
슈링크,5,all,2023-05-01,46.92504
슈링크,5,all,2023-06-01,38.32144
슈링크,5,all,2023-07-01,38.55021
슈링크,5,all,2023-08-01,40.64953
슈링크,5,all,2023-09-01,38.3663
슈링크,5,all,2023-10-01,34.34261
슈링크,5,all,2023-11-01,36.68864
슈링크,5,all,2023-12-01,36.80527
슈링크,5,all,2024-01-01,47.1269
슈링크,5,all,2024-02-01,43.88821
슈링크,5,all,2024-03-01,45.44027
슈링크,5,all,2024-04-01,39.45184
슈링크,5,all,2024-05-01,37.89081
슈링크,5,all,2024-06-01,33.98376
슈링크,5,all,2024-07-01,36.28493
슈링크,5,all,2024-08-01,37.63961
슈링크,5,all,2024-09-01,38.13304
슈링크,5,all,2024-10-01,38.63544
슈링크,5,all,2024-11-01,34.42336
슈링크,5,all,2024-12-01,34.40541
슈링크,5,all,2025-01-01,47.34221
슈링크,5,all,2025-02-01,41.59601
슈링크,5,all,2025-03-01,41.43004
슈링크,5,all,2025-04-01,40.15161
슈링크,5,all,2025-05-01,39.4653
슈링크,5,all,2025-06-01,40.89624
슈링크,5,all,2025-07-01,35.73318
슈링크,5,all,2025-08-01,34.72839
슈링크,5,all,2025-09-01,40.70784
슈링크,5,all,2025-10-01,39.17373
슈링크,5,all,2025-11-01,36.6707
슈링크,5,all,2025-12-01,37.20001
슈링크,5,f,2016-01-01,3.78528
슈링크,5,f,2016-02-01,3.03835
슈링크,5,f,2016-03-01,3.78528
슈링크,5,f,2016-04-01,4.35498
슈링크,5,f,2016-05-01,4.69679
슈링크,5,f,2016-06-01,4.9943
슈링크,5,f,2016-07-01,5.88049
슈링크,5,f,2016-08-01,5.69692
슈링크,5,f,2016-09-01,7.14014
슈링크,5,f,2016-10-01,7.43132
슈링크,5,f,2016-11-01,8.60235
슈링크,5,f,2016-12-01,8.93151
슈링크,5,f,2017-01-01,10.21648
슈링크,5,f,2017-02-01,11.26724
슈링크,5,f,2017-03-01,12.24205
슈링크,5,f,2017-04-01,11.3432
슈링크,5,f,2017-05-01,10.12786
슈링크,5,f,2017-06-01,10.3684
슈링크,5,f,2017-07-01,11.50145
슈링크,5,f,2017-08-01,10.40005
슈링크,5,f,2017-09-01,11.17863
슈링크,5,f,2017-10-01,10.44436
슈링크,5,f,2017-11-01,11.76731
슈링크,5,f,2017-12-01,11.90657
슈링크,5,f,2018-01-01,32.76997
슈링크,5,f,2018-02-01,18.17318
슈링크,5,f,2018-03-01,19.38853
슈링크,5,f,2018-04-01,19.81263
슈링크,5,f,2018-05-01,18.0719
슈링크,5,f,2018-06-01,18.515
슈링크,5,f,2018-07-01,50.79123
슈링크,5,f,2018-08-01,76.83884
슈링크,5,f,2018-09-01,54.07646
슈링크,5,f,2018-10-01,51.53816
슈링크,5,f,2018-11-01,57.31738
슈링크,5,f,2018-12-01,47.96809
슈링크,5,f,2019-01-01,54.68413
슈링크,5,f,2019-02-01,49.06317
슈링크,5,f,2019-03-01,53.39916
슈링크,5,f,2019-04-01,46.13242
슈링크,5,f,2019-05-01,43.89163
슈링크,5,f,2019-06-01,47.92378
슈링크,5,f,2019-07-01,51.69008
슈링크,5,f,2019-08-01,50.15824
슈링크,5,f,2019-09-01,47.00595
슈링크,5,f,2019-10-01,51.60146
슈링크,5,f,2019-11-01,47.94277
슈링크,5,f,2019-12-01,100.0
슈링크,5,f,2020-01-01,63.77389
슈링크,5,f,2020-02-01,49.27838
슈링크,5,f,2020-03-01,43.22066
슈링크,5,f,2020-04-01,67.61615
슈링크,5,f,2020-05-01,55.75389
슈링크,5,f,2020-06-01,41.76478
슈링크,5,f,2020-07-01,43.49917
슈링크,5,f,2020-08-01,37.72629
슈링크,5,f,2020-09-01,32.713
슈링크,5,f,2020-10-01,36.12482
슈링크,5,f,2020-11-01,31.28244
슈링크,5,f,2020-12-01,39.0619
슈링크,5,f,2021-01-01,46.28433
슈링크,5,f,2021-02-01,34.13723
슈링크,5,f,2021-03-01,60.64058
슈링크,5,f,2021-04-01,54.85504
슈링크,5,f,2021-05-01,36.55526
슈링크,5,f,2021-06-01,35.94125
슈링크,5,f,2021-07-01,28.47195
슈링크,5,f,2021-08-01,28.37067
슈링크,5,f,2021-09-01,27.11735
슈링크,5,f,2021-10-01,28.35169
슈링크,5,f,2021-11-01,29.13026
슈링크,5,f,2021-12-01,27.6997
슈링크,5,f,2022-01-01,40.93556
슈링크,5,f,2022-02-01,42.05595
슈링크,5,f,2022-03-01,45.79693
슈링크,5,f,2022-04-01,49.1961
슈링크,5,f,2022-05-01,54.01949
슈링크,5,f,2022-06-01,48.5631
슈링크,5,f,2022-07-01,43.93594
슈링크,5,f,2022-08-01,46.7844
슈링크,5,f,2022-09-01,48.29092
슈링크,5,f,2022-10-01,50.03797
슈링크,5,f,2022-11-01,48.59475
슈링크,5,f,2022-12-01,43.4422
슈링크,5,f,2023-01-01,55.09558
슈링크,5,f,2023-02-01,57.26041
슈링크,5,f,2023-03-01,61.25458
슈링크,5,f,2023-04-01,57.38068
슈링크,5,f,2023-05-01,53.23458
슈링크,5,f,2023-06-01,43.6954
슈링크,5,f,2023-07-01,44.32206
슈링크,5,f,2023-08-01,45.07532
슈링크,5,f,2023-09-01,43.06874
슈링크,5,f,2023-10-01,39.07456
슈링크,5,f,2023-11-01,40.44815
슈링크,5,f,2023-12-01,40.82162
슈링크,5,f,2024-01-01,53.63337
슈링크,5,f,2024-02-01,48.99987
슈링크,5,f,2024-03-01,51.60146
슈링크,5,f,2024-04-01,44.26509
슈링크,5,f,2024-05-01,42.28383
슈링크,5,f,2024-06-01,38.24534
슈링크,5,f,2024-07-01,40.34687
슈링크,5,f,2024-08-01,42.39144
슈링크,5,f,2024-09-01,42.18888
슈링크,5,f,2024-10-01,43.58146
슈링크,5,f,2024-11-01,39.14419
슈링크,5,f,2024-12-01,39.11254
슈링크,5,f,2025-01-01,51.94328
슈링크,5,f,2025-02-01,46.70844
슈링크,5,f,2025-03-01,46.5945
슈링크,5,f,2025-04-01,45.07532
슈링크,5,f,2025-05-01,44.17647
슈링크,5,f,2025-06-01,41.13811
슈링크,5,f,2025-07-01,38.03013
슈링크,5,f,2025-08-01,38.35928
슈링크,5,f,2025-09-01,46.79706
슈링크,5,f,2025-10-01,44.7968
슈링크,5,f,2025-11-01,41.347
슈링크,5,f,2025-12-01,41.67616
슈링크,5,m,2016-01-01,1.43187
슈링크,5,m,2016-02-01,1.07775
슈링크,5,m,2016-03-01,1.67821
슈링크,5,m,2016-04-01,1.90916
슈링크,5,m,2016-05-01,1.66281
슈링크,5,m,2016-06-01,1.61662
슈링크,5,m,2016-07-01,1.7244
슈링크,5,m,2016-08-01,1.89376
슈링크,5,m,2016-09-01,1.78598
슈링크,5,m,2016-10-01,2.12471
슈링크,5,m,2016-11-01,3.17167
슈링크,5,m,2016-12-01,2.66358
슈링크,5,m,2017-01-01,2.55581
슈링크,5,m,2017-02-01,2.40184
슈링크,5,m,2017-03-01,3.09468
슈링크,5,m,2017-04-01,3.17167
슈링크,5,m,2017-05-01,3.27944
슈링크,5,m,2017-06-01,3.38722
슈링크,5,m,2017-07-01,3.06389
슈링크,5,m,2017-08-01,3.38722
슈링크,5,m,2017-09-01,2.63279
슈링크,5,m,2017-10-01,2.86374
슈링크,5,m,2017-11-01,3.04849
슈링크,5,m,2017-12-01,3.31023
슈링크,5,m,2018-01-01,6.68206
슈링크,5,m,2018-02-01,4.18783
슈링크,5,m,2018-03-01,4.78829
슈링크,5,m,2018-04-01,6.83602
슈링크,5,m,2018-05-01,5.31177
슈링크,5,m,2018-06-01,5.37336
슈링크,5,m,2018-07-01,39.56889
슈링크,5,m,2018-08-01,47.14395
슈링크,5,m,2018-09-01,33.39491
슈링크,5,m,2018-10-01,33.27174
슈링크,5,m,2018-11-01,37.61354
슈링크,5,m,2018-12-01,24.38799
슈링크,5,m,2019-01-01,25.26558
슈링크,5,m,2019-02-01,24.20323
슈링크,5,m,2019-03-01,24.84988
슈링크,5,m,2019-04-01,26.4973
슈링크,5,m,2019-05-01,24.66512
슈링크,5,m,2019-06-01,26.09699
슈링크,5,m,2019-07-01,38.6913
슈링크,5,m,2019-08-01,27.3903
슈링크,5,m,2019-09-01,26.68206
슈링크,5,m,2019-10-01,31.301
슈링크,5,m,2019-11-01,25.88144
슈링크,5,m,2019-12-01,100.0
슈링크,5,m,2020-01-01,37.55196
슈링크,5,m,2020-02-01,55.65819
슈링크,5,m,2020-03-01,38.06004
슈링크,5,m,2020-04-01,41.86297
슈링크,5,m,2020-05-01,41.20092
슈링크,5,m,2020-06-01,30.99307
슈링크,5,m,2020-07-01,29.94611
슈링크,5,m,2020-08-01,24.88067
슈링크,5,m,2020-09-01,22.03233
슈링크,5,m,2020-10-01,22.50962
슈링크,5,m,2020-11-01,23.29484
슈링크,5,m,2020-12-01,48.2217
슈링크,5,m,2021-01-01,40.44649
슈링크,5,m,2021-02-01,23.77213
슈링크,5,m,2021-03-01,47.40569
슈링크,5,m,2021-04-01,48.52963
슈링크,5,m,2021-05-01,27.57505
슈링크,5,m,2021-06-01,28.83756
슈링크,5,m,2021-07-01,25.31177
슈링크,5,m,2021-08-01,21.98614
슈링크,5,m,2021-09-01,18.70669
슈링크,5,m,2021-10-01,23.17167
슈링크,5,m,2021-11-01,21.53964
슈링크,5,m,2021-12-01,21.18552
슈링크,5,m,2022-01-01,26.18937
슈링크,5,m,2022-02-01,23.0177
슈링크,5,m,2022-03-01,25.66589
슈링크,5,m,2022-04-01,27.34411
슈링크,5,m,2022-05-01,29.20708
슈링크,5,m,2022-06-01,28.11393
슈링크,5,m,2022-07-01,23.92609
슈링크,5,m,2022-08-01,25.71208
슈링크,5,m,2022-09-01,24.17244
슈링크,5,m,2022-10-01,23.63356
슈링크,5,m,2022-11-01,28.2525
슈링크,5,m,2022-12-01,26.60508
슈링크,5,m,2023-01-01,28.91454
슈링크,5,m,2023-02-01,30.03849
슈링크,5,m,2023-03-01,33.57967
슈링크,5,m,2023-04-01,31.83987
슈링크,5,m,2023-05-01,31.57813
슈링크,5,m,2023-06-01,25.25019
슈링크,5,m,2023-07-01,24.51116
슈링크,5,m,2023-08-01,29.88452
슈링크,5,m,2023-09-01,26.9284
슈링크,5,m,2023-10-01,22.83294
슈링크,5,m,2023-11-01,27.54426
슈링크,5,m,2023-12-01,27.03618
슈링크,5,m,2024-01-01,31.301
슈링크,5,m,2024-02-01,31.45496
슈링크,5,m,2024-03-01,30.45419
슈링크,5,m,2024-04-01,27.74441
슈링크,5,m,2024-05-01,27.20554
슈링크,5,m,2024-06-01,23.61816
슈링크,5,m,2024-07-01,26.40492
슈링크,5,m,2024-08-01,26.0816
슈링크,5,m,2024-09-01,28.26789
슈링크,5,m,2024-10-01,26.60508
슈링크,5,m,2024-11-01,22.94072
슈링크,5,m,2024-12-01,22.95612
슈링크,5,m,2025-01-01,36.15088
슈링크,5,m,2025-02-01,29.16089
슈링크,5,m,2025-03-01,28.86836
슈링크,5,m,2025-04-01,28.17551
슈링크,5,m,2025-05-01,28.00615
슈링크,5,m,2025-06-01,40.30792
슈링크,5,m,2025-07-01,30.14626
슈링크,5,m,2025-08-01,25.89684
슈링크,5,m,2025-09-01,25.89684
슈링크,5,m,2025-10-01,25.49653
슈링크,5,m,2025-11-01,25.29638
슈링크,5,m,2025-12-01,26.31254
슈링크,6,all,2016-01-01,3.09943
슈링크,6,all,2016-02-01,2.88448
슈링크,6,all,2016-03-01,3.87602
슈링크,6,all,2016-04-01,4.32672
슈링크,6,all,2016-05-01,5.42227
슈링크,6,all,2016-06-01,5.86603
슈링크,6,all,2016-07-01,6.17806
슈링크,6,all,2016-08-01,6.17112
슈링크,6,all,2016-09-01,6.98932
슈링크,6,all,2016-10-01,8.05713
슈링크,6,all,2016-11-01,10.02634
슈링크,6,all,2016-12-01,10.3661
슈링크,6,all,2017-01-01,10.92774
슈링크,6,all,2017-02-01,10.84454
슈링크,6,all,2017-03-01,11.60033
슈링크,6,all,2017-04-01,11.35764
슈링크,6,all,2017-05-01,11.2467
슈링크,6,all,2017-06-01,10.71973
슈링크,6,all,2017-07-01,12.64734
슈링크,6,all,2017-08-01,11.42005
슈링크,6,all,2017-09-01,11.19816
슈링크,6,all,2017-10-01,10.92774
슈링크,6,all,2017-11-01,12.42546
슈링크,6,all,2017-12-01,12.14117
슈링크,6,all,2018-01-01,28.43572
슈링크,6,all,2018-02-01,16.142
슈링크,6,all,2018-03-01,18.10428
슈링크,6,all,2018-04-01,19.53265
슈링크,6,all,2018-05-01,18.8462
슈링크,6,all,2018-06-01,18.38163
슈링크,6,all,2018-07-01,38.48287
슈링크,6,all,2018-08-01,58.41076
슈링크,6,all,2018-09-01,44.23796
슈링크,6,all,2018-10-01,49.56316
슈링크,6,all,2018-11-01,61.6558
슈링크,6,all,2018-12-01,48.98072
슈링크,6,all,2019-01-01,55.65802
슈링크,6,all,2019-02-01,49.02926
슈링크,6,all,2019-03-01,53.52239
슈링크,6,all,2019-04-01,48.21106
슈링크,6,all,2019-05-01,45.61087
슈링크,6,all,2019-06-01,52.20496
슈링크,6,all,2019-07-01,56.80904
슈링크,6,all,2019-08-01,51.18568
슈링크,6,all,2019-09-01,48.52308
슈링크,6,all,2019-10-01,59.5063
슈링크,6,all,2019-11-01,59.71432
슈링크,6,all,2019-12-01,100.0
슈링크,6,all,2020-01-01,72.17445
슈링크,6,all,2020-02-01,59.47857
슈링크,6,all,2020-03-01,50.38829
슈링크,6,all,2020-04-01,75.1144
슈링크,6,all,2020-05-01,66.23907
슈링크,6,all,2020-06-01,51.18568
슈링크,6,all,2020-07-01,53.80668
슈링크,6,all,2020-08-01,45.34738
슈링크,6,all,2020-09-01,39.56455
슈링크,6,all,2020-10-01,43.29496
슈링크,6,all,2020-11-01,40.68783
슈링크,6,all,2020-12-01,47.4414
슈링크,6,all,2021-01-01,54.43073
슈링크,6,all,2021-02-01,38.57301
슈링크,6,all,2021-03-01,84.19775
슈링크,6,all,2021-04-01,83.92733
슈링크,6,all,2021-05-01,43.8566
슈링크,6,all,2021-06-01,48.42601
슈링크,6,all,2021-07-01,36.22243
슈링크,6,all,2021-08-01,34.91194
슈링크,6,all,2021-09-01,34.48204
슈링크,6,all,2021-10-01,43.50991
슈링크,6,all,2021-11-01,42.74025
슈링크,6,all,2021-12-01,38.41353
슈링크,6,all,2022-01-01,50.20108
슈링크,6,all,2022-02-01,46.46373
슈링크,6,all,2022-03-01,51.03314
슈링크,6,all,2022-04-01,59.5063
슈링크,6,all,2022-05-01,69.19289
슈링크,6,all,2022-06-01,63.9301
슈링크,6,all,2022-07-01,54.45846
슈링크,6,all,2022-08-01,54.86062
슈링크,6,all,2022-09-01,53.29357
슈링크,6,all,2022-10-01,55.26972
슈링크,6,all,2022-11-01,59.11108
슈링크,6,all,2022-12-01,53.6264
슈링크,6,all,2023-01-01,60.35917
슈링크,6,all,2023-02-01,60.42851
슈링크,6,all,2023-03-01,64.83844
슈링크,6,all,2023-04-01,64.3184
슈링크,6,all,2023-05-01,60.7544
슈링크,6,all,2023-06-01,48.52308
슈링크,6,all,2023-07-01,47.57315
슈링크,6,all,2023-08-01,50.30508
슈링크,6,all,2023-09-01,46.15864
슈링크,6,all,2023-10-01,43.28109
슈링크,6,all,2023-11-01,49.44529
슈링크,6,all,2023-12-01,50.67258
슈링크,6,all,2024-01-01,62.28678
슈링크,6,all,2024-02-01,54.73582
슈링크,6,all,2024-03-01,55.06864
슈링크,6,all,2024-04-01,49.05006
슈링크,6,all,2024-05-01,47.83663
슈링크,6,all,2024-06-01,42.81653
슈링크,6,all,2024-07-01,44.57079
슈링크,6,all,2024-08-01,45.00069
슈링크,6,all,2024-09-01,45.11856
슈링크,6,all,2024-10-01,43.23949
슈링크,6,all,2024-11-01,41.61004
슈링크,6,all,2024-12-01,43.52378
슈링크,6,all,2025-01-01,55.87297
슈링크,6,all,2025-02-01,48.34974
슈링크,6,all,2025-03-01,49.00152
슈링크,6,all,2025-04-01,49.32048
슈링크,6,all,2025-05-01,50.36749
슈링크,6,all,2025-06-01,50.38136
슈링크,6,all,2025-07-01,45.13937
슈링크,6,all,2025-08-01,43.14242
슈링크,6,all,2025-09-01,55.08251
슈링크,6,all,2025-10-01,52.90528
슈링크,6,all,2025-11-01,54.49313
슈링크,6,all,2025-12-01,54.10483
슈링크,6,f,2016-01-01,3.13862
슈링크,6,f,2016-02-01,2.94681
슈링크,6,f,2016-03-01,3.87968
슈링크,6,f,2016-04-01,4.63818
슈링크,6,f,2016-05-01,5.05666
슈링크,6,f,2016-06-01,5.98081
슈링크,6,f,2016-07-01,6.52136
슈링크,6,f,2016-08-01,6.91368
슈링크,6,f,2016-09-01,7.55884
슈링크,6,f,2016-10-01,8.70095
슈링크,6,f,2016-11-01,10.73234
슈링크,6,f,2016-12-01,11.55187
슈링크,6,f,2017-01-01,12.07497
슈링크,6,f,2017-02-01,12.07497
슈링크,6,f,2017-03-01,12.44986
슈링크,6,f,2017-04-01,12.0401
슈링크,6,f,2017-05-01,12.10113
슈링크,6,f,2017-06-01,11.40366
슈링크,6,f,2017-07-01,13.75762
슈링크,6,f,2017-08-01,12.84219
슈링크,6,f,2017-09-01,12.41499
슈링크,6,f,2017-10-01,12.33653
슈링크,6,f,2017-11-01,13.84481
슈링크,6,f,2017-12-01,13.33914
슈링크,6,f,2018-01-01,31.82214
슈링크,6,f,2018-02-01,18.28247
슈링크,6,f,2018-03-01,20.49694
슈링크,6,f,2018-04-01,20.58413
슈링크,6,f,2018-05-01,20.81952
슈링크,6,f,2018-06-01,20.61028
슈링크,6,f,2018-07-01,39.42458
슈링크,6,f,2018-08-01,59.58151
슈링크,6,f,2018-09-01,46.61726
슈링크,6,f,2018-10-01,51.09851
슈링크,6,f,2018-11-01,60.98517
슈링크,6,f,2018-12-01,51.77855
슈링크,6,f,2019-01-01,61.22929
슈링크,6,f,2019-02-01,52.58064
슈링크,6,f,2019-03-01,57.39319
슈링크,6,f,2019-04-01,49.25021
슈링크,6,f,2019-05-01,46.687
슈링크,6,f,2019-06-01,53.53966
슈링크,6,f,2019-07-01,57.20139
슈링크,6,f,2019-08-01,53.94071
슈링크,6,f,2019-09-01,51.7088
슈링크,6,f,2019-10-01,63.06015
슈링크,6,f,2019-11-01,64.2197
슈링크,6,f,2019-12-01,100.0
슈링크,6,f,2020-01-01,77.03574
슈링크,6,f,2020-02-01,57.31473
슈링크,6,f,2020-03-01,49.59023
슈링크,6,f,2020-04-01,77.9163
슈링크,6,f,2020-05-01,67.11421
슈링크,6,f,2020-06-01,51.56931
슈링크,6,f,2020-07-01,55.04795
슈링크,6,f,2020-08-01,46.45161
슈링크,6,f,2020-09-01,41.44725
슈링크,6,f,2020-10-01,44.8387
슈링크,6,f,2020-11-01,42.58936
슈링크,6,f,2020-12-01,44.77768
슈링크,6,f,2021-01-01,53.92327
슈링크,6,f,2021-02-01,39.18047
슈링크,6,f,2021-03-01,84.51612
슈링크,6,f,2021-04-01,80.34873
슈링크,6,f,2021-05-01,43.66172
슈링크,6,f,2021-06-01,48.06451
슈링크,6,f,2021-07-01,35.94594
슈링크,6,f,2021-08-01,35.35309
슈링크,6,f,2021-09-01,35.77157
슈링크,6,f,2021-10-01,42.3714
슈링크,6,f,2021-11-01,42.35396
슈링크,6,f,2021-12-01,38.04707
슈링크,6,f,2022-01-01,48.23016
슈링크,6,f,2022-02-01,47.24498
슈링크,6,f,2022-03-01,52.24062
슈링크,6,f,2022-04-01,62.63295
슈링크,6,f,2022-05-01,73.653
슈링크,6,f,2022-06-01,68.28247
슈링크,6,f,2022-07-01,57.80296
슈링크,6,f,2022-08-01,57.97733
슈링크,6,f,2022-09-01,56.66957
슈링크,6,f,2022-10-01,59.6687
슈링크,6,f,2022-11-01,62.67654
슈링크,6,f,2022-12-01,56.76547
슈링크,6,f,2023-01-01,63.62685
슈링크,6,f,2023-02-01,64.13251
슈링크,6,f,2023-03-01,68.70095
슈링크,6,f,2023-04-01,65.25719
슈링크,6,f,2023-05-01,62.14472
슈링크,6,f,2023-06-01,50.15693
슈링크,6,f,2023-07-01,49.55536
슈링크,6,f,2023-08-01,50.54054
슈링크,6,f,2023-09-01,47.34088
슈링크,6,f,2023-10-01,44.58587
슈링크,6,f,2023-11-01,48.5353
슈링크,6,f,2023-12-01,50.45335
슈링크,6,f,2024-01-01,64.63818
슈링크,6,f,2024-02-01,55.75414
슈링크,6,f,2024-03-01,57.45422
슈링크,6,f,2024-04-01,50.49694
슈링크,6,f,2024-05-01,48.31734
슈링크,6,f,2024-06-01,44.18482
슈링크,6,f,2024-07-01,45.49258
슈링크,6,f,2024-08-01,46.64341
슈링크,6,f,2024-09-01,46.1639
슈링크,6,f,2024-10-01,45.24847
슈링크,6,f,2024-11-01,43.58326
슈링크,6,f,2024-12-01,45.70183
슈링크,6,f,2025-01-01,55.68439
슈링크,6,f,2025-02-01,49.5292
슈링크,6,f,2025-03-01,50.03487
슈링크,6,f,2025-04-01,51.07236
슈링크,6,f,2025-05-01,50.12205
슈링크,6,f,2025-06-01,46.85265
슈링크,6,f,2025-07-01,42.7986
슈링크,6,f,2025-08-01,42.40627
슈링크,6,f,2025-09-01,55.10897
슈링크,6,f,2025-10-01,53.06015
슈링크,6,f,2025-11-01,54.46381
슈링크,6,f,2025-12-01,54.21098
슈링크,6,m,2016-01-01,2.94715
슈링크,6,m,2016-02-01,2.64227
슈링크,6,m,2016-03-01,3.86178
슈링크,6,m,2016-04-01,3.11653
슈링크,6,m,2016-05-01,6.84281
슈링크,6,m,2016-06-01,5.42005
슈링크,6,m,2016-07-01,4.84417
슈링크,6,m,2016-08-01,3.2859
슈링크,6,m,2016-09-01,4.77642
슈링크,6,m,2016-10-01,5.55555
슈링크,6,m,2016-11-01,7.28319
슈링크,6,m,2016-12-01,5.7588
슈링크,6,m,2017-01-01,6.47018
슈링크,6,m,2017-02-01,6.06368
슈링크,6,m,2017-03-01,8.29945
슈링크,6,m,2017-04-01,8.70596
슈링크,6,m,2017-05-01,7.92682
슈링크,6,m,2017-06-01,8.06233
슈링크,6,m,2017-07-01,8.33333
슈링크,6,m,2017-08-01,5.8943
슈링크,6,m,2017-09-01,6.47018
슈링크,6,m,2017-10-01,5.45392
슈링크,6,m,2017-11-01,6.91056
슈링크,6,m,2017-12-01,7.48644
슈링크,6,m,2018-01-01,15.27777
슈링크,6,m,2018-02-01,7.8252
슈링크,6,m,2018-03-01,8.80758
슈링크,6,m,2018-04-01,15.44715
슈링크,6,m,2018-05-01,11.17886
슈링크,6,m,2018-06-01,9.72222
슈링크,6,m,2018-07-01,34.82384
슈링크,6,m,2018-08-01,53.86178
슈링크,6,m,2018-09-01,34.99322
슈링크,6,m,2018-10-01,43.59756
슈링크,6,m,2018-11-01,64.26151
슈링크,6,m,2018-12-01,38.10975
슈링크,6,m,2019-01-01,34.01084
슈링크,6,m,2019-02-01,35.23035
슈링크,6,m,2019-03-01,38.48238
슈링크,6,m,2019-04-01,44.17344
슈링크,6,m,2019-05-01,41.42953
슈링크,6,m,2019-06-01,47.01897
슈링크,6,m,2019-07-01,55.28455
슈링크,6,m,2019-08-01,40.48102
슈링크,6,m,2019-09-01,36.14498
슈링크,6,m,2019-10-01,45.69783
슈링크,6,m,2019-11-01,42.20867
슈링크,6,m,2019-12-01,100.0
슈링크,6,m,2020-01-01,53.2859
슈링크,6,m,2020-02-01,67.88617
슈링크,6,m,2020-03-01,53.48915
슈링크,6,m,2020-04-01,64.22764
슈링크,6,m,2020-05-01,62.83875
슈링크,6,m,2020-06-01,49.69512
슈링크,6,m,2020-07-01,48.98373
슈링크,6,m,2020-08-01,41.05691
슈링크,6,m,2020-09-01,32.24932
슈링크,6,m,2020-10-01,37.29674
슈링크,6,m,2020-11-01,33.29945
슈링크,6,m,2020-12-01,57.79132
슈링크,6,m,2021-01-01,56.40243
슈링크,6,m,2021-02-01,36.21273
슈링크,6,m,2021-03-01,82.9607
슈링크,6,m,2021-04-01,97.83197
슈링크,6,m,2021-05-01,44.61382
슈링크,6,m,2021-06-01,49.83062
슈링크,6,m,2021-07-01,37.29674
슈링크,6,m,2021-08-01,33.19783
슈링크,6,m,2021-09-01,29.47154
슈링크,6,m,2021-10-01,47.9336
슈링크,6,m,2021-11-01,44.24119
슈링크,6,m,2021-12-01,39.83739
슈링크,6,m,2022-01-01,57.85907
슈링크,6,m,2022-02-01,43.42818
슈링크,6,m,2022-03-01,46.34146
슈링크,6,m,2022-04-01,47.35772
슈링크,6,m,2022-05-01,51.86314
슈링크,6,m,2022-06-01,47.01897
슈링크,6,m,2022-07-01,41.46341
슈링크,6,m,2022-08-01,42.75067
슈링크,6,m,2022-09-01,40.17615
슈링크,6,m,2022-10-01,38.1775
슈링크,6,m,2022-11-01,45.25745
슈링크,6,m,2022-12-01,41.42953
슈링크,6,m,2023-01-01,47.6626
슈링크,6,m,2023-02-01,46.03658
슈링크,6,m,2023-03-01,49.83062
슈링크,6,m,2023-04-01,60.67073
슈링크,6,m,2023-05-01,55.3523
슈링크,6,m,2023-06-01,42.17479
슈링크,6,m,2023-07-01,39.87127
슈링크,6,m,2023-08-01,49.39024
슈링크,6,m,2023-09-01,41.56504
슈링크,6,m,2023-10-01,38.21138
슈링크,6,m,2023-11-01,52.98102
슈링크,6,m,2023-12-01,51.52439
슈링크,6,m,2024-01-01,53.1504
슈링크,6,m,2024-02-01,50.77913
슈링크,6,m,2024-03-01,45.79945
슈링크,6,m,2024-04-01,43.42818
슈링크,6,m,2024-05-01,45.96883
슈링크,6,m,2024-06-01,37.5
슈링크,6,m,2024-07-01,40.98915
슈링크,6,m,2024-08-01,38.61788
슈링크,6,m,2024-09-01,41.05691
슈링크,6,m,2024-10-01,35.4336
슈링크,6,m,2024-11-01,33.94308
슈링크,6,m,2024-12-01,35.06097
슈링크,6,m,2025-01-01,56.60569
슈링크,6,m,2025-02-01,43.76693
슈링크,6,m,2025-03-01,44.98644
슈링크,6,m,2025-04-01,42.51355
슈링크,6,m,2025-05-01,51.32113
슈링크,6,m,2025-06-01,64.09214
슈링크,6,m,2025-07-01,54.23441
슈링크,6,m,2025-08-01,46.00271
슈링크,6,m,2025-09-01,54.97967
슈링크,6,m,2025-10-01,52.30352
슈링크,6,m,2025-11-01,54.60704
슈링크,6,m,2025-12-01,53.69241
슈링크,7,all,2016-01-01,2.39444
슈링크,7,all,2016-02-01,2.50444
슈링크,7,all,2016-03-01,2.92748
슈링크,7,all,2016-04-01,3.62974
슈링크,7,all,2016-05-01,4.15432
슈링크,7,all,2016-06-01,4.28124
슈링크,7,all,2016-07-01,4.50968
슈링크,7,all,2016-08-01,6.74337
슈링크,7,all,2016-09-01,6.02419
슈링크,7,all,2016-10-01,5.50808
슈링크,7,all,2016-11-01,6.38801
슈링크,7,all,2016-12-01,7.46256
슈링크,7,all,2017-01-01,8.52864
슈링크,7,all,2017-02-01,6.90413
슈링크,7,all,2017-03-01,8.93476
슈링크,7,all,2017-04-01,8.13943
슈링크,7,all,2017-05-01,7.9956
슈링크,7,all,2017-06-01,7.83484
슈링크,7,all,2017-07-01,9.18859
슈링크,7,all,2017-08-01,8.11405
슈링크,7,all,2017-09-01,8.13943
슈링크,7,all,2017-10-01,7.33564
슈링크,7,all,2017-11-01,8.11405
슈링크,7,all,2017-12-01,9.29858
슈링크,7,all,2018-01-01,17.86953
슈링크,7,all,2018-02-01,10.90616
슈링크,7,all,2018-03-01,13.35984
슈링크,7,all,2018-04-01,13.49521
슈링크,7,all,2018-05-01,12.20915
슈링크,7,all,2018-06-01,13.64751
슈링크,7,all,2018-07-01,19.07944
슈링크,7,all,2018-08-01,30.88247
슈링크,7,all,2018-09-01,27.74346
슈링크,7,all,2018-10-01,32.79465
슈링크,7,all,2018-11-01,43.83619
슈링크,7,all,2018-12-01,33.75074
슈링크,7,all,2019-01-01,36.45824
슈링크,7,all,2019-02-01,35.59522
슈링크,7,all,2019-03-01,36.13672
슈링크,7,all,2019-04-01,32.73542
슈링크,7,all,2019-05-01,31.01785
슈링크,7,all,2019-06-01,36.54285
슈링크,7,all,2019-07-01,38.05736
슈링크,7,all,2019-08-01,36.52593
슈링크,7,all,2019-09-01,33.62382
슈링크,7,all,2019-10-01,44.37769
슈링크,7,all,2019-11-01,46.09527
슈링크,7,all,2019-12-01,63.55021
슈링크,7,all,2020-01-01,55.28386
슈링크,7,all,2020-02-01,43.48083
슈링크,7,all,2020-03-01,35.27371
슈링크,7,all,2020-04-01,57.87291
슈링크,7,all,2020-05-01,55.0808
슈링크,7,all,2020-06-01,39.4788
슈링크,7,all,2020-07-01,43.07471
슈링크,7,all,2020-08-01,36.90667
슈링크,7,all,2020-09-01,32.98079
슈링크,7,all,2020-10-01,38.07428
슈링크,7,all,2020-11-01,33.27692
슈링크,7,all,2020-12-01,36.43286
슈링크,7,all,2021-01-01,48.26127
슈링크,7,all,2021-02-01,35.94212
슈링크,7,all,2021-03-01,100.0
슈링크,7,all,2021-04-01,91.77595
슈링크,7,all,2021-05-01,42.55859
슈링크,7,all,2021-06-01,53.59167
슈링크,7,all,2021-07-01,39.24189
슈링크,7,all,2021-08-01,37.46509
슈링크,7,all,2021-09-01,35.23986
슈링크,7,all,2021-10-01,50.37651
슈링크,7,all,2021-11-01,47.42363
슈링크,7,all,2021-12-01,42.43167
슈링크,7,all,2022-01-01,55.88459
슈링크,7,all,2022-02-01,55.14002
슈링크,7,all,2022-03-01,59.44665
슈링크,7,all,2022-04-01,73.66105
슈링크,7,all,2022-05-01,86.99551
슈링크,7,all,2022-06-01,81.50435
슈링크,7,all,2022-07-01,64.37938
슈링크,7,all,2022-08-01,61.85802
슈링크,7,all,2022-09-01,64.19324
슈링크,7,all,2022-10-01,66.93459
슈링크,7,all,2022-11-01,70.43743
슈링크,7,all,2022-12-01,63.55021
슈링크,7,all,2023-01-01,71.88425
슈링크,7,all,2023-02-01,72.97571
슈링크,7,all,2023-03-01,78.873
슈링크,7,all,2023-04-01,79.71909
슈링크,7,all,2023-05-01,76.87621
슈링크,7,all,2023-06-01,60.68195
슈링크,7,all,2023-07-01,55.49538
슈링크,7,all,2023-08-01,66.87537
슈링크,7,all,2023-09-01,60.58042
슈링크,7,all,2023-10-01,52.4156
슈링크,7,all,2023-11-01,64.33708
슈링크,7,all,2023-12-01,67.78915
슈링크,7,all,2024-01-01,81.25898
슈링크,7,all,2024-02-01,65.99543
슈링크,7,all,2024-03-01,66.84998
슈링크,7,all,2024-04-01,62.28953
슈링크,7,all,2024-05-01,62.22184
슈링크,7,all,2024-06-01,55.13156
슈링크,7,all,2024-07-01,54.71698
슈링크,7,all,2024-08-01,56.34994
슈링크,7,all,2024-09-01,53.23631
슈링크,7,all,2024-10-01,48.54894
슈링크,7,all,2024-11-01,49.28504
슈링크,7,all,2024-12-01,51.65411
슈링크,7,all,2025-01-01,61.73111
슈링크,7,all,2025-02-01,57.44986
슈링크,7,all,2025-03-01,60.90193
슈링크,7,all,2025-04-01,59.70048
슈링크,7,all,2025-05-01,57.73754
슈링크,7,all,2025-06-01,56.71376
슈링크,7,all,2025-07-01,54.9708
슈링크,7,all,2025-08-01,50.69802
슈링크,7,all,2025-09-01,77.25695
슈링크,7,all,2025-10-01,82.15585
슈링크,7,all,2025-11-01,84.84643
슈링크,7,all,2025-12-01,87.85853
슈링크,7,f,2016-01-01,2.19307
슈링크,7,f,2016-02-01,2.24431
슈링크,7,f,2016-03-01,2.8182
슈링크,7,f,2016-04-01,3.5868
슈링크,7,f,2016-05-01,3.89424
슈링크,7,f,2016-06-01,4.15044
슈링크,7,f,2016-07-01,4.50912
슈링크,7,f,2016-08-01,5.56466
슈링크,7,f,2016-09-01,6.1488
슈링크,7,f,2016-10-01,5.68764
슈링크,7,f,2016-11-01,6.34351
슈링크,7,f,2016-12-01,7.95244
슈링크,7,f,2017-01-01,8.86452
슈링크,7,f,2017-02-01,7.46054
슈링크,7,f,2017-03-01,9.31543
슈링크,7,f,2017-04-01,8.59807
슈링크,7,f,2017-05-01,7.74748
슈링크,7,f,2017-06-01,8.20864
슈링크,7,f,2017-07-01,9.87907
슈링크,7,f,2017-08-01,8.44435
슈링크,7,f,2017-09-01,8.61856
슈링크,7,f,2017-10-01,7.88071
슈링크,7,f,2017-11-01,8.31112
슈링크,7,f,2017-12-01,9.29493
슈링크,7,f,2018-01-01,19.12277
슈링크,7,f,2018-02-01,11.28304
슈링크,7,f,2018-03-01,13.53761
슈링크,7,f,2018-04-01,13.02521
슈링크,7,f,2018-05-01,12.67677
슈링크,7,f,2018-06-01,13.91678
슈링크,7,f,2018-07-01,19.16376
슈링크,7,f,2018-08-01,30.66202
슈링크,7,f,2018-09-01,28.1615
슈링크,7,f,2018-10-01,33.17278
슈링크,7,f,2018-11-01,41.48391
슈링크,7,f,2018-12-01,35.01742
슈링크,7,f,2019-01-01,38.7067
슈링크,7,f,2019-02-01,37.76388
슈링크,7,f,2019-03-01,37.54867
슈링크,7,f,2019-04-01,32.12748
슈링크,7,f,2019-05-01,31.07194
슈링크,7,f,2019-06-01,35.99098
슈링크,7,f,2019-07-01,36.18569
슈링크,7,f,2019-08-01,37.32322
슈링크,7,f,2019-09-01,35.38634
슈링크,7,f,2019-10-01,47.87866
슈링크,7,f,2019-11-01,47.98114
슈링크,7,f,2019-12-01,64.97233
슈링크,7,f,2020-01-01,58.29063
슈링크,7,f,2020-02-01,44.05615
슈링크,7,f,2020-03-01,34.55626
슈링크,7,f,2020-04-01,60.53494
슈링크,7,f,2020-05-01,56.6202
슈링크,7,f,2020-06-01,40.27464
슈링크,7,f,2020-07-01,43.88194
슈링크,7,f,2020-08-01,37.22074
슈링크,7,f,2020-09-01,34.587
슈링크,7,f,2020-10-01,40.01844
슈링크,7,f,2020-11-01,34.23857
슈링크,7,f,2020-12-01,36.03197
슈링크,7,f,2021-01-01,47.62246
슈링크,7,f,2021-02-01,37.11826
슈링크,7,f,2021-03-01,100.0
슈링크,7,f,2021-04-01,89.14736
슈링크,7,f,2021-05-01,42.43697
슈링크,7,f,2021-06-01,52.95142
슈링크,7,f,2021-07-01,38.69645
슈링크,7,f,2021-08-01,37.86636
슈링크,7,f,2021-09-01,36.94404
슈링크,7,f,2021-10-01,49.57983
슈링크,7,f,2021-11-01,47.72494
슈링크,7,f,2021-12-01,41.69911
슈링크,7,f,2022-01-01,53.22812
슈링크,7,f,2022-02-01,54.99077
슈링크,7,f,2022-03-01,60.01229
슈링크,7,f,2022-04-01,76.46034
슈링크,7,f,2022-05-01,92.44722
슈링크,7,f,2022-06-01,84.587
슈링크,7,f,2022-07-01,67.43185
슈링크,7,f,2022-08-01,65.27977
슈링크,7,f,2022-09-01,68.99979
슈링크,7,f,2022-10-01,71.91022
슈링크,7,f,2022-11-01,73.99057
슈링크,7,f,2022-12-01,66.69399
슈링크,7,f,2023-01-01,76.46034
슈링크,7,f,2023-02-01,77.4134
슈링크,7,f,2023-03-01,84.28981
슈링크,7,f,2023-04-01,80.36482
슈링크,7,f,2023-05-01,76.6448
슈링크,7,f,2023-06-01,62.10288
슈링크,7,f,2023-07-01,58.02418
슈링크,7,f,2023-08-01,68.10821
슈링크,7,f,2023-09-01,63.67083
슈링크,7,f,2023-10-01,55.15474
슈링크,7,f,2023-11-01,63.61959
슈링크,7,f,2023-12-01,69.215
슈링크,7,f,2024-01-01,84.08485
슈링크,7,f,2024-02-01,68.37466
슈링크,7,f,2024-03-01,70.48575
슈링크,7,f,2024-04-01,64.15249
슈링크,7,f,2024-05-01,63.5786
슈링크,7,f,2024-06-01,56.99938
슈링크,7,f,2024-07-01,55.44168
슈링크,7,f,2024-08-01,58.82352
슈링크,7,f,2024-09-01,55.3392
슈링크,7,f,2024-10-01,50.28694
슈링크,7,f,2024-11-01,51.09653
슈링크,7,f,2024-12-01,54.53986
슈링크,7,f,2025-01-01,62.94322
슈링크,7,f,2025-02-01,59.67411
슈링크,7,f,2025-03-01,63.08669
슈링크,7,f,2025-04-01,62.52305
슈링크,7,f,2025-05-01,58.7108
슈링크,7,f,2025-06-01,54.8473
슈링크,7,f,2025-07-01,52.21356
슈링크,7,f,2025-08-01,51.25025
슈링크,7,f,2025-09-01,77.73109
슈링크,7,f,2025-10-01,83.52121
슈링크,7,f,2025-11-01,86.3599
슈링크,7,f,2025-12-01,89.30108
슈링크,7,m,2016-01-01,3.21229
슈링크,7,m,2016-02-01,3.58472
슈링크,7,m,2016-03-01,3.3054
슈링크,7,m,2016-04-01,3.67783
슈링크,7,m,2016-05-01,5.16759
슈링크,7,m,2016-06-01,4.70204
슈링크,7,m,2016-07-01,4.3296
슈링크,7,m,2016-08-01,11.82495
슈링크,7,m,2016-09-01,5.21415
슈링크,7,m,2016-10-01,4.46927
슈링크,7,m,2016-11-01,6.33147
슈링크,7,m,2016-12-01,4.93482
슈링크,7,m,2017-01-01,6.65735
슈링크,7,m,2017-02-01,4.09683
슈링크,7,m,2017-03-01,6.84357
슈링크,7,m,2017-04-01,5.72625
슈링크,7,m,2017-05-01,8.79888
슈링크,7,m,2017-06-01,5.81936
슈링크,7,m,2017-07-01,5.6797
슈링크,7,m,2017-08-01,6.28491
슈링크,7,m,2017-09-01,5.63314
슈링크,7,m,2017-10-01,4.56238
슈링크,7,m,2017-11-01,6.89013
슈링크,7,m,2017-12-01,8.93854
슈링크,7,m,2018-01-01,11.45251
슈링크,7,m,2018-02-01,8.75232
슈링크,7,m,2018-03-01,12.01117
슈링크,7,m,2018-04-01,15.08379
슈링크,7,m,2018-05-01,9.59031
슈링크,7,m,2018-06-01,11.8715
슈링크,7,m,2018-07-01,17.92364
슈링크,7,m,2018-08-01,30.63314
슈링크,7,m,2018-09-01,24.72067
슈링크,7,m,2018-10-01,29.7486
슈링크,7,m,2018-11-01,52.74674
슈링크,7,m,2018-12-01,26.62942
슈링크,7,m,2019-01-01,24.76722
슈링크,7,m,2019-02-01,24.30167
슈링크,7,m,2019-03-01,28.25884
슈링크,7,m,2019-04-01,34.17132
슈링크,7,m,2019-05-01,29.51582
슈링크,7,m,2019-06-01,37.56983
슈링크,7,m,2019-07-01,45.01862
슈링크,7,m,2019-08-01,31.42458
슈링크,7,m,2019-09-01,24.25512
슈링크,7,m,2019-10-01,26.67597
슈링크,7,m,2019-11-01,35.66108
슈링크,7,m,2019-12-01,54.51582
슈링크,7,m,2020-01-01,39.38547
슈링크,7,m,2020-02-01,39.10614
슈링크,7,m,2020-03-01,37.10428
슈링크,7,m,2020-04-01,43.43575
슈링크,7,m,2020-05-01,45.85661
슈링크,7,m,2020-06-01,34.26443
슈링크,7,m,2020-07-01,37.66294
슈링크,7,m,2020-08-01,33.9851
슈링크,7,m,2020-09-01,24.34823
슈링크,7,m,2020-10-01,27.70018
슈링크,7,m,2020-11-01,27.56052
슈링크,7,m,2020-12-01,36.77839
슈링크,7,m,2021-01-01,49.20856
슈링크,7,m,2021-02-01,29.14338
슈링크,7,m,2021-03-01,95.94972
슈링크,7,m,2021-04-01,100.0
슈링크,7,m,2021-05-01,41.38733
슈링크,7,m,2021-06-01,54.3296
슈링크,7,m,2021-07-01,40.13035
슈링크,7,m,2021-08-01,34.12476
슈링크,7,m,2021-09-01,26.07076
슈링크,7,m,2021-10-01,51.9553
슈링크,7,m,2021-11-01,44.13407
슈링크,7,m,2021-12-01,44.04096
슈링크,7,m,2022-01-01,65.68901
슈링크,7,m,2022-02-01,53.58472
슈링크,7,m,2022-03-01,54.46927
슈링크,7,m,2022-04-01,57.96089
슈링크,7,m,2022-05-01,58.70577
슈링크,7,m,2022-06-01,64.19925
슈링크,7,m,2022-07-01,47.90502
슈링크,7,m,2022-08-01,43.80819
슈링크,7,m,2022-09-01,39.75791
슈링크,7,m,2022-10-01,41.62011
슈링크,7,m,2022-11-01,51.4432
슈링크,7,m,2022-12-01,46.69459
슈링크,7,m,2023-01-01,48.18435
슈링크,7,m,2023-02-01,49.86033
슈링크,7,m,2023-03-01,51.07076
슈링크,7,m,2023-04-01,73.55679
슈링크,7,m,2023-05-01,74.81378
슈링크,7,m,2023-06-01,51.76908
슈링크,7,m,2023-07-01,41.75977
슈링크,7,m,2023-08-01,58.5661
슈링크,7,m,2023-09-01,44.08752
슈링크,7,m,2023-10-01,37.84916
슈링크,7,m,2023-11-01,64.99068
슈링크,7,m,2023-12-01,58.5661
슈링크,7,m,2024-01-01,65.13035
슈링크,7,m,2024-02-01,52.51396
슈링크,7,m,2024-03-01,47.62569
슈링크,7,m,2024-04-01,51.30353
슈링크,7,m,2024-05-01,53.53817
슈링크,7,m,2024-06-01,44.4134
슈링크,7,m,2024-07-01,49.20856
슈링크,7,m,2024-08-01,42.83054
슈링크,7,m,2024-09-01,41.527
슈링크,7,m,2024-10-01,38.68715
슈링크,7,m,2024-11-01,39.05959
슈링크,7,m,2024-12-01,36.45251
슈링크,7,m,2025-01-01,53.72439
슈링크,7,m,2025-02-01,45.01862
슈링크,7,m,2025-03-01,48.51024
슈링크,7,m,2025-04-01,44.45996
슈링크,7,m,2025-05-01,50.97765
슈링크,7,m,2025-06-01,62.89571
슈링크,7,m,2025-07-01,65.27001
슈링크,7,m,2025-08-01,46.13594
슈링크,7,m,2025-09-01,71.97392
슈링크,7,m,2025-10-01,72.62569
슈링크,7,m,2025-11-01,74.53445
슈링크,7,m,2025-12-01,77.74674
슈링크,8,all,2016-01-01,1.45208
슈링크,8,all,2016-02-01,1.46176
슈링크,8,all,2016-03-01,1.71345
슈링크,8,all,2016-04-01,2.72023
슈링크,8,all,2016-05-01,2.44917
슈링크,8,all,2016-06-01,2.92352
슈링크,8,all,2016-07-01,3.00096
슈링크,8,all,2016-08-01,3.83349
슈링크,8,all,2016-09-01,3.3785
슈링크,8,all,2016-10-01,3.90125
슈링크,8,all,2016-11-01,3.66892
슈링크,8,all,2016-12-01,5.39206
슈링크,8,all,2017-01-01,5.54695
슈링크,8,all,2017-02-01,4.66602
슈링크,8,all,2017-03-01,5.40174
슈링크,8,all,2017-04-01,4.96611
슈링크,8,all,2017-05-01,5.13068
슈링크,8,all,2017-06-01,5.09196
슈링크,8,all,2017-07-01,6.31171
슈링크,8,all,2017-08-01,5.15004
슈링크,8,all,2017-09-01,5.38238
슈링크,8,all,2017-10-01,5.30493
슈링크,8,all,2017-11-01,6.09874
슈링크,8,all,2017-12-01,5.45982
슈링크,8,all,2018-01-01,12.00387
슈링크,8,all,2018-02-01,6.66989
슈링크,8,all,2018-03-01,7.32817
슈링크,8,all,2018-04-01,9.62245
슈링크,8,all,2018-05-01,8.14133
슈링크,8,all,2018-06-01,9.33204
슈링크,8,all,2018-07-01,14.10454
슈링크,8,all,2018-08-01,20.08712
슈링크,8,all,2018-09-01,20.1452
슈링크,8,all,2018-10-01,22.2846
슈링크,8,all,2018-11-01,30.75508
슈링크,8,all,2018-12-01,24.54017
슈링크,8,all,2019-01-01,26.71829
슈링크,8,all,2019-02-01,25.27589
슈링크,8,all,2019-03-01,27.01839
슈링크,8,all,2019-04-01,22.35237
슈링크,8,all,2019-05-01,21.11326
슈링크,8,all,2019-06-01,25.69215
슈링크,8,all,2019-07-01,22.5847
슈링크,8,all,2019-08-01,25.91481
슈링크,8,all,2019-09-01,22.03291
슈링크,8,all,2019-10-01,31.10358
슈링크,8,all,2019-11-01,32.49757
슈링크,8,all,2019-12-01,58.63504
슈링크,8,all,2020-01-01,40.51306
슈링크,8,all,2020-02-01,32.94288
슈링크,8,all,2020-03-01,28.53823
슈링크,8,all,2020-04-01,40.71636
슈링크,8,all,2020-05-01,41.82962
슈링크,8,all,2020-06-01,27.6573
슈링크,8,all,2020-07-01,30.94869
슈링크,8,all,2020-08-01,28.12197
슈링크,8,all,2020-09-01,23.35914
슈링크,8,all,2020-10-01,27.25072
슈링크,8,all,2020-11-01,24.34656
슈링크,8,all,2020-12-01,25.04356
슈링크,8,all,2021-01-01,30.42594
슈링크,8,all,2021-02-01,24.56921
슈링크,8,all,2021-03-01,90.90997
슈링크,8,all,2021-04-01,69.72894
슈링크,8,all,2021-05-01,27.96708
슈링크,8,all,2021-06-01,40.36786
슈링크,8,all,2021-07-01,31.57792
슈링크,8,all,2021-08-01,26.83446
슈링크,8,all,2021-09-01,25.7212
슈링크,8,all,2021-10-01,40.88092
슈링크,8,all,2021-11-01,37.67666
슈링크,8,all,2021-12-01,30.31945
슈링크,8,all,2022-01-01,41.98451
슈링크,8,all,2022-02-01,41.50048
슈링크,8,all,2022-03-01,42.94288
슈링크,8,all,2022-04-01,54.11423
슈링크,8,all,2022-05-01,75.54695
슈링크,8,all,2022-06-01,67.88964
슈링크,8,all,2022-07-01,51.07454
슈링크,8,all,2022-08-01,47.8606
슈링크,8,all,2022-09-01,46.08906
슈링크,8,all,2022-10-01,49.89351
슈링크,8,all,2022-11-01,50.25169
슈링크,8,all,2022-12-01,46.59244
슈링크,8,all,2023-01-01,50.90029
슈링크,8,all,2023-02-01,54.54017
슈링크,8,all,2023-03-01,52.64278
슈링크,8,all,2023-04-01,61.99419
슈링크,8,all,2023-05-01,60.32913
슈링크,8,all,2023-06-01,44.40464
슈링크,8,all,2023-07-01,39.37076
슈링크,8,all,2023-08-01,54.68538
슈링크,8,all,2023-09-01,45.80832
슈링크,8,all,2023-10-01,39.64181
슈링크,8,all,2023-11-01,53.69796
슈링크,8,all,2023-12-01,54.51113
슈링크,8,all,2024-01-01,63.6786
슈링크,8,all,2024-02-01,48.54791
슈링크,8,all,2024-03-01,50.80348
슈링크,8,all,2024-04-01,46.48596
슈링크,8,all,2024-05-01,45.39206
슈링크,8,all,2024-06-01,41.60696
슈링크,8,all,2024-07-01,38.67376
슈링크,8,all,2024-08-01,43.71732
슈링크,8,all,2024-09-01,38.26718
슈링크,8,all,2024-10-01,36.65053
슈링크,8,all,2024-11-01,36.62149
슈링크,8,all,2024-12-01,37.18296
슈링크,8,all,2025-01-01,45.89545
슈링크,8,all,2025-02-01,45.121
슈링크,8,all,2025-03-01,47.34753
슈링크,8,all,2025-04-01,46.43756
슈링크,8,all,2025-05-01,44.29816
슈링크,8,all,2025-06-01,42.76863
슈링크,8,all,2025-07-01,40.43562
슈링크,8,all,2025-08-01,40.56147
슈링크,8,all,2025-09-01,76.30203
슈링크,8,all,2025-10-01,87.50242
슈링크,8,all,2025-11-01,95.24685
슈링크,8,all,2025-12-01,100.0
슈링크,8,f,2016-01-01,1.33683
슈링크,8,f,2016-02-01,1.43967
슈링크,8,f,2016-03-01,1.53107
슈링크,8,f,2016-04-01,2.52513
슈링크,8,f,2016-05-01,2.23948
슈링크,8,f,2016-06-01,2.60511
슈링크,8,f,2016-07-01,2.82221
슈링크,8,f,2016-08-01,3.38208
슈링크,8,f,2016-09-01,3.37065
슈링크,8,f,2016-10-01,3.56489
슈링크,8,f,2016-11-01,3.31352
슈링크,8,f,2016-12-01,5.4159
슈링크,8,f,2017-01-01,5.51873
슈링크,8,f,2017-02-01,4.78747
슈링크,8,f,2017-03-01,5.35877
슈링크,8,f,2017-04-01,4.68464
슈링크,8,f,2017-05-01,4.81032
슈링크,8,f,2017-06-01,4.73034
슈링크,8,f,2017-07-01,6.12431
슈링크,8,f,2017-08-01,4.74177
슈링크,8,f,2017-09-01,5.4159
슈링크,8,f,2017-10-01,5.51873
슈링크,8,f,2017-11-01,5.30164
슈링크,8,f,2017-12-01,4.87888
슈링크,8,f,2018-01-01,12.2829
슈링크,8,f,2018-02-01,6.59277
슈링크,8,f,2018-03-01,7.18692
슈링크,8,f,2018-04-01,8.35237
슈링크,8,f,2018-05-01,8.12385
슈링크,8,f,2018-06-01,9.38071
슈링크,8,f,2018-07-01,14.3053
슈링크,8,f,2018-08-01,19.09277
슈링크,8,f,2018-09-01,19.57266
슈링크,8,f,2018-10-01,21.32084
슈링크,8,f,2018-11-01,27.10237
슈링크,8,f,2018-12-01,24.08592
슈링크,8,f,2019-01-01,27.43372
슈링크,8,f,2019-02-01,25.9255
슈링크,8,f,2019-03-01,27.71937
슈링크,8,f,2019-04-01,21.19515
슈링크,8,f,2019-05-01,20.38391
슈링크,8,f,2019-06-01,24.18875
슈링크,8,f,2019-07-01,21.66361
슈링크,8,f,2019-08-01,26.57678
슈링크,8,f,2019-09-01,22.20063
슈링크,8,f,2019-10-01,31.20429
슈링크,8,f,2019-11-01,33.02102
슈링크,8,f,2019-12-01,57.68967
슈링크,8,f,2020-01-01,42.43601
슈링크,8,f,2020-02-01,33.70658
슈링크,8,f,2020-03-01,29.15904
슈링크,8,f,2020-04-01,42.16179
슈링크,8,f,2020-05-01,41.86471
슈링크,8,f,2020-06-01,27.85648
슈링크,8,f,2020-07-01,30.1531
슈링크,8,f,2020-08-01,27.92504
슈링크,8,f,2020-09-01,23.82312
슈링크,8,f,2020-10-01,27.90219
슈링크,8,f,2020-11-01,24.33729
슈링크,8,f,2020-12-01,24.66864
슈링크,8,f,2021-01-01,30.38162
슈링크,8,f,2021-02-01,24.68007
슈링크,8,f,2021-03-01,91.36197
슈링크,8,f,2021-04-01,66.92184
슈링크,8,f,2021-05-01,27.75365
슈링크,8,f,2021-06-01,39.21389
슈링크,8,f,2021-07-01,31.01005
슈링크,8,f,2021-08-01,27.52513
슈링크,8,f,2021-09-01,26.63391
슈링크,8,f,2021-10-01,40.8478
슈링크,8,f,2021-11-01,37.61425
슈링크,8,f,2021-12-01,30.7244
슈링크,8,f,2022-01-01,39.41956
슈링크,8,f,2022-02-01,41.60191
슈링크,8,f,2022-03-01,42.92733
슈링크,8,f,2022-04-01,55.48446
슈링크,8,f,2022-05-01,79.35329
슈링크,8,f,2022-06-01,71.89213
슈링크,8,f,2022-07-01,53.71343
슈링크,8,f,2022-08-01,50.84552
슈링크,8,f,2022-09-01,48.61745
슈링크,8,f,2022-10-01,53.38208
슈링크,8,f,2022-11-01,51.95383
슈링크,8,f,2022-12-01,48.06901
슈링크,8,f,2023-01-01,54.37614
슈링크,8,f,2023-02-01,57.24405
슈링크,8,f,2023-03-01,55.35877
슈링크,8,f,2023-04-01,62.55712
슈링크,8,f,2023-05-01,59.36928
슈링크,8,f,2023-06-01,45.48674
슈링크,8,f,2023-07-01,40.8478
슈링크,8,f,2023-08-01,55.16453
슈링크,8,f,2023-09-01,47.00639
슈링크,8,f,2023-10-01,41.40767
슈링크,8,f,2023-11-01,52.47943
슈링크,8,f,2023-12-01,56.09003
슈링크,8,f,2024-01-01,65.32221
슈링크,8,f,2024-02-01,50.87979
슈링크,8,f,2024-03-01,53.98765
슈링크,8,f,2024-04-01,48.77742
슈링크,8,f,2024-05-01,46.58363
슈링크,8,f,2024-06-01,43.06444
슈링크,8,f,2024-07-01,39.52239
슈링크,8,f,2024-08-01,45.2468
슈링크,8,f,2024-09-01,39.45383
슈링크,8,f,2024-10-01,38.03702
슈링크,8,f,2024-11-01,37.5914
슈링크,8,f,2024-12-01,38.44835
슈링크,8,f,2025-01-01,47.9319
슈링크,8,f,2025-02-01,46.98354
슈링크,8,f,2025-03-01,49.28016
슈링크,8,f,2025-04-01,48.37751
슈링크,8,f,2025-05-01,45.84095
슈링크,8,f,2025-06-01,41.55621
슈링크,8,f,2025-07-01,39.51096
슈링크,8,f,2025-08-01,41.6819
슈링크,8,f,2025-09-01,76.91956
슈링크,8,f,2025-10-01,88.34552
슈링크,8,f,2025-11-01,94.84689
슈링크,8,f,2025-12-01,100.0
슈링크,8,m,2016-01-01,2.09125
슈링크,8,m,2016-02-01,1.58428
슈링크,8,m,2016-03-01,2.72496
슈링크,8,m,2016-04-01,3.80228
슈링크,8,m,2016-05-01,3.61216
슈링크,8,m,2016-06-01,4.68948
슈링크,8,m,2016-07-01,3.99239
슈링크,8,m,2016-08-01,6.33713
슈링크,8,m,2016-09-01,3.42205
슈링크,8,m,2016-10-01,5.76679
슈링크,8,m,2016-11-01,5.64005
슈링크,8,m,2016-12-01,5.25982
슈링크,8,m,2017-01-01,5.70342
슈링크,8,m,2017-02-01,3.99239
슈링크,8,m,2017-03-01,5.64005
슈링크,8,m,2017-04-01,6.52724
슈링크,8,m,2017-05-01,6.90747
슈링크,8,m,2017-06-01,7.09759
슈링크,8,m,2017-07-01,7.35107
슈링크,8,m,2017-08-01,7.41444
슈링크,8,m,2017-09-01,5.19645
슈링크,8,m,2017-10-01,4.11913
슈링크,8,m,2017-11-01,10.51964
슈링크,8,m,2017-12-01,8.68187
슈링크,8,m,2018-01-01,10.45627
슈링크,8,m,2018-02-01,7.09759
슈링크,8,m,2018-03-01,8.11153
슈링크,8,m,2018-04-01,16.66666
슈링크,8,m,2018-05-01,8.23827
슈링크,8,m,2018-06-01,9.0621
슈링크,8,m,2018-07-01,12.99112
슈링크,8,m,2018-08-01,25.60202
슈링크,8,m,2018-09-01,23.32065
슈링크,8,m,2018-10-01,27.62991
슈링크,8,m,2018-11-01,51.01394
슈링크,8,m,2018-12-01,27.05956
슈링크,8,m,2019-01-01,22.75031
슈링크,8,m,2019-02-01,21.673
슈링크,8,m,2019-03-01,23.13054
슈링크,8,m,2019-04-01,28.77059
슈링크,8,m,2019-05-01,25.15842
슈링크,8,m,2019-06-01,34.03041
슈링크,8,m,2019-07-01,27.69328
슈링크,8,m,2019-08-01,22.24334
슈링크,8,m,2019-09-01,21.10266
슈링크,8,m,2019-10-01,30.54499
슈링크,8,m,2019-11-01,29.59442
슈링크,8,m,2019-12-01,63.87832
슈링크,8,m,2020-01-01,29.8479
슈링크,8,m,2020-02-01,28.70722
슈링크,8,m,2020-03-01,25.09505
슈링크,8,m,2020-04-01,32.69961
슈링크,8,m,2020-05-01,41.63498
슈링크,8,m,2020-06-01,26.55259
슈링크,8,m,2020-07-01,35.36121
슈링크,8,m,2020-08-01,29.21419
슈링크,8,m,2020-09-01,20.7858
슈링크,8,m,2020-10-01,23.63751
슈링크,8,m,2020-11-01,24.39797
슈링크,8,m,2020-12-01,27.12294
슈링크,8,m,2021-01-01,30.67173
슈링크,8,m,2021-02-01,23.95437
슈링크,8,m,2021-03-01,88.40304
슈링크,8,m,2021-04-01,85.29784
슈링크,8,m,2021-05-01,29.15082
슈링크,8,m,2021-06-01,46.76806
슈링크,8,m,2021-07-01,34.7275
슈링크,8,m,2021-08-01,23.0038
슈링크,8,m,2021-09-01,20.65906
슈링크,8,m,2021-10-01,41.06463
슈링크,8,m,2021-11-01,38.02281
슈링크,8,m,2021-12-01,28.07351
슈링크,8,m,2022-01-01,56.21039
슈링크,8,m,2022-02-01,40.93789
슈링크,8,m,2022-03-01,43.02915
슈링크,8,m,2022-04-01,46.51457
슈링크,8,m,2022-05-01,54.43599
슈링크,8,m,2022-06-01,45.69074
슈링크,8,m,2022-07-01,36.43852
슈링크,8,m,2022-08-01,31.30544
슈링크,8,m,2022-09-01,32.0659
슈링크,8,m,2022-10-01,30.54499
슈링크,8,m,2022-11-01,40.81115
슈링크,8,m,2022-12-01,38.40304
슈링크,8,m,2023-01-01,31.6223
슈링크,8,m,2023-02-01,39.54372
슈링크,8,m,2023-03-01,37.57921
슈링크,8,m,2023-04-01,58.87198
슈링크,8,m,2023-05-01,65.65272
슈링크,8,m,2023-06-01,38.40304
슈링크,8,m,2023-07-01,31.1787
슈링크,8,m,2023-08-01,52.02788
슈링크,8,m,2023-09-01,39.16349
슈링크,8,m,2023-10-01,29.8479
슈링크,8,m,2023-11-01,60.45627
슈링크,8,m,2023-12-01,45.75411
슈링크,8,m,2024-01-01,54.56273
슈링크,8,m,2024-02-01,35.6147
슈링크,8,m,2024-03-01,33.14321
슈링크,8,m,2024-04-01,33.77693
슈링크,8,m,2024-05-01,38.78326
슈링크,8,m,2024-06-01,33.52344
슈링크,8,m,2024-07-01,33.96704
슈링크,8,m,2024-08-01,35.23447
슈링크,8,m,2024-09-01,31.68567
슈링크,8,m,2024-10-01,28.9607
슈링크,8,m,2024-11-01,31.24207
슈링크,8,m,2024-12-01,30.16476
슈링크,8,m,2025-01-01,34.60076
슈링크,8,m,2025-02-01,34.79087
슈링크,8,m,2025-03-01,36.62864
슈링크,8,m,2025-04-01,35.67807
슈링크,8,m,2025-05-01,35.74144
슈링크,8,m,2025-06-01,49.49302
슈링크,8,m,2025-07-01,45.564
슈링크,8,m,2025-08-01,34.34727
슈링크,8,m,2025-09-01,72.87705
슈링크,8,m,2025-10-01,82.82636
슈링크,8,m,2025-11-01,97.46514
슈링크,8,m,2025-12-01,100.0
슈링크,9,all,2016-01-01,0.58563
슈링크,9,all,2016-02-01,0.80662
슈링크,9,all,2016-03-01,0.88397
슈링크,9,all,2016-04-01,0.97237
슈링크,9,all,2016-05-01,0.99447
슈링크,9,all,2016-06-01,1.21546
슈링크,9,all,2016-07-01,0.92817
슈링크,9,all,2016-08-01,1.28176
슈링크,9,all,2016-09-01,1.24861
슈링크,9,all,2016-10-01,1.65745
슈링크,9,all,2016-11-01,2.24309
슈링크,9,all,2016-12-01,2.40883
슈링크,9,all,2017-01-01,1.9558
슈링크,9,all,2017-02-01,1.51381
슈링크,9,all,2017-03-01,2.33149
슈링크,9,all,2017-04-01,2.16574
슈링크,9,all,2017-05-01,2.53038
슈링크,9,all,2017-06-01,2.23204
슈링크,9,all,2017-07-01,2.14364
슈링크,9,all,2017-08-01,1.8895
슈링크,9,all,2017-09-01,2.51933
슈링크,9,all,2017-10-01,2.30939
슈링크,9,all,2017-11-01,2.22099
슈링크,9,all,2017-12-01,2.58563
슈링크,9,all,2018-01-01,5.18232
슈링크,9,all,2018-02-01,2.97237
슈링크,9,all,2018-03-01,3.41436
슈링크,9,all,2018-04-01,5.00552
슈링크,9,all,2018-05-01,3.74585
슈링크,9,all,2018-06-01,3.9558
슈링크,9,all,2018-07-01,8.67403
슈링크,9,all,2018-08-01,11.52486
슈링크,9,all,2018-09-01,8.55248
슈링크,9,all,2018-10-01,10.29834
슈링크,9,all,2018-11-01,11.98895
슈링크,9,all,2018-12-01,11.9779
슈링크,9,all,2019-01-01,13.35911
슈링크,9,all,2019-02-01,12.82872
슈링크,9,all,2019-03-01,13.18232
슈링크,9,all,2019-04-01,11.22651
슈링크,9,all,2019-05-01,12.03314
슈링크,9,all,2019-06-01,15.07182
슈링크,9,all,2019-07-01,14.72928
슈링크,9,all,2019-08-01,13.76795
슈링크,9,all,2019-09-01,12.04419
슈링크,9,all,2019-10-01,16.35359
슈링크,9,all,2019-11-01,16.14364
슈링크,9,all,2019-12-01,36.62983
슈링크,9,all,2020-01-01,23.7127
슈링크,9,all,2020-02-01,19.96685
슈링크,9,all,2020-03-01,16.08839
슈링크,9,all,2020-04-01,23.8011
슈링크,9,all,2020-05-01,22.47513
슈링크,9,all,2020-06-01,17.74585
슈링크,9,all,2020-07-01,18.76243
슈링크,9,all,2020-08-01,17.27071
슈링크,9,all,2020-09-01,15.14917
슈링크,9,all,2020-10-01,14.65193
슈링크,9,all,2020-11-01,14.87292
슈링크,9,all,2020-12-01,14.72928
슈링크,9,all,2021-01-01,19.08287
슈링크,9,all,2021-02-01,16.01104
슈링크,9,all,2021-03-01,64.01104
슈링크,9,all,2021-04-01,45.83425
슈링크,9,all,2021-05-01,18.70718
슈링크,9,all,2021-06-01,27.16022
슈링크,9,all,2021-07-01,20.72928
슈링크,9,all,2021-08-01,18.11049
슈링크,9,all,2021-09-01,14.23204
슈링크,9,all,2021-10-01,32.37569
슈링크,9,all,2021-11-01,24.95027
슈링크,9,all,2021-12-01,20.82872
슈링크,9,all,2022-01-01,28.36464
슈링크,9,all,2022-02-01,30.95027
슈링크,9,all,2022-03-01,33.43646
슈링크,9,all,2022-04-01,40.24309
슈링크,9,all,2022-05-01,59.31491
슈링크,9,all,2022-06-01,51.8232
슈링크,9,all,2022-07-01,36.45303
슈링크,9,all,2022-08-01,37.58011
슈링크,9,all,2022-09-01,30.23204
슈링크,9,all,2022-10-01,35.85635
슈링크,9,all,2022-11-01,37.29281
슈링크,9,all,2022-12-01,33.02762
슈링크,9,all,2023-01-01,39.6243
슈링크,9,all,2023-02-01,44.12154
슈링크,9,all,2023-03-01,43.8674
슈링크,9,all,2023-04-01,47.16022
슈링크,9,all,2023-05-01,49.81215
슈링크,9,all,2023-06-01,35.55801
슈링크,9,all,2023-07-01,31.65745
슈링크,9,all,2023-08-01,45.07182
슈링크,9,all,2023-09-01,33.45856
슈링크,9,all,2023-10-01,30.44198
슈링크,9,all,2023-11-01,49.33701
슈링크,9,all,2023-12-01,44.92817
슈링크,9,all,2024-01-01,55.04972
슈링크,9,all,2024-02-01,37.9116
슈링크,9,all,2024-03-01,38.23204
슈링크,9,all,2024-04-01,36.40883
슈링크,9,all,2024-05-01,37.6243
슈링크,9,all,2024-06-01,32.04419
슈링크,9,all,2024-07-01,30.34254
슈링크,9,all,2024-08-01,32.76243
슈링크,9,all,2024-09-01,29.8674
슈링크,9,all,2024-10-01,28.25414
슈링크,9,all,2024-11-01,28.81767
슈링크,9,all,2024-12-01,28.08839
슈링크,9,all,2025-01-01,34.24309
슈링크,9,all,2025-02-01,35.50276
슈링크,9,all,2025-03-01,37.42541
슈링크,9,all,2025-04-01,36.49723
슈링크,9,all,2025-05-01,32.04419
슈링크,9,all,2025-06-01,30.69613
슈링크,9,all,2025-07-01,27.45856
슈링크,9,all,2025-08-01,30.51933
슈링크,9,all,2025-09-01,67.43646
슈링크,9,all,2025-10-01,82.23204
슈링크,9,all,2025-11-01,93.98895
슈링크,9,all,2025-12-01,100.0
슈링크,9,f,2016-01-01,0.62516
슈링크,9,f,2016-02-01,0.67953
슈링크,9,f,2016-03-01,0.92416
슈링크,9,f,2016-04-01,0.77466
슈링크,9,f,2016-05-01,0.85621
슈링크,9,f,2016-06-01,1.0057
슈링크,9,f,2016-07-01,0.93775
슈링크,9,f,2016-08-01,1.14161
슈링크,9,f,2016-09-01,1.18238
슈링크,9,f,2016-10-01,1.64446
슈링크,9,f,2016-11-01,2.16091
슈링크,9,f,2016-12-01,2.29681
슈링크,9,f,2017-01-01,1.98423
슈링크,9,f,2017-02-01,1.45419
슈링크,9,f,2017-03-01,2.35118
슈링크,9,f,2017-04-01,2.07936
슈링크,9,f,2017-05-01,2.324
슈링크,9,f,2017-06-01,2.24245
슈링크,9,f,2017-07-01,1.99782
슈링크,9,f,2017-08-01,1.76678
슈링크,9,f,2017-09-01,2.43272
슈링크,9,f,2017-10-01,2.18809
슈링크,9,f,2017-11-01,2.21527
슈링크,9,f,2017-12-01,2.6094
슈링크,9,f,2018-01-01,5.28676
슈링크,9,f,2018-02-01,3.0443
슈링크,9,f,2018-03-01,3.26175
슈링크,9,f,2018-04-01,4.19951
슈링크,9,f,2018-05-01,3.83256
슈링크,9,f,2018-06-01,3.9141
슈링크,9,f,2018-07-01,8.08643
슈링크,9,f,2018-08-01,10.77738
슈링크,9,f,2018-09-01,8.33106
슈링크,9,f,2018-10-01,9.82603
슈링크,9,f,2018-11-01,11.83745
슈링크,9,f,2018-12-01,11.63359
슈링크,9,f,2019-01-01,13.64501
슈링크,9,f,2019-02-01,12.70725
슈링크,9,f,2019-03-01,13.26447
슈링크,9,f,2019-04-01,10.4512
슈링크,9,f,2019-05-01,11.23946
슈링크,9,f,2019-06-01,14.27018
슈링크,9,f,2019-07-01,14.31095
슈링크,9,f,2019-08-01,13.82169
슈링크,9,f,2019-09-01,12.0549
슈링크,9,f,2019-10-01,16.93394
슈링크,9,f,2019-11-01,16.58059
슈링크,9,f,2019-12-01,33.8543
슈링크,9,f,2020-01-01,24.58548
슈링크,9,f,2020-02-01,20.03261
슈링크,9,f,2020-03-01,15.71079
슈링크,9,f,2020-04-01,24.23212
슈링크,9,f,2020-05-01,22.38379
슈링크,9,f,2020-06-01,18.1571
슈링크,9,f,2020-07-01,18.19787
슈링크,9,f,2020-08-01,16.81163
슈링크,9,f,2020-09-01,15.60206
슈링크,9,f,2020-10-01,15.23511
슈링크,9,f,2020-11-01,14.8138
슈링크,9,f,2020-12-01,14.17504
슈링크,9,f,2021-01-01,18.82304
슈링크,9,f,2021-02-01,16.40391
슈링크,9,f,2021-03-01,66.44468
슈링크,9,f,2021-04-01,47.14596
슈링크,9,f,2021-05-01,18.60559
슈링크,9,f,2021-06-01,26.85512
슈링크,9,f,2021-07-01,20.87523
슈링크,9,f,2021-08-01,19.05409
슈링크,9,f,2021-09-01,14.74585
슈링크,9,f,2021-10-01,33.02527
슈링크,9,f,2021-11-01,25.74069
슈링크,9,f,2021-12-01,21.22859
슈링크,9,f,2022-01-01,29.07039
슈링크,9,f,2022-02-01,33.21554
슈링크,9,f,2022-03-01,34.92796
슈링크,9,f,2022-04-01,42.8649
슈링크,9,f,2022-05-01,64.02555
슈링크,9,f,2022-06-01,56.63223
슈링크,9,f,2022-07-01,39.60315
슈링크,9,f,2022-08-01,41.05735
슈링크,9,f,2022-09-01,33.25631
슈링크,9,f,2022-10-01,39.58956
슈링크,9,f,2022-11-01,40.09241
슈링크,9,f,2022-12-01,35.34927
슈링크,9,f,2023-01-01,43.28621
슈링크,9,f,2023-02-01,49.1166
슈링크,9,f,2023-03-01,47.74395
슈링크,9,f,2023-04-01,48.12449
슈링크,9,f,2023-05-01,50.47567
슈링크,9,f,2023-06-01,37.99945
슈링크,9,f,2023-07-01,34.56102
슈링크,9,f,2023-08-01,46.34411
슈링크,9,f,2023-09-01,35.64827
슈링크,9,f,2023-10-01,32.95732
슈링크,9,f,2023-11-01,47.87985
슈링크,9,f,2023-12-01,46.84696
슈링크,9,f,2024-01-01,58.07284
슈링크,9,f,2024-02-01,41.75047
슈링크,9,f,2024-03-01,42.43
슈링크,9,f,2024-04-01,39.19543
슈링크,9,f,2024-05-01,39.87496
슈링크,9,f,2024-06-01,33.35145
슈링크,9,f,2024-07-01,32.45447
슈링크,9,f,2024-08-01,34.42511
슈링크,9,f,2024-09-01,31.16335
슈링크,9,f,2024-10-01,30.44305
슈링크,9,f,2024-11-01,31.01386
슈링크,9,f,2024-12-01,30.85077
슈링크,9,f,2025-01-01,37.36069
슈링크,9,f,2025-02-01,38.85566
슈링크,9,f,2025-03-01,41.38352
슈링크,9,f,2025-04-01,39.5216
슈링크,9,f,2025-05-01,34.53384
슈링크,9,f,2025-06-01,31.38081
슈링크,9,f,2025-07-01,28.37727
슈링크,9,f,2025-08-01,32.37292
슈링크,9,f,2025-09-01,69.20358
슈링크,9,f,2025-10-01,83.88148
슈링크,9,f,2025-11-01,94.57733
슈링크,9,f,2025-12-01,100.0
슈링크,9,m,2016-01-01,0.41371
슈링크,9,m,2016-02-01,1.35933
슈링크,9,m,2016-03-01,0.70921
슈링크,9,m,2016-04-01,1.83215
슈링크,9,m,2016-05-01,1.59574
슈링크,9,m,2016-06-01,2.12765
슈링크,9,m,2016-07-01,0.88652
슈링크,9,m,2016-08-01,1.89125
슈링크,9,m,2016-09-01,1.53664
슈링크,9,m,2016-10-01,1.71394
슈링크,9,m,2016-11-01,2.60047
슈링크,9,m,2016-12-01,2.89598
슈링크,9,m,2017-01-01,1.83215
슈링크,9,m,2017-02-01,1.77304
슈링크,9,m,2017-03-01,2.24586
슈링크,9,m,2017-04-01,2.54137
슈링크,9,m,2017-05-01,3.42789
슈링크,9,m,2017-06-01,2.18676
슈링크,9,m,2017-07-01,2.77777
슈링크,9,m,2017-08-01,2.42316
슈링크,9,m,2017-09-01,2.89598
슈링크,9,m,2017-10-01,2.83687
슈링크,9,m,2017-11-01,2.24586
슈링크,9,m,2017-12-01,2.48226
슈링크,9,m,2018-01-01,4.72813
슈링크,9,m,2018-02-01,2.65957
슈링크,9,m,2018-03-01,4.07801
슈링크,9,m,2018-04-01,8.51063
슈링크,9,m,2018-05-01,3.36879
슈링크,9,m,2018-06-01,4.13711
슈링크,9,m,2018-07-01,11.22931
슈링크,9,m,2018-08-01,14.77541
슈링크,9,m,2018-09-01,9.51536
슈링크,9,m,2018-10-01,12.35224
슈링크,9,m,2018-11-01,12.64775
슈링크,9,m,2018-12-01,13.47517
슈링크,9,m,2019-01-01,12.11583
슈링크,9,m,2019-02-01,13.35697
슈링크,9,m,2019-03-01,12.82505
슈링크,9,m,2019-04-01,14.5981
슈링크,9,m,2019-05-01,15.48463
슈링크,9,m,2019-06-01,18.55791
슈링크,9,m,2019-07-01,16.54846
슈링크,9,m,2019-08-01,13.53427
슈링크,9,m,2019-09-01,11.99763
슈링크,9,m,2019-10-01,13.82978
슈링크,9,m,2019-11-01,14.24349
슈링크,9,m,2019-12-01,48.69976
슈링크,9,m,2020-01-01,19.91725
슈링크,9,m,2020-02-01,19.68085
슈링크,9,m,2020-03-01,17.73049
슈링크,9,m,2020-04-01,21.92671
슈링크,9,m,2020-05-01,22.87234
슈링크,9,m,2020-06-01,15.95744
슈링크,9,m,2020-07-01,21.21749
슈링크,9,m,2020-08-01,19.26713
슈링크,9,m,2020-09-01,13.17966
슈링크,9,m,2020-10-01,12.11583
슈링크,9,m,2020-11-01,15.13002
슈링크,9,m,2020-12-01,17.13947
슈링크,9,m,2021-01-01,20.21276
슈링크,9,m,2021-02-01,14.3026
슈링크,9,m,2021-03-01,53.42789
슈링크,9,m,2021-04-01,40.13002
슈링크,9,m,2021-05-01,19.14893
슈링크,9,m,2021-06-01,28.48699
슈링크,9,m,2021-07-01,20.09456
슈링크,9,m,2021-08-01,14.00709
슈링크,9,m,2021-09-01,11.99763
슈링크,9,m,2021-10-01,29.55082
슈링크,9,m,2021-11-01,21.513
슈링크,9,m,2021-12-01,19.08983
슈링크,9,m,2022-01-01,25.2955
슈링크,9,m,2022-02-01,21.09929
슈링크,9,m,2022-03-01,26.95035
슈링크,9,m,2022-04-01,28.8416
슈링크,9,m,2022-05-01,38.82978
슈링크,9,m,2022-06-01,30.91016
슈링크,9,m,2022-07-01,22.75413
슈링크,9,m,2022-08-01,22.45862
슈링크,9,m,2022-09-01,17.08037
슈링크,9,m,2022-10-01,19.62174
슈링크,9,m,2022-11-01,25.1182
슈링크,9,m,2022-12-01,22.93144
슈링크,9,m,2023-01-01,23.69976
슈링크,9,m,2023-02-01,22.39952
슈링크,9,m,2023-03-01,27.00945
슈링크,9,m,2023-04-01,42.9669
슈링크,9,m,2023-05-01,46.92671
슈링크,9,m,2023-06-01,24.94089
슈링크,9,m,2023-07-01,19.03073
슈링크,9,m,2023-08-01,39.539
슈링크,9,m,2023-09-01,23.93617
슈링크,9,m,2023-10-01,19.50354
슈링크,9,m,2023-11-01,55.67375
슈링크,9,m,2023-12-01,36.58392
슈링크,9,m,2024-01-01,41.90307
슈링크,9,m,2024-02-01,21.21749
슈링크,9,m,2024-03-01,19.97635
슈링크,9,m,2024-04-01,24.29078
슈링크,9,m,2024-05-01,27.83687
슈링크,9,m,2024-06-01,26.35933
슈링크,9,m,2024-07-01,21.15839
슈링크,9,m,2024-08-01,25.53191
슈링크,9,m,2024-09-01,24.23167
슈링크,9,m,2024-10-01,18.73522
슈링크,9,m,2024-11-01,19.26713
슈링크,9,m,2024-12-01,16.07565
슈링크,9,m,2025-01-01,20.68557
슈링크,9,m,2025-02-01,20.92198
슈링크,9,m,2025-03-01,20.21276
슈링크,9,m,2025-04-01,23.34515
슈링크,9,m,2025-05-01,21.21749
슈링크,9,m,2025-06-01,27.71867
슈링크,9,m,2025-07-01,23.46335
슈링크,9,m,2025-08-01,22.45862
슈링크,9,m,2025-09-01,59.75177
슈링크,9,m,2025-10-01,75.0591
슈링크,9,m,2025-11-01,91.43026
슈링크,9,m,2025-12-01,100.0
슈링크,10,all,2016-01-01,0.48126
슈링크,10,all,2016-02-01,0.53959
슈링크,10,all,2016-03-01,0.70001
슈링크,10,all,2016-04-01,0.53959
슈링크,10,all,2016-05-01,0.53959
슈링크,10,all,2016-06-01,0.75834
슈링크,10,all,2016-07-01,0.71459
슈링크,10,all,2016-08-01,0.70001
슈링크,10,all,2016-09-01,1.02085
슈링크,10,all,2016-10-01,0.94793
슈링크,10,all,2016-11-01,1.02085
슈링크,10,all,2016-12-01,1.05002
슈링크,10,all,2017-01-01,1.45836
슈링크,10,all,2017-02-01,1.50211
슈링크,10,all,2017-03-01,1.42919
슈링크,10,all,2017-04-01,1.61878
슈링크,10,all,2017-05-01,1.54586
슈링크,10,all,2017-06-01,1.44378
슈링크,10,all,2017-07-01,1.57503
슈링크,10,all,2017-08-01,1.48753
슈링크,10,all,2017-09-01,1.6042
슈링크,10,all,2017-10-01,1.05002
슈링크,10,all,2017-11-01,1.75003
슈링크,10,all,2017-12-01,1.66253
슈링크,10,all,2018-01-01,3.33965
슈링크,10,all,2018-02-01,2.20212
슈링크,10,all,2018-03-01,2.21671
슈링크,10,all,2018-04-01,2.37713
슈링크,10,all,2018-05-01,2.46463
슈링크,10,all,2018-06-01,1.89587
슈링크,10,all,2018-07-01,6.22721
슈링크,10,all,2018-08-01,7.81682
슈링크,10,all,2018-09-01,5.83345
슈링크,10,all,2018-10-01,6.98556
슈링크,10,all,2018-11-01,9.30436
슈링크,10,all,2018-12-01,7.6564
슈링크,10,all,2019-01-01,9.42102
슈링크,10,all,2019-02-01,7.4814
슈링크,10,all,2019-03-01,8.16683
슈링크,10,all,2019-04-01,6.94181
슈링크,10,all,2019-05-01,7.6564
슈링크,10,all,2019-06-01,9.72728
슈링크,10,all,2019-07-01,8.89601
슈링크,10,all,2019-08-01,8.2835
슈링크,10,all,2019-09-01,7.6564
슈링크,10,all,2019-10-01,9.37727
슈링크,10,all,2019-11-01,10.26688
슈링크,10,all,2019-12-01,22.18171
슈링크,10,all,2020-01-01,13.1836
슈링크,10,all,2020-02-01,11.03981
슈링크,10,all,2020-03-01,9.52311
슈링크,10,all,2020-04-01,12.33775
슈링크,10,all,2020-05-01,13.32944
슈링크,10,all,2020-06-01,8.60434
슈링크,10,all,2020-07-01,11.55024
슈링크,10,all,2020-08-01,9.56686
슈링크,10,all,2020-09-01,7.90433
슈링크,10,all,2020-10-01,8.58976
슈링크,10,all,2020-11-01,8.06475
슈링크,10,all,2020-12-01,9.02727
슈링크,10,all,2021-01-01,11.52107
슈링크,10,all,2021-02-01,8.54601
슈링크,10,all,2021-03-01,32.85693
슈링크,10,all,2021-04-01,21.62753
슈링크,10,all,2021-05-01,10.26688
슈링크,10,all,2021-06-01,14.99197
슈링크,10,all,2021-07-01,11.46273
슈링크,10,all,2021-08-01,10.33979
슈링크,10,all,2021-09-01,8.22517
슈링크,10,all,2021-10-01,16.217
슈링크,10,all,2021-11-01,12.96485
슈링크,10,all,2021-12-01,9.7127
슈링크,10,all,2022-01-01,17.60245
슈링크,10,all,2022-02-01,17.06285
슈링크,10,all,2022-03-01,19.32331
슈링크,10,all,2022-04-01,20.49001
슈링크,10,all,2022-05-01,30.14437
슈링크,10,all,2022-06-01,25.41927
슈링크,10,all,2022-07-01,19.48373
슈링크,10,all,2022-08-01,17.39827
슈링크,10,all,2022-09-01,15.82324
슈링크,10,all,2022-10-01,17.7337
슈링크,10,all,2022-11-01,20.72334
슈링크,10,all,2022-12-01,16.77118
슈링크,10,all,2023-01-01,24.31092
슈링크,10,all,2023-02-01,25.08385
슈링크,10,all,2023-03-01,25.43386
슈링크,10,all,2023-04-01,25.74011
슈링크,10,all,2023-05-01,27.73807
슈링크,10,all,2023-06-01,19.78999
슈링크,10,all,2023-07-01,18.14204
슈링크,10,all,2023-08-01,29.02143
슈링크,10,all,2023-09-01,20.25667
슈링크,10,all,2023-10-01,18.31704
슈링크,10,all,2023-11-01,32.65276
슈링크,10,all,2023-12-01,29.98395
슈링크,10,all,2024-01-01,33.6882
슈링크,10,all,2024-02-01,21.23377
슈링크,10,all,2024-03-01,23.99008
슈링크,10,all,2024-04-01,19.90666
슈링크,10,all,2024-05-01,21.51086
슈링크,10,all,2024-06-01,21.59836
슈링크,10,all,2024-07-01,19.36707
슈링크,10,all,2024-08-01,20.2275
슈링크,10,all,2024-09-01,19.81916
슈링크,10,all,2024-10-01,18.4483
슈링크,10,all,2024-11-01,19.10456
슈링크,10,all,2024-12-01,16.20242
슈링크,10,all,2025-01-01,19.71707
슈링크,10,all,2025-02-01,23.46507
슈링크,10,all,2025-03-01,24.1505
슈링크,10,all,2025-04-01,22.25463
슈링크,10,all,2025-05-01,20.47542
슈링크,10,all,2025-06-01,19.2504
슈링크,10,all,2025-07-01,16.97535
슈링크,10,all,2025-08-01,19.19206
슈링크,10,all,2025-09-01,56.35117
슈링크,10,all,2025-10-01,73.57444
슈링크,10,all,2025-11-01,95.18739
슈링크,10,all,2025-12-01,100.0
슈링크,10,f,2016-01-01,0.44141
슈링크,10,f,2016-02-01,0.55177
슈링크,10,f,2016-03-01,0.29427
슈링크,10,f,2016-04-01,0.49659
슈링크,10,f,2016-05-01,0.40463
슈링크,10,f,2016-06-01,0.4782
슈링크,10,f,2016-07-01,0.73569
슈링크,10,f,2016-08-01,0.68052
슈링크,10,f,2016-09-01,0.9748
슈링크,10,f,2016-10-01,0.84605
슈링크,10,f,2016-11-01,0.91962
슈링크,10,f,2016-12-01,0.99319
슈링크,10,f,2017-01-01,1.36104
슈링크,10,f,2017-02-01,1.453
슈링크,10,f,2017-03-01,1.39782
슈링크,10,f,2017-04-01,1.41622
슈링크,10,f,2017-05-01,1.28747
슈링크,10,f,2017-06-01,1.26908
슈링크,10,f,2017-07-01,1.50818
슈링크,10,f,2017-08-01,1.43461
슈링크,10,f,2017-09-01,1.58175
슈링크,10,f,2017-10-01,0.9748
슈링크,10,f,2017-11-01,1.61853
슈링크,10,f,2017-12-01,1.63693
슈링크,10,f,2018-01-01,3.07154
슈링크,10,f,2018-02-01,2.31745
슈링크,10,f,2018-03-01,2.05995
슈링크,10,f,2018-04-01,2.13352
슈링크,10,f,2018-05-01,2.39102
슈링크,10,f,2018-06-01,1.83924
슈링크,10,f,2018-07-01,5.14989
슈링크,10,f,2018-08-01,6.95236
슈링크,10,f,2018-09-01,5.3706
슈링크,10,f,2018-10-01,5.84881
슈링크,10,f,2018-11-01,7.96395
슈링크,10,f,2018-12-01,6.80522
슈링크,10,f,2019-01-01,9.67445
슈링크,10,f,2019-02-01,6.97075
슈링크,10,f,2019-03-01,7.65127
슈링크,10,f,2019-04-01,5.90399
슈링크,10,f,2019-05-01,7.08111
슈링크,10,f,2019-06-01,7.76163
슈링크,10,f,2019-07-01,7.66967
슈링크,10,f,2019-08-01,7.68806
슈링크,10,f,2019-09-01,7.22825
슈링크,10,f,2019-10-01,9.03071
슈링크,10,f,2019-11-01,10.00551
슈링크,10,f,2019-12-01,18.46606
슈링크,10,f,2020-01-01,12.56207
슈링크,10,f,2020-02-01,10.57568
슈링크,10,f,2020-03-01,8.3318
슈링크,10,f,2020-04-01,11.58727
슈링크,10,f,2020-05-01,12.7276
슈링크,10,f,2020-06-01,8.29501
슈링크,10,f,2020-07-01,10.33658
슈링크,10,f,2020-08-01,8.81
슈링크,10,f,2020-09-01,7.8352
슈링크,10,f,2020-10-01,8.42376
슈링크,10,f,2020-11-01,7.76163
슈링크,10,f,2020-12-01,8.51572
슈링크,10,f,2021-01-01,10.48372
슈링크,10,f,2021-02-01,8.25823
슈링크,10,f,2021-03-01,32.84899
슈링크,10,f,2021-04-01,21.75832
슈링크,10,f,2021-05-01,9.91355
슈링크,10,f,2021-06-01,13.88633
슈링크,10,f,2021-07-01,10.74121
슈링크,10,f,2021-08-01,10.57568
슈링크,10,f,2021-09-01,8.20305
슈링크,10,f,2021-10-01,15.94629
슈링크,10,f,2021-11-01,13.29777
슈링크,10,f,2021-12-01,9.7848
슈링크,10,f,2022-01-01,15.21059
슈링크,10,f,2022-02-01,17.65679
슈링크,10,f,2022-03-01,20.25013
슈링크,10,f,2022-04-01,21.04101
슈링크,10,f,2022-05-01,32.57311
슈링크,10,f,2022-06-01,27.38642
슈링크,10,f,2022-07-01,20.3421
슈링크,10,f,2022-08-01,18.15339
슈링크,10,f,2022-09-01,16.95788
슈링크,10,f,2022-10-01,19.67997
슈링크,10,f,2022-11-01,21.40886
슈링크,10,f,2022-12-01,17.32573
슈링크,10,f,2023-01-01,26.35644
슈링크,10,f,2023-02-01,27.03696
슈링크,10,f,2023-03-01,27.73588
슈링크,10,f,2023-04-01,26.22769
슈링크,10,f,2023-05-01,27.27607
슈링크,10,f,2023-06-01,20.85709
슈링크,10,f,2023-07-01,19.90068
슈링크,10,f,2023-08-01,29.42799
슈링크,10,f,2023-09-01,22.12617
슈링크,10,f,2023-10-01,19.64318
슈링크,10,f,2023-11-01,28.98657
슈링크,10,f,2023-12-01,29.70388
슈링크,10,f,2024-01-01,33.95254
슈링크,10,f,2024-02-01,22.49402
슈링크,10,f,2024-03-01,26.55876
슈링크,10,f,2024-04-01,21.29851
슈링크,10,f,2024-05-01,21.8135
슈링크,10,f,2024-06-01,22.5308
슈링크,10,f,2024-07-01,19.88228
슈링크,10,f,2024-08-01,22.03421
슈링크,10,f,2024-09-01,21.11458
슈링크,10,f,2024-10-01,20.10299
슈링크,10,f,2024-11-01,20.78352
슈링크,10,f,2024-12-01,17.3809
슈링크,10,f,2025-01-01,21.70314
슈링크,10,f,2025-02-01,25.60235
슈링크,10,f,2025-03-01,26.4668
슈링크,10,f,2025-04-01,23.524
슈링크,10,f,2025-05-01,22.2917
슈링크,10,f,2025-06-01,19.71675
슈링크,10,f,2025-07-01,16.84752
슈링크,10,f,2025-08-01,20.3421
슈링크,10,f,2025-09-01,57.03512
슈링크,10,f,2025-10-01,73.44123
슈링크,10,f,2025-11-01,95.30991
슈링크,10,f,2025-12-01,100.0
슈링크,10,m,2016-01-01,0.6338
슈링크,10,m,2016-02-01,0.49295
슈링크,10,m,2016-03-01,2.25352
슈링크,10,m,2016-04-01,0.70422
슈링크,10,m,2016-05-01,1.05633
슈링크,10,m,2016-06-01,1.83098
슈링크,10,m,2016-07-01,0.6338
슈링크,10,m,2016-08-01,0.77464
슈링크,10,m,2016-09-01,1.19718
슈링크,10,m,2016-10-01,1.33802
슈링크,10,m,2016-11-01,1.40845
슈링크,10,m,2016-12-01,1.2676
슈링크,10,m,2017-01-01,1.83098
슈링크,10,m,2017-02-01,1.69014
슈링크,10,m,2017-03-01,1.54929
슈링크,10,m,2017-04-01,2.39436
슈링크,10,m,2017-05-01,2.53521
슈링크,10,m,2017-06-01,2.11267
슈링크,10,m,2017-07-01,1.83098
슈링크,10,m,2017-08-01,1.69014
슈링크,10,m,2017-09-01,1.69014
슈링크,10,m,2017-10-01,1.33802
슈링크,10,m,2017-11-01,2.25352
슈링크,10,m,2017-12-01,1.76056
슈링크,10,m,2018-01-01,4.36619
슈링크,10,m,2018-02-01,1.76056
슈링크,10,m,2018-03-01,2.8169
슈링크,10,m,2018-04-01,3.30985
슈링크,10,m,2018-05-01,2.74647
슈링크,10,m,2018-06-01,2.11267
슈링크,10,m,2018-07-01,10.35211
슈링크,10,m,2018-08-01,11.12676
슈링크,10,m,2018-09-01,7.60563
슈링크,10,m,2018-10-01,11.33802
슈링크,10,m,2018-11-01,14.43661
슈링크,10,m,2018-12-01,10.91549
슈링크,10,m,2019-01-01,8.4507
슈링크,10,m,2019-02-01,9.43661
슈링크,10,m,2019-03-01,10.14084
슈링크,10,m,2019-04-01,10.91549
슈링크,10,m,2019-05-01,9.85915
슈링크,10,m,2019-06-01,17.25352
슈링크,10,m,2019-07-01,13.59154
슈링크,10,m,2019-08-01,10.56338
슈링크,10,m,2019-09-01,9.29577
슈링크,10,m,2019-10-01,10.70422
슈링크,10,m,2019-11-01,11.2676
슈링크,10,m,2019-12-01,36.40845
슈링크,10,m,2020-01-01,15.56338
슈링크,10,m,2020-02-01,12.8169
슈링크,10,m,2020-03-01,14.0845
슈링크,10,m,2020-04-01,15.21126
슈링크,10,m,2020-05-01,15.6338
슈링크,10,m,2020-06-01,9.78873
슈링크,10,m,2020-07-01,16.19718
슈링크,10,m,2020-08-01,12.46478
슈링크,10,m,2020-09-01,8.16901
슈링크,10,m,2020-10-01,9.22535
슈링크,10,m,2020-11-01,9.22535
슈링크,10,m,2020-12-01,10.98591
슈링크,10,m,2021-01-01,15.49295
슈링크,10,m,2021-02-01,9.64788
슈링크,10,m,2021-03-01,32.88732
슈링크,10,m,2021-04-01,21.12676
슈링크,10,m,2021-05-01,11.61971
슈링크,10,m,2021-06-01,19.22535
슈링크,10,m,2021-07-01,14.22535
슈링크,10,m,2021-08-01,9.43661
슈링크,10,m,2021-09-01,8.30985
슈링크,10,m,2021-10-01,17.25352
슈링크,10,m,2021-11-01,11.69014
슈링크,10,m,2021-12-01,9.43661
슈링크,10,m,2022-01-01,26.76056
슈링크,10,m,2022-02-01,14.78873
슈링크,10,m,2022-03-01,15.77464
슈링크,10,m,2022-04-01,18.38028
슈링크,10,m,2022-05-01,20.84507
슈링크,10,m,2022-06-01,17.88732
슈링크,10,m,2022-07-01,16.19718
슈링크,10,m,2022-08-01,14.50704
슈링크,10,m,2022-09-01,11.47887
슈링크,10,m,2022-10-01,10.28169
슈링크,10,m,2022-11-01,18.09859
슈링크,10,m,2022-12-01,14.64788
슈링크,10,m,2023-01-01,16.47887
슈링크,10,m,2023-02-01,17.60563
슈링크,10,m,2023-03-01,16.61971
슈링크,10,m,2023-04-01,23.87323
슈링크,10,m,2023-05-01,29.50704
슈링크,10,m,2023-06-01,15.70422
슈링크,10,m,2023-07-01,11.40845
슈링크,10,m,2023-08-01,27.46478
슈링크,10,m,2023-09-01,13.09859
슈링크,10,m,2023-10-01,13.23943
슈링크,10,m,2023-11-01,46.69014
슈링크,10,m,2023-12-01,31.05633
슈링크,10,m,2024-01-01,32.67605
슈링크,10,m,2024-02-01,16.40845
슈링크,10,m,2024-03-01,14.15492
슈링크,10,m,2024-04-01,14.57746
슈링크,10,m,2024-05-01,20.35211
슈링크,10,m,2024-06-01,18.02816
슈링크,10,m,2024-07-01,17.39436
슈링크,10,m,2024-08-01,13.30985
슈링크,10,m,2024-09-01,14.85915
슈링크,10,m,2024-10-01,12.11267
슈링크,10,m,2024-11-01,12.67605
슈링크,10,m,2024-12-01,11.69014
슈링크,10,m,2025-01-01,12.11267
슈링크,10,m,2025-02-01,15.28169
슈링크,10,m,2025-03-01,15.28169
슈링크,10,m,2025-04-01,17.39436
슈링크,10,m,2025-05-01,13.52112
슈링크,10,m,2025-06-01,17.46478
슈링크,10,m,2025-07-01,17.46478
슈링크,10,m,2025-08-01,14.78873
슈링크,10,m,2025-09-01,53.73239
슈링크,10,m,2025-10-01,74.0845
슈링크,10,m,2025-11-01,94.7183
슈링크,10,m,2025-12-01,100.0
슈링크,11,all,2016-01-01,0.27091
슈링크,11,all,2016-02-01,0.57568
슈링크,11,all,2016-03-01,0.89739
슈링크,11,all,2016-04-01,0.77886
슈링크,11,all,2016-05-01,0.47409
슈링크,11,all,2016-06-01,0.72807
슈링크,11,all,2016-07-01,0.3217
슈링크,11,all,2016-08-01,0.52488
슈링크,11,all,2016-09-01,0.745
슈링크,11,all,2016-10-01,1.01591
슈링크,11,all,2016-11-01,1.1683
슈링크,11,all,2016-12-01,2.28581
슈링크,11,all,2017-01-01,2.43819
슈링크,11,all,2017-02-01,1.45614
슈링크,11,all,2017-03-01,1.74398
슈링크,11,all,2017-04-01,1.5916
슈링크,11,all,2017-05-01,1.74398
슈링크,11,all,2017-06-01,1.71012
슈링크,11,all,2017-07-01,1.72705
슈링크,11,all,2017-08-01,1.30375
슈링크,11,all,2017-09-01,1.15137
슈링크,11,all,2017-10-01,1.45614
슈링크,11,all,2017-11-01,1.32069
슈링크,11,all,2017-12-01,1.9641
슈링크,11,all,2018-01-01,3.52184
슈링크,11,all,2018-02-01,1.9641
슈링크,11,all,2018-03-01,2.13342
슈링크,11,all,2018-04-01,4.48696
슈링크,11,all,2018-05-01,2.25194
슈링크,11,all,2018-06-01,2.35353
슈링크,11,all,2018-07-01,5.33355
슈링크,11,all,2018-08-01,6.67118
슈링크,11,all,2018-09-01,4.97798
슈링크,11,all,2018-10-01,6.19708
슈링크,11,all,2018-11-01,6.80663
슈링크,11,all,2018-12-01,5.82458
슈링크,11,all,2019-01-01,5.90924
슈링크,11,all,2019-02-01,6.65424
슈링크,11,all,2019-03-01,6.07856
슈링크,11,all,2019-04-01,6.28174
슈링크,11,all,2019-05-01,6.67118
슈링크,11,all,2019-06-01,7.12834
슈링크,11,all,2019-07-01,7.82255
슈링크,11,all,2019-08-01,6.67118
슈링크,11,all,2019-09-01,6.89129
슈링크,11,all,2019-10-01,8.46596
슈링크,11,all,2019-11-01,7.24686
슈링크,11,all,2019-12-01,20.19979
슈링크,11,all,2020-01-01,10.61632
슈링크,11,all,2020-02-01,8.46596
슈링크,11,all,2020-03-01,7.48391
슈링크,11,all,2020-04-01,10.447
슈링크,11,all,2020-05-01,10.34541
슈링크,11,all,2020-06-01,7.85641
슈링크,11,all,2020-07-01,8.14426
슈링크,11,all,2020-08-01,7.958
슈링크,11,all,2020-09-01,6.87436
슈링크,11,all,2020-10-01,6.4172
슈링크,11,all,2020-11-01,6.21401
슈링크,11,all,2020-12-01,7.43311
슈링크,11,all,2021-01-01,8.90619
슈링크,11,all,2021-02-01,7.78868
슈링크,11,all,2021-03-01,20.82627
슈링크,11,all,2021-04-01,17.57534
슈링크,11,all,2021-05-01,9.09244
슈링크,11,all,2021-06-01,11.53064
슈링크,11,all,2021-07-01,9.6004
슈링크,11,all,2021-08-01,8.53369
슈링크,11,all,2021-09-01,6.77277
슈링크,11,all,2021-10-01,12.58042
슈링크,11,all,2021-11-01,11.20894
슈링크,11,all,2021-12-01,8.66915
슈링크,11,all,2022-01-01,14.0535
슈링크,11,all,2022-02-01,13.81645
슈링크,11,all,2022-03-01,16.27158
슈링크,11,all,2022-04-01,17.52455
슈링크,11,all,2022-05-01,22.23162
슈링크,11,all,2022-06-01,22.1639
슈링크,11,all,2022-07-01,16.50863
슈링크,11,all,2022-08-01,15.12021
슈링크,11,all,2022-09-01,12.91906
슈링크,11,all,2022-10-01,14.76464
슈링크,11,all,2022-11-01,17.37216
슈링크,11,all,2022-12-01,14.57839
슈링크,11,all,2023-01-01,16.15306
슈링크,11,all,2023-02-01,19.43785
슈링크,11,all,2023-03-01,19.04842
슈링크,11,all,2023-04-01,19.31933
슈링크,11,all,2023-05-01,21.80833
슈링크,11,all,2023-06-01,17.2367
슈링크,11,all,2023-07-01,13.15611
슈링크,11,all,2023-08-01,28.80121
슈링크,11,all,2023-09-01,18.21876
슈링크,11,all,2023-10-01,16.28852
슈링크,11,all,2023-11-01,43.36268
슈링크,11,all,2023-12-01,29.64781
슈링크,11,all,2024-01-01,33.25431
슈링크,11,all,2024-02-01,17.27057
슈링크,11,all,2024-03-01,18.69285
슈링크,11,all,2024-04-01,15.6451
슈링크,11,all,2024-05-01,22.9089
슈링크,11,all,2024-06-01,21.21571
슈링크,11,all,2024-07-01,17.47375
슈링크,11,all,2024-08-01,18.57433
슈링크,11,all,2024-09-01,18.48967
슈링크,11,all,2024-10-01,15.57737
슈링크,11,all,2024-11-01,15.44192
슈링크,11,all,2024-12-01,15.93294
슈링크,11,all,2025-01-01,15.06942
슈링크,11,all,2025-02-01,17.2367
슈링크,11,all,2025-03-01,18.62512
슈링크,11,all,2025-04-01,18.42194
슈링크,11,all,2025-05-01,17.27057
슈링크,11,all,2025-06-01,15.6451
슈링크,11,all,2025-07-01,16.57636
슈링크,11,all,2025-08-01,16.15306
슈링크,11,all,2025-09-01,53.38638
슈링크,11,all,2025-10-01,74.53437
슈링크,11,all,2025-11-01,92.80392
슈링크,11,all,2025-12-01,100.0
슈링크,11,f,2016-01-01,0.27497
슈링크,11,f,2016-02-01,0.29789
슈링크,11,f,2016-03-01,0.7791
슈링크,11,f,2016-04-01,0.73327
슈링크,11,f,2016-05-01,0.34372
슈링크,11,f,2016-06-01,0.4812
슈링크,11,f,2016-07-01,0.27497
슈링크,11,f,2016-08-01,0.50412
슈링크,11,f,2016-09-01,0.45829
슈링크,11,f,2016-10-01,0.7791
슈링크,11,f,2016-11-01,0.84784
슈링크,11,f,2016-12-01,1.3978
슈링크,11,f,2017-01-01,1.5582
슈링크,11,f,2017-02-01,1.07699
슈링크,11,f,2017-03-01,1.48945
슈링크,11,f,2017-04-01,1.19156
슈링크,11,f,2017-05-01,1.26031
슈링크,11,f,2017-06-01,1.12282
슈링크,11,f,2017-07-01,1.30614
슈링크,11,f,2017-08-01,1.03116
슈링크,11,f,2017-09-01,1.00824
슈링크,11,f,2017-10-01,1.16865
슈링크,11,f,2017-11-01,0.98533
슈링크,11,f,2017-12-01,1.60403
슈링크,11,f,2018-01-01,3.27681
슈링크,11,f,2018-02-01,1.90192
슈링크,11,f,2018-03-01,1.78735
슈링크,11,f,2018-04-01,3.98716
슈링크,11,f,2018-05-01,1.92483
슈링크,11,f,2018-06-01,2.01649
슈링크,11,f,2018-07-01,4.39963
슈링크,11,f,2018-08-01,5.61411
슈링크,11,f,2018-09-01,4.26214
슈링크,11,f,2018-10-01,5.22456
슈링크,11,f,2018-11-01,5.82034
슈링크,11,f,2018-12-01,5.24747
슈링크,11,f,2019-01-01,5.1329
슈링크,11,f,2019-02-01,5.47662
슈링크,11,f,2019-03-01,5.79743
슈링크,11,f,2019-04-01,5.31622
슈링크,11,f,2019-05-01,5.63703
슈링크,11,f,2019-06-01,6.11824
슈링크,11,f,2019-07-01,6.78276
슈링크,11,f,2019-08-01,5.70577
슈링크,11,f,2019-09-01,6.20989
슈링크,11,f,2019-10-01,7.74518
슈링크,11,f,2019-11-01,6.50779
슈링크,11,f,2019-12-01,17.59853
슈링크,11,f,2020-01-01,10.40329
슈링크,11,f,2020-02-01,7.42438
슈링크,11,f,2020-03-01,6.55362
슈링크,11,f,2020-04-01,9.3263
슈링크,11,f,2020-05-01,9.05132
슈링크,11,f,2020-06-01,7.56186
슈링크,11,f,2020-07-01,6.57653
슈링크,11,f,2020-08-01,6.75985
슈링크,11,f,2020-09-01,6.71402
슈링크,11,f,2020-10-01,6.09532
슈링크,11,f,2020-11-01,5.72868
슈링크,11,f,2020-12-01,6.48487
슈링크,11,f,2021-01-01,8.31805
슈링크,11,f,2021-02-01,6.80568
슈링크,11,f,2021-03-01,19.79835
슈링크,11,f,2021-04-01,17.62144
슈링크,11,f,2021-05-01,8.20348
슈링크,11,f,2021-06-01,10.44912
슈링크,11,f,2021-07-01,8.98258
슈링크,11,f,2021-08-01,7.90559
슈링크,11,f,2021-09-01,6.48487
슈링크,11,f,2021-10-01,12.51145
슈링크,11,f,2021-11-01,11.04491
슈링크,11,f,2021-12-01,8.22639
슈링크,11,f,2022-01-01,14.52795
슈링크,11,f,2022-02-01,13.65719
슈링크,11,f,2022-03-01,15.83409
슈링크,11,f,2022-04-01,17.0944
슈링크,11,f,2022-05-01,23.12098
슈링크,11,f,2022-06-01,23.02933
슈링크,11,f,2022-07-01,16.45279
슈링크,11,f,2022-08-01,16.36113
슈링크,11,f,2022-09-01,12.30522
슈링크,11,f,2022-10-01,15.19248
슈링크,11,f,2022-11-01,16.7736
슈링크,11,f,2022-12-01,15.12373
슈링크,11,f,2023-01-01,17.36938
슈링크,11,f,2023-02-01,21.03574
슈링크,11,f,2023-03-01,19.89
슈링크,11,f,2023-04-01,19.43171
슈링크,11,f,2023-05-01,21.95233
슈링크,11,f,2023-06-01,16.63611
슈링크,11,f,2023-07-01,14.04674
슈링크,11,f,2023-08-01,26.78735
슈링크,11,f,2023-09-01,18.1714
슈링크,11,f,2023-10-01,16.26947
슈링크,11,f,2023-11-01,28.68927
슈링크,11,f,2023-12-01,23.55637
슈링크,11,f,2024-01-01,31.82859
슈링크,11,f,2024-02-01,17.32355
슈링크,11,f,2024-03-01,19.29422
슈링크,11,f,2024-04-01,16.04032
슈링크,11,f,2024-05-01,21.31072
슈링크,11,f,2024-06-01,19.34005
슈링크,11,f,2024-07-01,17.18606
슈링크,11,f,2024-08-01,19.15673
슈링크,11,f,2024-09-01,18.72135
슈링크,11,f,2024-10-01,16.06324
슈링크,11,f,2024-11-01,15.55912
슈링크,11,f,2024-12-01,16.70485
슈링크,11,f,2025-01-01,16.06324
슈링크,11,f,2025-02-01,17.73602
슈링크,11,f,2025-03-01,19.17965
슈링크,11,f,2025-04-01,19.45462
슈링크,11,f,2025-05-01,18.37763
슈링크,11,f,2025-06-01,16.10907
슈링크,11,f,2025-07-01,16.3153
슈링크,11,f,2025-08-01,16.75068
슈링크,11,f,2025-09-01,53.07057
슈링크,11,f,2025-10-01,72.96058
슈링크,11,f,2025-11-01,92.80476
슈링크,11,f,2025-12-01,100.0
슈링크,11,m,2016-01-01,0.2594
슈링크,11,m,2016-02-01,1.36186
슈링크,11,m,2016-03-01,1.23216
슈링크,11,m,2016-04-01,0.90791
슈링크,11,m,2016-05-01,0.84306
슈링크,11,m,2016-06-01,1.42671
슈링크,11,m,2016-07-01,0.45395
슈링크,11,m,2016-08-01,0.58365
슈링크,11,m,2016-09-01,1.55642
슈링크,11,m,2016-10-01,1.68612
슈링크,11,m,2016-11-01,2.07522
슈링크,11,m,2016-12-01,4.79896
슈링크,11,m,2017-01-01,4.92866
슈링크,11,m,2017-02-01,2.52918
슈링크,11,m,2017-03-01,2.46433
슈링크,11,m,2017-04-01,2.72373
슈링크,11,m,2017-05-01,3.11284
슈링크,11,m,2017-06-01,3.37224
슈링크,11,m,2017-07-01,2.91828
슈링크,11,m,2017-08-01,2.07522
슈링크,11,m,2017-09-01,1.55642
슈링크,11,m,2017-10-01,2.26977
슈링크,11,m,2017-11-01,2.26977
슈링크,11,m,2017-12-01,2.98313
슈링크,11,m,2018-01-01,4.2153
슈링크,11,m,2018-02-01,2.14007
슈링크,11,m,2018-03-01,3.11284
슈링크,11,m,2018-04-01,5.90142
슈링크,11,m,2018-05-01,3.17769
슈링크,11,m,2018-06-01,3.30739
슈링크,11,m,2018-07-01,7.97665
슈링크,11,m,2018-08-01,9.66277
슈링크,11,m,2018-09-01,7.00389
슈링크,11,m,2018-10-01,8.94941
슈링크,11,m,2018-11-01,9.59792
슈링크,11,m,2018-12-01,7.45784
슈링크,11,m,2019-01-01,8.10635
슈링크,11,m,2019-02-01,9.98702
슈링크,11,m,2019-03-01,6.87418
슈링크,11,m,2019-04-01,9.01426
슈링크,11,m,2019-05-01,9.59792
슈링크,11,m,2019-06-01,9.98702
슈링크,11,m,2019-07-01,10.76523
슈링크,11,m,2019-08-01,9.40337
슈링크,11,m,2019-09-01,8.81971
슈링크,11,m,2019-10-01,10.50583
슈링크,11,m,2019-11-01,9.33852
슈링크,11,m,2019-12-01,27.5616
슈링크,11,m,2020-01-01,11.21919
슈링크,11,m,2020-02-01,11.41374
슈링크,11,m,2020-03-01,10.11673
슈링크,11,m,2020-04-01,13.61867
슈링크,11,m,2020-05-01,14.00778
슈링크,11,m,2020-06-01,8.69001
슈링크,11,m,2020-07-01,12.58106
슈링크,11,m,2020-08-01,11.34889
슈링크,11,m,2020-09-01,7.32814
슈링크,11,m,2020-10-01,7.32814
슈링크,11,m,2020-11-01,7.58754
슈링크,11,m,2020-12-01,10.11673
슈링크,11,m,2021-01-01,10.57068
슈링크,11,m,2021-02-01,10.57068
슈링크,11,m,2021-03-01,23.7354
슈링크,11,m,2021-04-01,17.44487
슈링크,11,m,2021-05-01,11.6083
슈링크,11,m,2021-06-01,14.59143
슈링크,11,m,2021-07-01,11.34889
슈링크,11,m,2021-08-01,10.31128
슈링크,11,m,2021-09-01,7.58754
슈링크,11,m,2021-10-01,12.77561
슈링크,11,m,2021-11-01,11.67315
슈링크,11,m,2021-12-01,9.92217
슈링크,11,m,2022-01-01,12.71076
슈링크,11,m,2022-02-01,14.26718
슈링크,11,m,2022-03-01,17.50972
슈링크,11,m,2022-04-01,18.74189
슈링크,11,m,2022-05-01,19.71465
슈링크,11,m,2022-06-01,19.71465
슈링크,11,m,2022-07-01,16.66666
슈링크,11,m,2022-08-01,11.6083
슈링크,11,m,2022-09-01,14.65629
슈링크,11,m,2022-10-01,13.55382
슈링크,11,m,2022-11-01,19.06614
슈링크,11,m,2022-12-01,13.03501
슈링크,11,m,2023-01-01,12.71076
슈링크,11,m,2023-02-01,14.91569
슈링크,11,m,2023-03-01,16.66666
슈링크,11,m,2023-04-01,19.00129
슈링크,11,m,2023-05-01,21.40077
슈링크,11,m,2023-06-01,18.93644
슈링크,11,m,2023-07-01,10.63553
슈링크,11,m,2023-08-01,34.50064
슈링크,11,m,2023-09-01,18.35278
슈링크,11,m,2023-10-01,16.34241
슈링크,11,m,2023-11-01,84.88975
슈링크,11,m,2023-12-01,46.88715
슈링크,11,m,2024-01-01,37.28923
슈링크,11,m,2024-02-01,17.12062
슈링크,11,m,2024-03-01,16.99092
슈링크,11,m,2024-04-01,14.52658
슈링크,11,m,2024-05-01,27.4319
슈링크,11,m,2024-06-01,26.52399
슈링크,11,m,2024-07-01,18.28793
슈링크,11,m,2024-08-01,16.92607
슈링크,11,m,2024-09-01,17.83398
슈링크,11,m,2024-10-01,14.20233
슈링크,11,m,2024-11-01,15.11024
슈링크,11,m,2024-12-01,13.74837
슈링크,11,m,2025-01-01,12.2568
슈링크,11,m,2025-02-01,15.8236
슈링크,11,m,2025-03-01,17.05577
슈링크,11,m,2025-04-01,15.49935
슈링크,11,m,2025-05-01,14.13748
슈링크,11,m,2025-06-01,14.33203
슈링크,11,m,2025-07-01,17.31517
슈링크,11,m,2025-08-01,14.46173
슈링크,11,m,2025-09-01,54.28015
슈링크,11,m,2025-10-01,78.98832
슈링크,11,m,2025-11-01,92.80155
슈링크,11,m,2025-12-01,100.0
써마지,all,all,2016-01-01,34.44169
써마지,all,all,2016-02-01,38.74903
써마지,all,all,2016-03-01,59.76297
써마지,all,all,2016-04-01,65.18087
써마지,all,all,2016-05-01,66.76699
써마지,all,all,2016-06-01,40.77767
써마지,all,all,2016-07-01,22.90011
써마지,all,all,2016-08-01,19.3731
써마지,all,all,2016-09-01,17.48976
써마지,all,all,2016-10-01,21.47157
써마지,all,all,2016-11-01,29.06342
써마지,all,all,2016-12-01,25.7053
써마지,all,all,2017-01-01,19.2693
써마지,all,all,2017-02-01,16.82455
써마지,all,all,2017-03-01,18.94472
써마지,all,all,2017-04-01,14.65626
써마지,all,all,2017-05-01,11.99071
써마지,all,all,2017-06-01,6.88418
써마지,all,all,2017-07-01,12.13036
써마지,all,all,2017-08-01,12.3436
써마지,all,all,2017-09-01,19.31082
써마지,all,all,2017-10-01,13.02674
써마지,all,all,2017-11-01,10.46309
써마지,all,all,2017-12-01,9.52897
써마지,all,all,2018-01-01,10.7037
써마지,all,all,2018-02-01,8.20988
써마지,all,all,2018-03-01,9.66107
써마지,all,all,2018-04-01,8.26555
써마지,all,all,2018-05-01,7.20971
써마지,all,all,2018-06-01,6.31427
써마지,all,all,2018-07-01,6.39919
써마지,all,all,2018-08-01,6.04253
써마지,all,all,2018-09-01,6.76813
써마지,all,all,2018-10-01,9.93848
써마지,all,all,2018-11-01,13.67779
써마지,all,all,2018-12-01,14.32224
써마지,all,all,2019-01-01,17.78981
써마지,all,all,2019-02-01,22.35096
써마지,all,all,2019-03-01,22.76613
써마지,all,all,2019-04-01,17.35294
써마지,all,all,2019-05-01,18.03419
써마지,all,all,2019-06-01,17.08025
써마지,all,all,2019-07-01,19.49953
써마지,all,all,2019-08-01,17.18216
써마지,all,all,2019-09-01,16.4509
써마지,all,all,2019-10-01,19.15136
써마지,all,all,2019-11-01,21.70179
써마지,all,all,2019-12-01,20.67143
써마지,all,all,2020-01-01,19.19476
써마지,all,all,2020-02-01,18.69279
써마지,all,all,2020-03-01,14.63267
써마지,all,all,2020-04-01,30.37402
써마지,all,all,2020-05-01,21.12434
써마지,all,all,2020-06-01,16.97741
써마지,all,all,2020-07-01,19.19193
써마지,all,all,2020-08-01,28.44728
써마지,all,all,2020-09-01,16.11122
써마지,all,all,2020-10-01,16.7151
써마지,all,all,2020-11-01,14.55247
써마지,all,all,2020-12-01,15.63001
써마지,all,all,2021-01-01,17.09535
써마지,all,all,2021-02-01,17.86435
써마지,all,all,2021-03-01,16.65094
써마지,all,all,2021-04-01,16.98024
써마지,all,all,2021-05-01,15.89986
써마지,all,all,2021-06-01,15.931
써마지,all,all,2021-07-01,14.96857
써마지,all,all,2021-08-01,13.70232
써마지,all,all,2021-09-01,17.25292
써마지,all,all,2021-10-01,17.56524
써마지,all,all,2021-11-01,17.01798
써마지,all,all,2021-12-01,19.63352
써마지,all,all,2022-01-01,21.50836
써마지,all,all,2022-02-01,18.87584
써마지,all,all,2022-03-01,17.82661
써마지,all,all,2022-04-01,19.98924
써마지,all,all,2022-05-01,20.82995
써마지,all,all,2022-06-01,21.69613
써마지,all,all,2022-07-01,17.73791
써마지,all,all,2022-08-01,18.15874
써마지,all,all,2022-09-01,18.11817
써마지,all,all,2022-10-01,21.2036
써마지,all,all,2022-11-01,19.97225
써마지,all,all,2022-12-01,21.6565
써마지,all,all,2023-01-01,26.21671
써마지,all,all,2023-02-01,24.5117
써마지,all,all,2023-03-01,25.64209
써마지,all,all,2023-04-01,27.58204
써마지,all,all,2023-05-01,23.19544
써마지,all,all,2023-06-01,22.13772
써마지,all,all,2023-07-01,25.31467
써마지,all,all,2023-08-01,33.28584
써마지,all,all,2023-09-01,27.58864
써마지,all,all,2023-10-01,31.85824
써마지,all,all,2023-11-01,49.96791
써마지,all,all,2023-12-01,100.0
써마지,all,all,2024-01-01,54.13183
써마지,all,all,2024-02-01,52.591
써마지,all,all,2024-03-01,41.76086
써마지,all,all,2024-04-01,37.4422
써마지,all,all,2024-05-01,38.34141
써마지,all,all,2024-06-01,31.48647
써마지,all,all,2024-07-01,39.31327
써마지,all,all,2024-08-01,53.08731
써마지,all,all,2024-09-01,47.32879
써마지,all,all,2024-10-01,37.41673
써마지,all,all,2024-11-01,39.60766
써마지,all,all,2024-12-01,64.56851
써마지,all,all,2025-01-01,73.81913
써마지,all,all,2025-02-01,87.71395
써마지,all,all,2025-03-01,61.42929
써마지,all,all,2025-04-01,63.15978
써마지,all,all,2025-05-01,54.35168
써마지,all,all,2025-06-01,43.01296
써마지,all,all,2025-07-01,43.6508
써마지,all,all,2025-08-01,41.40231
써마지,all,all,2025-09-01,37.84982
써마지,all,all,2025-10-01,34.09918
써마지,all,all,2025-11-01,36.79115
써마지,all,all,2025-12-01,36.21747
써마지,all,f,2016-01-01,5.01456
써마지,all,f,2016-02-01,4.31636
써마지,all,f,2016-03-01,5.8457
써마지,all,f,2016-04-01,5.40874
써마지,all,f,2016-05-01,9.62223
써마지,all,f,2016-06-01,8.19577
써마지,all,f,2016-07-01,10.92731
써마지,all,f,2016-08-01,9.05465
써마지,all,f,2016-09-01,7.39469
써마지,all,f,2016-10-01,7.31377
써마지,all,f,2016-11-01,8.20733
써마지,all,f,2016-12-01,7.93799
써마지,all,f,2017-01-01,6.36357
써마지,all,f,2017-02-01,7.99232
써마지,all,f,2017-03-01,6.93924
써마지,all,f,2017-04-01,6.08036
써마지,all,f,2017-05-01,4.80071
써마지,all,f,2017-06-01,5.00069
써마지,all,f,2017-07-01,5.54746
써마지,all,f,2017-08-01,5.6226
써마지,all,f,2017-09-01,6.03296
써마지,all,f,2017-10-01,5.81795
써마지,all,f,2017-11-01,6.26878
써마지,all,f,2017-12-01,5.20298
써마지,all,f,2018-01-01,8.01313
써마지,all,f,2018-02-01,6.23872
써마지,all,f,2018-03-01,7.19355
써마지,all,f,2018-04-01,6.38553
써마지,all,f,2018-05-01,5.83761
써마지,all,f,2018-06-01,4.38572
써마지,all,f,2018-07-01,4.73944
써마지,all,f,2018-08-01,4.98219
써마지,all,f,2018-09-01,5.36713
써마지,all,f,2018-10-01,7.39122
써마지,all,f,2018-11-01,10.76201
써마지,all,f,2018-12-01,10.63947
써마지,all,f,2019-01-01,9.99907
써마지,all,f,2019-02-01,14.71193
써마지,all,f,2019-03-01,14.92231
써마지,all,f,2019-04-01,11.50529
써마지,all,f,2019-05-01,12.35492
써마지,all,f,2019-06-01,10.61751
써마지,all,f,2019-07-01,11.89485
써마지,all,f,2019-08-01,11.37929
써마지,all,f,2019-09-01,10.25685
써마지,all,f,2019-10-01,13.01844
써마지,all,f,2019-11-01,14.93387
써마지,all,f,2019-12-01,15.41822
써마지,all,f,2020-01-01,14.58709
써마지,all,f,2020-02-01,12.76413
써마지,all,f,2020-03-01,11.27294
써마지,all,f,2020-04-01,29.26896
써마지,all,f,2020-05-01,19.90914
써마지,all,f,2020-06-01,15.76617
써마지,all,f,2020-07-01,17.57062
써마지,all,f,2020-08-01,19.60743
써마지,all,f,2020-09-01,14.38595
써마지,all,f,2020-10-01,14.07384
써마지,all,f,2020-11-01,12.84274
써마지,all,f,2020-12-01,13.9883
써마지,all,f,2021-01-01,15.71762
써마지,all,f,2021-02-01,15.73264
써마지,all,f,2021-03-01,15.1038
써마지,all,f,2021-04-01,15.75808
써마지,all,f,2021-05-01,15.05987
써마지,all,f,2021-06-01,14.19059
써마지,all,f,2021-07-01,13.20224
써마지,all,f,2021-08-01,12.12489
써마지,all,f,2021-09-01,12.21736
써마지,all,f,2021-10-01,14.11314
써마지,all,f,2021-11-01,14.5998
써마지,all,f,2021-12-01,17.64461
써마지,all,f,2022-01-01,19.72071
써마지,all,f,2022-02-01,16.65741
써마지,all,f,2022-03-01,16.04129
써마지,all,f,2022-04-01,18.3902
써마지,all,f,2022-05-01,19.18435
써마지,all,f,2022-06-01,21.01424
써마지,all,f,2022-07-01,16.37189
써마지,all,f,2022-08-01,17.1198
써마지,all,f,2022-09-01,17.28626
써마지,all,f,2022-10-01,18.84796
써마지,all,f,2022-11-01,18.67457
써마지,all,f,2022-12-01,20.06404
써마지,all,f,2023-01-01,24.99884
써마지,all,f,2023-02-01,23.44407
써마지,all,f,2023-03-01,24.36768
써마지,all,f,2023-04-01,25.99297
써마지,all,f,2023-05-01,21.38992
써마지,all,f,2023-06-01,19.98543
써마지,all,f,2023-07-01,23.73075
써마지,all,f,2023-08-01,31.54852
써마지,all,f,2023-09-01,25.73403
써마지,all,f,2023-10-01,29.1603
써마지,all,f,2023-11-01,48.0048
써마지,all,f,2023-12-01,100.0
써마지,all,f,2024-01-01,50.62653
써마지,all,f,2024-02-01,45.81079
써마지,all,f,2024-03-01,36.60123
써마지,all,f,2024-04-01,33.27437
써마지,all,f,2024-05-01,34.97248
써마지,all,f,2024-06-01,27.95001
써마지,all,f,2024-07-01,34.27428
써마지,all,f,2024-08-01,48.6926
써마지,all,f,2024-09-01,41.42622
써마지,all,f,2024-10-01,32.89522
써마지,all,f,2024-11-01,35.57936
써마지,all,f,2024-12-01,60.7909
써마지,all,f,2025-01-01,68.81675
써마지,all,f,2025-02-01,77.88875
써마지,all,f,2025-03-01,52.483
써마지,all,f,2025-04-01,53.12919
써마지,all,f,2025-05-01,45.91829
써마지,all,f,2025-06-01,35.51579
써마지,all,f,2025-07-01,37.66241
써마지,all,f,2025-08-01,34.88347
써마지,all,f,2025-09-01,32.30452
써마지,all,f,2025-10-01,30.03768
써마지,all,f,2025-11-01,31.78781
써마지,all,f,2025-12-01,30.7197
써마지,all,m,2016-01-01,15.42816
써마지,all,m,2016-02-01,13.27469
써마지,all,m,2016-03-01,20.04852
써마지,all,m,2016-04-01,14.55868
써마지,all,m,2016-05-01,63.19886
써마지,all,m,2016-06-01,25.6698
써마지,all,m,2016-07-01,28.31867
써마지,all,m,2016-08-01,20.4226
써마지,all,m,2016-09-01,17.23789
써마지,all,m,2016-10-01,17.95571
써마지,all,m,2016-11-01,18.48144
써마지,all,m,2016-12-01,17.01546
써마지,all,m,2017-01-01,11.42452
써마지,all,m,2017-02-01,12.37488
써마지,all,m,2017-03-01,12.3951
써마지,all,m,2017-04-01,10.34273
써마지,all,m,2017-05-01,10.89879
써마지,all,m,2017-06-01,9.86755
써마지,all,m,2017-07-01,11.08078
써마지,all,m,2017-08-01,10.65615
써마지,all,m,2017-09-01,13.10282
써마지,all,m,2017-10-01,10.35284
써마지,all,m,2017-11-01,20.34172
써마지,all,m,2017-12-01,13.05226
써마지,all,m,2018-01-01,14.42725
써마지,all,m,2018-02-01,8.9273
써마지,all,m,2018-03-01,9.96865
써마지,all,m,2018-04-01,8.17915
써마지,all,m,2018-05-01,8.99807
써마지,all,m,2018-06-01,7.50176
써마지,all,m,2018-07-01,8.0376
써마지,all,m,2018-08-01,7.12769
써마지,all,m,2018-09-01,8.48245
써마지,all,m,2018-10-01,12.37488
써마지,all,m,2018-11-01,18.95662
써마지,all,m,2018-12-01,19.0375
써마지,all,m,2019-01-01,33.06035
써마지,all,m,2019-02-01,36.32595
써마지,all,m,2019-03-01,39.50055
써마지,all,m,2019-04-01,27.90415
써마지,all,m,2019-05-01,26.21575
써마지,all,m,2019-06-01,26.31685
써마지,all,m,2019-07-01,26.88302
써마지,all,m,2019-08-01,35.54746
써마지,all,m,2019-09-01,20.15974
써마지,all,m,2019-10-01,18.56232
써마지,all,m,2019-11-01,22.34354
써마지,all,m,2019-12-01,25.04296
써마지,all,m,2020-01-01,20.78657
써마지,all,m,2020-02-01,25.86189
써마지,all,m,2020-03-01,15.7618
써마지,all,m,2020-04-01,28.86462
써마지,all,m,2020-05-01,25.74057
써마지,all,m,2020-06-01,21.48417
써마지,all,m,2020-07-01,25.13396
써마지,all,m,2020-08-01,92.09382
써마지,all,m,2020-09-01,24.45657
써마지,all,m,2020-10-01,24.54756
써마지,all,m,2020-11-01,21.18087
써마지,all,m,2020-12-01,23.8904
써마지,all,m,2021-01-01,22.76817
써마지,all,m,2021-02-01,19.67445
써마지,all,m,2021-03-01,23.28379
써마지,all,m,2021-04-01,21.00899
써마지,all,m,2021-05-01,19.47224
써마지,all,m,2021-06-01,25.96299
써마지,all,m,2021-07-01,24.74977
써마지,all,m,2021-08-01,19.06783
써마지,all,m,2021-09-01,18.14781
써마지,all,m,2021-10-01,20.62481
써마지,all,m,2021-11-01,22.7985
써마지,all,m,2021-12-01,31.72581
써마지,all,m,2022-01-01,26.21575
써마지,all,m,2022-02-01,28.01536
써마지,all,m,2022-03-01,23.98139
써마지,all,m,2022-04-01,27.19644
써마지,all,m,2022-05-01,28.59164
써마지,all,m,2022-06-01,24.71944
써마지,all,m,2022-07-01,24.05216
써마지,all,m,2022-08-01,22.98048
써마지,all,m,2022-09-01,21.09998
써마지,all,m,2022-10-01,34.28369
써마지,all,m,2022-11-01,25.50803
써마지,all,m,2022-12-01,29.72399
써마지,all,m,2023-01-01,32.30209
써마지,all,m,2023-02-01,30.2295
써마지,all,m,2023-03-01,30.68446
써마지,all,m,2023-04-01,33.93994
써마지,all,m,2023-05-01,30.73501
써마지,all,m,2023-06-01,31.55393
써마지,all,m,2023-07-01,31.92801
써마지,all,m,2023-08-01,39.23769
써마지,all,m,2023-09-01,34.38479
써마지,all,m,2023-10-01,44.47477
써마지,all,m,2023-11-01,58.53806
써마지,all,m,2023-12-01,78.53604
써마지,all,m,2024-01-01,54.88828
써마지,all,m,2024-02-01,50.83409
써마지,all,m,2024-03-01,48.25599
써마지,all,m,2024-04-01,45.9913
써마지,all,m,2024-05-01,50.37913
써마지,all,m,2024-06-01,44.02992
써마지,all,m,2024-07-01,61.5509
써마지,all,m,2024-08-01,57.17318
써마지,all,m,2024-09-01,57.24395
써마지,all,m,2024-10-01,49.90395
써마지,all,m,2024-11-01,55.37357
써마지,all,m,2024-12-01,69.71994
써마지,all,m,2025-01-01,77.26215
써마지,all,m,2025-02-01,100.0
써마지,all,m,2025-03-01,82.05439
써마지,all,m,2025-04-01,98.12961
써마지,all,m,2025-05-01,75.95794
써마지,all,m,2025-06-01,67.77878
써마지,all,m,2025-07-01,69.083
써마지,all,m,2025-08-01,58.22464
써마지,all,m,2025-09-01,54.42321
써마지,all,m,2025-10-01,50.88464
써마지,all,m,2025-11-01,54.14012
써마지,all,m,2025-12-01,56.64745
써마지,3,all,2016-01-01,10.96133
써마지,3,all,2016-02-01,10.9968
써마지,3,all,2016-03-01,19.08478
써마지,3,all,2016-04-01,13.0188
써마지,3,all,2016-05-01,67.39978
써마지,3,all,2016-06-01,26.74707
써마지,3,all,2016-07-01,17.06278
써마지,3,all,2016-08-01,13.51543
써마지,3,all,2016-09-01,10.53565
써마지,3,all,2016-10-01,15.92763
써마지,3,all,2016-11-01,30.15253
써마지,3,all,2016-12-01,41.43313
써마지,3,all,2017-01-01,10.89038
써마지,3,all,2017-02-01,11.45796
써마지,3,all,2017-03-01,9.22312
써마지,3,all,2017-04-01,10.42923
써마지,3,all,2017-05-01,11.91912
써마지,3,all,2017-06-01,10.71301
써마지,3,all,2017-07-01,11.1387
써마지,3,all,2017-08-01,12.77048
써마지,3,all,2017-09-01,16.6371
써마지,3,all,2017-10-01,14.04753
써마지,3,all,2017-11-01,20.2554
써마지,3,all,2017-12-01,19.01383
써마지,3,all,2018-01-01,28.16601
써마지,3,all,2018-02-01,13.83469
써마지,3,all,2018-03-01,12.27385
써마지,3,all,2018-04-01,9.86165
써마지,3,all,2018-05-01,11.35154
써마지,3,all,2018-06-01,7.13018
써마지,3,all,2018-07-01,9.29407
써마지,3,all,2018-08-01,10.07449
써마지,3,all,2018-09-01,9.2586
써마지,3,all,2018-10-01,13.65732
써마지,3,all,2018-11-01,20.75203
써마지,3,all,2018-12-01,19.40404
써마지,3,all,2019-01-01,18.26888
써마지,3,all,2019-02-01,37.67293
써마지,3,all,2019-03-01,39.62398
써마지,3,all,2019-04-01,28.91096
써마지,3,all,2019-05-01,29.30117
써마지,3,all,2019-06-01,20.2554
써마지,3,all,2019-07-01,23.62539
써마지,3,all,2019-08-01,43.59702
써마지,3,all,2019-09-01,23.58992
써마지,3,all,2019-10-01,23.12876
써마지,3,all,2019-11-01,24.37034
써마지,3,all,2019-12-01,32.77758
써마지,3,all,2020-01-01,19.7233
써마지,3,all,2020-02-01,20.46825
써마지,3,all,2020-03-01,15.21816
써마지,3,all,2020-04-01,49.84036
써마지,3,all,2020-05-01,26.99538
써마지,3,all,2020-06-01,22.31287
써마지,3,all,2020-07-01,24.90244
써마지,3,all,2020-08-01,57.21887
써마지,3,all,2020-09-01,27.03086
써마지,3,all,2020-10-01,22.49024
써마지,3,all,2020-11-01,23.02234
써마지,3,all,2020-12-01,26.49875
써마지,3,all,2021-01-01,18.26888
써마지,3,all,2021-02-01,19.61688
써마지,3,all,2021-03-01,17.41752
써마지,3,all,2021-04-01,19.54593
써마지,3,all,2021-05-01,17.77225
써마지,3,all,2021-06-01,24.33487
써마지,3,all,2021-07-01,20.32635
써마지,3,all,2021-08-01,19.65235
써마지,3,all,2021-09-01,17.87868
써마지,3,all,2021-10-01,20.82298
써마지,3,all,2021-11-01,19.01383
써마지,3,all,2021-12-01,28.66264
써마지,3,all,2022-01-01,17.59489
써마지,3,all,2022-02-01,19.08478
써마지,3,all,2022-03-01,15.82121
써마지,3,all,2022-04-01,16.03405
써마지,3,all,2022-05-01,16.06952
써마지,3,all,2022-06-01,20.3973
써마지,3,all,2022-07-01,16.35331
써마지,3,all,2022-08-01,18.09152
써마지,3,all,2022-09-01,16.92089
써마지,3,all,2022-10-01,23.55445
써마지,3,all,2022-11-01,19.65235
써마지,3,all,2022-12-01,22.88045
써마지,3,all,2023-01-01,18.23341
써마지,3,all,2023-02-01,19.43951
써마지,3,all,2023-03-01,17.73678
써마지,3,all,2023-04-01,19.93614
써마지,3,all,2023-05-01,19.43951
써마지,3,all,2023-06-01,18.62362
써마지,3,all,2023-07-01,26.67612
써마지,3,all,2023-08-01,30.01064
써마지,3,all,2023-09-01,26.81802
써마지,3,all,2023-10-01,56.86413
써마지,3,all,2023-11-01,81.51826
써마지,3,all,2023-12-01,59.63107
써마지,3,all,2024-01-01,52.64278
써마지,3,all,2024-02-01,39.69492
써마지,3,all,2024-03-01,39.41113
써마지,3,all,2024-04-01,40.19155
써마지,3,all,2024-05-01,47.1089
써마지,3,all,2024-06-01,37.49556
써마지,3,all,2024-07-01,57.53813
써마지,3,all,2024-08-01,65.83894
써마지,3,all,2024-09-01,54.77119
써마지,3,all,2024-10-01,43.41965
써마지,3,all,2024-11-01,44.09365
써마지,3,all,2024-12-01,73.60766
써마지,3,all,2025-01-01,100.0
써마지,3,all,2025-02-01,88.08087
써마지,3,all,2025-03-01,70.48598
써마지,3,all,2025-04-01,69.20893
써마지,3,all,2025-05-01,53.91982
써마지,3,all,2025-06-01,54.73572
써마지,3,all,2025-07-01,73.99787
써마지,3,all,2025-08-01,58.7797
써마지,3,all,2025-09-01,63.00106
써마지,3,all,2025-10-01,56.86413
써마지,3,all,2025-11-01,49.48563
써마지,3,all,2025-12-01,45.83185
써마지,3,f,2016-01-01,9.29308
써마지,3,f,2016-02-01,7.90309
써마지,3,f,2016-03-01,10.7625
써마지,3,f,2016-04-01,10.72279
써마지,3,f,2016-05-01,28.23669
써마지,3,f,2016-06-01,19.10246
써마지,3,f,2016-07-01,14.05877
써마지,3,f,2016-08-01,11.5965
써마지,3,f,2016-09-01,9.53137
써마지,3,f,2016-10-01,10.24622
써마지,3,f,2016-11-01,26.80698
써마지,3,f,2016-12-01,41.66004
써마지,3,f,2017-01-01,9.0548
써마지,3,f,2017-02-01,11.19936
써마지,3,f,2017-03-01,8.14138
써마지,3,f,2017-04-01,9.29308
써마지,3,f,2017-05-01,10.12708
써마지,3,f,2017-06-01,8.30023
써마지,3,f,2017-07-01,9.80937
써마지,3,f,2017-08-01,11.91421
써마지,3,f,2017-09-01,15.68705
써마지,3,f,2017-10-01,13.42335
써마지,3,f,2017-11-01,18.90389
써마지,3,f,2017-12-01,18.22875
써마지,3,f,2018-01-01,27.95869
써마지,3,f,2018-02-01,12.74821
써마지,3,f,2018-03-01,9.96822
써마지,3,f,2018-04-01,8.57823
써마지,3,f,2018-05-01,9.76965
써마지,3,f,2018-06-01,6.55281
써마지,3,f,2018-07-01,8.89594
써마지,3,f,2018-08-01,9.92851
써마지,3,f,2018-09-01,8.30023
써마지,3,f,2018-10-01,12.78792
써마지,3,f,2018-11-01,18.30818
써마지,3,f,2018-12-01,19.18189
써마지,3,f,2019-01-01,11.51707
써마지,3,f,2019-02-01,25.73471
써마지,3,f,2019-03-01,30.8181
써마지,3,f,2019-04-01,21.28673
써마지,3,f,2019-05-01,20.73073
써마지,3,f,2019-06-01,17.71247
써마지,3,f,2019-07-01,19.06274
써마지,3,f,2019-08-01,21.88244
써마지,3,f,2019-09-01,16.16362
써마지,3,f,2019-10-01,20.25416
써마지,3,f,2019-11-01,21.40587
써마지,3,f,2019-12-01,29.03097
써마지,3,f,2020-01-01,17.47418
써마지,3,f,2020-02-01,16.36219
써마지,3,f,2020-03-01,14.73391
써마지,3,f,2020-04-01,49.68228
써마지,3,f,2020-05-01,24.14614
써마지,3,f,2020-06-01,21.2073
써마지,3,f,2020-07-01,23.51072
써마지,3,f,2020-08-01,31.01667
써마지,3,f,2020-09-01,22.23987
써마지,3,f,2020-10-01,20.21445
써마지,3,f,2020-11-01,21.56473
써마지,3,f,2020-12-01,25.09928
써마지,3,f,2021-01-01,16.87847
써마지,3,f,2021-02-01,19.85702
써마지,3,f,2021-03-01,16.36219
써마지,3,f,2021-04-01,19.10246
써마지,3,f,2021-05-01,16.87847
써마지,3,f,2021-06-01,18.62589
써마지,3,f,2021-07-01,16.28276
써마지,3,f,2021-08-01,17.43447
써마지,3,f,2021-09-01,16.60047
써마지,3,f,2021-10-01,18.6656
써마지,3,f,2021-11-01,16.08419
써마지,3,f,2021-12-01,19.65845
써마지,3,f,2022-01-01,16.08419
써마지,3,f,2022-02-01,14.49563
써마지,3,f,2022-03-01,13.26449
써마지,3,f,2022-04-01,13.3042
써마지,3,f,2022-05-01,13.8602
써마지,3,f,2022-06-01,18.10961
써마지,3,f,2022-07-01,14.45591
써마지,3,f,2022-08-01,16.1239
써마지,3,f,2022-09-01,16.00476
써마지,3,f,2022-10-01,16.4019
써마지,3,f,2022-11-01,18.58617
써마지,3,f,2022-12-01,18.58617
써마지,3,f,2023-01-01,15.72676
써마지,3,f,2023-02-01,17.55361
써마지,3,f,2023-03-01,16.79904
써마지,3,f,2023-04-01,18.70532
써마지,3,f,2023-05-01,17.87132
써마지,3,f,2023-06-01,16.91818
써마지,3,f,2023-07-01,24.027
써마지,3,f,2023-08-01,28.59412
써마지,3,f,2023-09-01,25.57585
써마지,3,f,2023-10-01,25.85385
써마지,3,f,2023-11-01,46.38602
써마지,3,f,2023-12-01,56.11596
써마지,3,f,2024-01-01,49.12629
써마지,3,f,2024-02-01,36.13979
써마지,3,f,2024-03-01,36.65607
써마지,3,f,2024-04-01,38.60206
써마지,3,f,2024-05-01,45.11517
써마지,3,f,2024-06-01,36.37807
써마지,3,f,2024-07-01,49.88085
써마지,3,f,2024-08-01,67.55361
써마지,3,f,2024-09-01,53.49483
써마지,3,f,2024-10-01,40.86576
써마지,3,f,2024-11-01,43.76489
써마지,3,f,2024-12-01,73.19301
써마지,3,f,2025-01-01,100.0
써마지,3,f,2025-02-01,87.68864
써마지,3,f,2025-03-01,69.18189
써마지,3,f,2025-04-01,66.20333
써마지,3,f,2025-05-01,53.17712
써마지,3,f,2025-06-01,52.30341
써마지,3,f,2025-07-01,72.47815
써마지,3,f,2025-08-01,57.74424
써마지,3,f,2025-09-01,62.35107
써마지,3,f,2025-10-01,53.49483
써마지,3,f,2025-11-01,48.41143
써마지,3,f,2025-12-01,45.51231
써마지,3,m,2016-01-01,6.30782
써마지,3,m,2016-02-01,9.33557
써마지,3,m,2016-03-01,22.45584
써마지,3,m,2016-04-01,8.15811
써마지,3,m,2016-05-01,100.0
써마지,3,m,2016-06-01,22.96047
써마지,3,m,2016-07-01,10.68124
써마지,3,m,2016-08-01,7.48528
써마지,3,m,2016-09-01,4.79394
써마지,3,m,2016-10-01,16.06391
써마지,3,m,2016-11-01,14.71825
써마지,3,m,2016-12-01,10.00841
써마지,3,m,2017-01-01,6.64423
써마지,3,m,2017-02-01,3.44827
써마지,3,m,2017-03-01,4.62573
써마지,3,m,2017-04-01,5.04625
써마지,3,m,2017-05-01,6.81244
써마지,3,m,2017-06-01,7.82169
써마지,3,m,2017-07-01,5.63498
써마지,3,m,2017-08-01,5.04625
써마지,3,m,2017-09-01,6.22371
써마지,3,m,2017-10-01,4.87804
써마지,3,m,2017-11-01,7.9899
써마지,3,m,2017-12-01,6.47603
써마지,3,m,2018-01-01,7.56938
써마지,3,m,2018-02-01,5.80319
써마지,3,m,2018-03-01,7.9899
써마지,3,m,2018-04-01,5.21446
써마지,3,m,2018-05-01,6.22371
써마지,3,m,2018-06-01,3.02775
써마지,3,m,2018-07-01,3.19596
써마지,3,m,2018-08-01,2.85954
써마지,3,m,2018-09-01,4.37342
써마지,3,m,2018-10-01,5.29857
써마지,3,m,2018-11-01,10.42893
써마지,3,m,2018-12-01,5.38267
써마지,3,m,2019-01-01,18.92346
써마지,3,m,2019-02-01,34.81917
써마지,3,m,2019-03-01,28.67956
써마지,3,m,2019-04-01,23.46509
써마지,3,m,2019-05-01,25.5677
써마지,3,m,2019-06-01,10.51303
써마지,3,m,2019-07-01,15.64339
써마지,3,m,2019-08-01,57.0227
써마지,3,m,2019-09-01,21.6989
써마지,3,m,2019-10-01,11.9428
써마지,3,m,2019-11-01,12.44743
써마지,3,m,2019-12-01,16.23212
써마지,3,m,2020-01-01,9.75609
써마지,3,m,2020-02-01,13.8772
써마지,3,m,2020-03-01,4.87804
써마지,3,m,2020-04-01,12.95206
써마지,3,m,2020-05-01,12.86795
써마지,3,m,2020-06-01,7.9899
써마지,3,m,2020-07-01,9.25147
써마지,3,m,2020-08-01,69.97476
써마지,3,m,2020-09-01,16.98906
써마지,3,m,2020-10-01,10.51303
써마지,3,m,2020-11-01,8.91505
써마지,3,m,2020-12-01,9.67199
써마지,3,m,2021-01-01,7.56938
써마지,3,m,2021-02-01,4.45752
써마지,3,m,2021-03-01,6.64423
써마지,3,m,2021-04-01,5.8873
써마지,3,m,2021-05-01,6.39192
써마지,3,m,2021-06-01,18.25063
써마지,3,m,2021-07-01,13.70899
써마지,3,m,2021-08-01,9.67199
써마지,3,m,2021-09-01,7.23296
써마지,3,m,2021-10-01,9.8402
써마지,3,m,2021-11-01,11.01766
써마지,3,m,2021-12-01,26.32464
써마지,3,m,2022-01-01,7.65349
써마지,3,m,2022-02-01,14.55004
써마지,3,m,2022-03-01,9.41968
써마지,3,m,2022-04-01,9.8402
써마지,3,m,2022-05-01,8.74684
써마지,3,m,2022-06-01,10.00841
써마지,3,m,2022-07-01,8.15811
써마지,3,m,2022-08-01,8.74684
써마지,3,m,2022-09-01,6.22371
써마지,3,m,2022-10-01,21.11017
써마지,3,m,2022-11-01,7.23296
써마지,3,m,2022-12-01,14.88645
써마지,3,m,2023-01-01,9.9243
써마지,3,m,2023-02-01,8.91505
써마지,3,m,2023-03-01,6.47603
써마지,3,m,2023-04-01,7.65349
써마지,3,m,2023-05-01,8.24222
써마지,3,m,2023-06-01,8.32632
써마지,3,m,2023-07-01,12.36333
써마지,3,m,2023-08-01,10.59714
써마지,3,m,2023-09-01,9.41968
써마지,3,m,2023-10-01,80.06728
써마지,3,m,2023-11-01,95.03784
써마지,3,m,2023-12-01,22.53994
써마지,3,m,2024-01-01,20.77375
써마지,3,m,2024-02-01,17.57779
써마지,3,m,2024-03-01,15.8116
써마지,3,m,2024-04-01,13.54079
써마지,3,m,2024-05-01,16.14802
써마지,3,m,2024-06-01,11.8587
써마지,3,m,2024-07-01,30.78216
써마지,3,m,2024-08-01,13.03616
써마지,3,m,2024-09-01,16.56854
써마지,3,m,2024-10-01,16.40033
써마지,3,m,2024-11-01,11.8587
써마지,3,m,2024-12-01,19.51219
써마지,3,m,2025-01-01,25.31539
써마지,3,m,2025-02-01,23.12867
써마지,3,m,2025-03-01,20.60555
써마지,3,m,2025-04-01,23.88561
써마지,3,m,2025-05-01,15.22287
써마지,3,m,2025-06-01,19.00756
써마지,3,m,2025-07-01,21.95121
써마지,3,m,2025-08-01,17.07317
써마지,3,m,2025-09-01,17.32548
써마지,3,m,2025-10-01,21.53069
써마지,3,m,2025-11-01,14.80235
써마지,3,m,2025-12-01,12.27922
써마지,4,all,2016-01-01,9.6303
써마지,4,all,2016-02-01,9.06618
써마지,4,all,2016-03-01,12.48111
써마지,4,all,2016-04-01,9.9325
써마지,4,all,2016-05-01,23.2195
써마지,4,all,2016-06-01,13.64964
써마지,4,all,2016-07-01,10.3153
써마지,4,all,2016-08-01,10.63765
써마지,4,all,2016-09-01,8.72368
써마지,4,all,2016-10-01,9.88213
써마지,4,all,2016-11-01,9.90228
써마지,4,all,2016-12-01,9.84184
써마지,4,all,2017-01-01,9.26765
써마지,4,all,2017-02-01,12.97471
써마지,4,all,2017-03-01,10.91971
써마지,4,all,2017-04-01,10.39588
써마지,4,all,2017-05-01,8.5625
써마지,4,all,2017-06-01,9.32809
써마지,4,all,2017-07-01,10.43618
써마지,4,all,2017-08-01,9.84184
써마지,4,all,2017-09-01,11.90692
써마지,4,all,2017-10-01,11.62486
써마지,4,all,2017-11-01,15.81545
써마지,4,all,2017-12-01,12.42067
써마지,4,all,2018-01-01,15.78523
써마지,4,all,2018-02-01,10.63765
써마지,4,all,2018-03-01,11.86662
써마지,4,all,2018-04-01,9.70081
써마지,4,all,2018-05-01,9.89221
써마지,4,all,2018-06-01,7.74654
써마지,4,all,2018-07-01,8.32074
써마지,4,all,2018-08-01,9.79147
써마지,4,all,2018-09-01,9.13669
써마지,4,all,2018-10-01,12.13861
써마지,4,all,2018-11-01,17.21567
써마지,4,all,2018-12-01,14.54618
써마지,4,all,2019-01-01,17.72942
써마지,4,all,2019-02-01,31.4798
써마지,4,all,2019-03-01,33.0009
써마지,4,all,2019-04-01,22.50428
써마지,4,all,2019-05-01,23.65266
써마지,4,all,2019-06-01,19.76427
써마지,4,all,2019-07-01,22.27258
써마지,4,all,2019-08-01,21.85957
써마지,4,all,2019-09-01,17.36677
써마지,4,all,2019-10-01,19.99597
써마지,4,all,2019-11-01,21.62788
써마지,4,all,2019-12-01,24.41825
써마지,4,all,2020-01-01,21.56744
써마지,4,all,2020-02-01,19.76427
써마지,4,all,2020-03-01,18.88788
써마지,4,all,2020-04-01,57.71129
써마지,4,all,2020-05-01,32.67855
써마지,4,all,2020-06-01,23.96494
써마지,4,all,2020-07-01,26.06023
써마지,4,all,2020-08-01,40.88848
써마지,4,all,2020-09-01,22.18192
써마지,4,all,2020-10-01,21.81928
써마지,4,all,2020-11-01,19.95567
써마지,4,all,2020-12-01,23.16913
써마지,4,all,2021-01-01,21.507
써마지,4,all,2021-02-01,21.07383
써마지,4,all,2021-03-01,19.93552
써마지,4,all,2021-04-01,20.26795
써마지,4,all,2021-05-01,19.96574
써마지,4,all,2021-06-01,20.01611
써마지,4,all,2021-07-01,19.13971
써마지,4,all,2021-08-01,17.56824
써마지,4,all,2021-09-01,18.31368
써마지,4,all,2021-10-01,18.02155
써마지,4,all,2021-11-01,17.84023
써마지,4,all,2021-12-01,22.84678
써마지,4,all,2022-01-01,21.55736
써마지,4,all,2022-02-01,20.2881
써마지,4,all,2022-03-01,17.55817
써마지,4,all,2022-04-01,19.52251
써마지,4,all,2022-05-01,18.75692
써마지,4,all,2022-06-01,18.24317
써마지,4,all,2022-07-01,17.13508
써마지,4,all,2022-08-01,17.90067
써마지,4,all,2022-09-01,17.10486
써마지,4,all,2022-10-01,21.70847
써마지,4,all,2022-11-01,20.21758
써마지,4,all,2022-12-01,21.71854
써마지,4,all,2023-01-01,21.70847
써마지,4,all,2023-02-01,20.75148
써마지,4,all,2023-03-01,21.44655
써마지,4,all,2023-04-01,21.92001
써마지,4,all,2023-05-01,20.5903
써마지,4,all,2023-06-01,20.58023
써마지,4,all,2023-07-01,23.79369
써마지,4,all,2023-08-01,31.67119
써마지,4,all,2023-09-01,27.10788
써마지,4,all,2023-10-01,27.99435
써마지,4,all,2023-11-01,46.31812
써마지,4,all,2023-12-01,61.60975
써마지,4,all,2024-01-01,55.89805
써마지,4,all,2024-02-01,44.58547
써마지,4,all,2024-03-01,41.93613
써마지,4,all,2024-04-01,35.96252
써마지,4,all,2024-05-01,40.45532
써마지,4,all,2024-06-01,31.80215
써마지,4,all,2024-07-01,47.41613
써마지,4,all,2024-08-01,63.7957
써마지,4,all,2024-09-01,54.8504
써마지,4,all,2024-10-01,43.77959
써마지,4,all,2024-11-01,46.40878
써마지,4,all,2024-12-01,74.40314
써마지,4,all,2025-01-01,100.0
써마지,4,all,2025-02-01,80.75954
써마지,4,all,2025-03-01,64.46056
써마지,4,all,2025-04-01,60.42107
써마지,4,all,2025-05-01,49.75319
써마지,4,all,2025-06-01,45.67341
써마지,4,all,2025-07-01,56.4118
써마지,4,all,2025-08-01,49.99496
써마지,4,all,2025-09-01,56.83489
써마지,4,all,2025-10-01,48.41341
써마지,4,all,2025-11-01,43.41694
써마지,4,all,2025-12-01,39.66958
써마지,4,f,2016-01-01,8.76369
써마지,4,f,2016-02-01,8.18242
써마지,4,f,2016-03-01,10.64162
써마지,4,f,2016-04-01,9.54616
써마지,4,f,2016-05-01,17.11379
써마지,4,f,2016-06-01,11.89358
써마지,4,f,2016-07-01,9.25553
써마지,4,f,2016-08-01,9.55734
써마지,4,f,2016-09-01,8.26067
써마지,4,f,2016-10-01,9.30024
써마지,4,f,2016-11-01,9.37849
써마지,4,f,2016-12-01,9.21082
써마지,4,f,2017-01-01,9.23317
써마지,4,f,2017-02-01,13.08964
써마지,4,f,2017-03-01,10.97697
써마지,4,f,2017-04-01,9.62441
써마지,4,f,2017-05-01,8.40599
써마지,4,f,2017-06-01,8.95372
써마지,4,f,2017-07-01,9.79208
써마지,4,f,2017-08-01,8.97607
써마지,4,f,2017-09-01,11.32349
써마지,4,f,2017-10-01,11.20053
써마지,4,f,2017-11-01,14.16275
써마지,4,f,2017-12-01,11.12228
써마지,4,f,2018-01-01,14.87815
써마지,4,f,2018-02-01,10.58573
써마지,4,f,2018-03-01,11.41292
써마지,4,f,2018-04-01,9.55734
써마지,4,f,2018-05-01,9.62441
써마지,4,f,2018-06-01,7.37759
써마지,4,f,2018-07-01,7.84708
써마지,4,f,2018-08-01,9.46791
써마지,4,f,2018-09-01,8.97607
써마지,4,f,2018-10-01,11.97183
써마지,4,f,2018-11-01,16.71137
써마지,4,f,2018-12-01,14.54281
써마지,4,f,2019-01-01,14.3416
써마지,4,f,2019-02-01,25.58685
써마지,4,f,2019-03-01,28.40375
써마지,4,f,2019-04-01,19.47238
써마지,4,f,2019-05-01,21.19382
써마지,4,f,2019-06-01,17.1585
써마지,4,f,2019-07-01,18.7458
써마지,4,f,2019-08-01,17.08025
써마지,4,f,2019-09-01,15.58238
써마지,4,f,2019-10-01,18.53342
써마지,4,f,2019-11-01,20.7467
써마지,4,f,2019-12-01,23.41828
써마지,4,f,2020-01-01,20.44489
써마지,4,f,2020-02-01,17.16968
써마지,4,f,2020-03-01,17.9298
써마지,4,f,2020-04-01,58.3501
써마지,4,f,2020-05-01,31.35479
써마지,4,f,2020-06-01,22.88173
써마지,4,f,2020-07-01,25.00558
써마지,4,f,2020-08-01,28.21372
써마지,4,f,2020-09-01,20.08718
써마지,4,f,2020-10-01,19.65124
써마지,4,f,2020-11-01,18.58931
써마지,4,f,2020-12-01,20.86966
써마지,4,f,2021-01-01,20.02012
써마지,4,f,2021-02-01,20.3331
써마지,4,f,2021-03-01,19.0029
써마지,4,f,2021-04-01,19.42767
써마지,4,f,2021-05-01,18.92465
써마지,4,f,2021-06-01,16.21953
써마지,4,f,2021-07-01,15.71652
써마지,4,f,2021-08-01,15.71652
써마지,4,f,2021-09-01,16.81198
써마지,4,f,2021-10-01,16.76727
써마지,4,f,2021-11-01,16.23071
써마지,4,f,2021-12-01,19.38296
써마지,4,f,2022-01-01,19.94187
써마지,4,f,2022-02-01,17.24793
써마지,4,f,2022-03-01,15.87301
써마지,4,f,2022-04-01,17.47149
써마지,4,f,2022-05-01,17.02436
써마지,4,f,2022-06-01,17.6727
써마지,4,f,2022-07-01,15.61591
써마지,4,f,2022-08-01,16.57724
써마지,4,f,2022-09-01,16.16364
써마지,4,f,2022-10-01,16.7002
써마지,4,f,2022-11-01,19.09233
써마지,4,f,2022-12-01,19.68477
써마지,4,f,2023-01-01,19.96422
써마지,4,f,2023-02-01,19.32707
써마지,4,f,2023-03-01,19.95305
써마지,4,f,2023-04-01,20.92555
써마지,4,f,2023-05-01,19.33825
써마지,4,f,2023-06-01,18.85758
써마지,4,f,2023-07-01,22.06572
써마지,4,f,2023-08-01,30.43818
써마지,4,f,2023-09-01,25.37446
써마지,4,f,2023-10-01,26.44757
써마지,4,f,2023-11-01,45.5399
써마지,4,f,2023-12-01,59.76972
써마지,4,f,2024-01-01,54.8625
써마지,4,f,2024-02-01,42.68947
써마지,4,f,2024-03-01,39.12363
써마지,4,f,2024-04-01,33.38922
써마지,4,f,2024-05-01,38.07288
써마지,4,f,2024-06-01,29.90163
써마지,4,f,2024-07-01,42.3653
써마지,4,f,2024-08-01,63.60384
써마지,4,f,2024-09-01,53.34227
써마지,4,f,2024-10-01,42.8236
써마지,4,f,2024-11-01,44.53386
써마지,4,f,2024-12-01,73.58596
써마지,4,f,2025-01-01,100.0
써마지,4,f,2025-02-01,78.2249
써마지,4,f,2025-03-01,61.54706
써마지,4,f,2025-04-01,57.13167
써마지,4,f,2025-05-01,46.69125
써마지,4,f,2025-06-01,43.0807
써마지,4,f,2025-07-01,53.57701
써마지,4,f,2025-08-01,47.23898
써마지,4,f,2025-09-01,55.05253
써마지,4,f,2025-10-01,46.7695
써마지,4,f,2025-11-01,41.98524
써마지,4,f,2025-12-01,37.65928
써마지,4,m,2016-01-01,11.20521
써마지,4,m,2016-02-01,10.94462
써마지,4,m,2016-03-01,18.69706
써마지,4,m,2016-04-01,8.59934
써마지,4,m,2016-05-01,50.42345
써마지,4,m,2016-06-01,18.95765
써마지,4,m,2016-07-01,12.76872
써마지,4,m,2016-08-01,13.09446
써마지,4,m,2016-09-01,8.27361
써마지,4,m,2016-10-01,9.70684
써마지,4,m,2016-11-01,9.3811
써마지,4,m,2016-12-01,9.96742
써마지,4,m,2017-01-01,6.12377
써마지,4,m,2017-02-01,7.62214
써마지,4,m,2017-03-01,6.64495
써마지,4,m,2017-04-01,11.14006
써마지,4,m,2017-05-01,6.38436
써마지,4,m,2017-06-01,8.14332
써마지,4,m,2017-07-01,10.42345
써마지,4,m,2017-08-01,11.3355
써마지,4,m,2017-09-01,11.00977
써마지,4,m,2017-10-01,9.90228
써마지,4,m,2017-11-01,19.73941
써마지,4,m,2017-12-01,15.50488
써마지,4,m,2018-01-01,15.37459
써마지,4,m,2018-02-01,7.10097
써마지,4,m,2018-03-01,10.22801
써마지,4,m,2018-04-01,7.03583
써마지,4,m,2018-05-01,7.88273
써마지,4,m,2018-06-01,7.10097
써마지,4,m,2018-07-01,8.07817
써마지,4,m,2018-08-01,8.14332
써마지,4,m,2018-09-01,6.77524
써마지,4,m,2018-10-01,8.72964
써마지,4,m,2018-11-01,13.94136
써마지,4,m,2018-12-01,9.31596
써마지,4,m,2019-01-01,31.07491
써마지,4,m,2019-02-01,54.46254
써마지,4,m,2019-03-01,47.88273
써마지,4,m,2019-04-01,32.05211
써마지,4,m,2019-05-01,29.44625
써마지,4,m,2019-06-01,27.81758
써마지,4,m,2019-07-01,34.78827
써마지,4,m,2019-08-01,41.8241
써마지,4,m,2019-09-01,21.49837
써마지,4,m,2019-10-01,21.30293
써마지,4,m,2019-11-01,18.95765
써마지,4,m,2019-12-01,21.43322
써마지,4,m,2020-01-01,20.32573
써마지,4,m,2020-02-01,27.75244
써마지,4,m,2020-03-01,17.65472
써마지,4,m,2020-04-01,33.1596
써마지,4,m,2020-05-01,28.59934
써마지,4,m,2020-06-01,21.62866
써마지,4,m,2020-07-01,22.8013
써마지,4,m,2020-08-01,100.0
써마지,4,m,2020-09-01,26.38436
써마지,4,m,2020-10-01,26.5798
써마지,4,m,2020-11-01,20.71661
써마지,4,m,2020-12-01,28.20846
써마지,4,m,2021-01-01,22.41042
써마지,4,m,2021-02-01,17.78501
써마지,4,m,2021-03-01,18.17589
써마지,4,m,2021-04-01,17.85016
써마지,4,m,2021-05-01,18.82736
써마지,4,m,2021-06-01,34.91856
써마지,4,m,2021-07-01,32.18241
써마지,4,m,2021-08-01,22.01954
써마지,4,m,2021-09-01,20.45602
써마지,4,m,2021-10-01,18.82736
써마지,4,m,2021-11-01,20.78175
써마지,4,m,2021-12-01,34.78827
써마지,4,m,2022-01-01,23.19218
써마지,4,m,2022-02-01,30.68403
써마지,4,m,2022-03-01,21.04234
써마지,4,m,2022-04-01,24.42996
써마지,4,m,2022-05-01,22.08469
써마지,4,m,2022-06-01,14.98371
써마지,4,m,2022-07-01,19.80456
써마지,4,m,2022-08-01,19.15309
써마지,4,m,2022-09-01,16.41693
써마지,4,m,2022-10-01,43.06188
써마지,4,m,2022-11-01,19.47882
써마지,4,m,2022-12-01,25.73289
써마지,4,m,2023-01-01,24.03908
써마지,4,m,2023-02-01,21.56351
써마지,4,m,2023-03-01,22.41042
써마지,4,m,2023-04-01,19.80456
써마지,4,m,2023-05-01,20.45602
써마지,4,m,2023-06-01,23.19218
써마지,4,m,2023-07-01,25.27687
써마지,4,m,2023-08-01,27.42671
써마지,4,m,2023-09-01,27.42671
써마지,4,m,2023-10-01,26.90553
써마지,4,m,2023-11-01,34.1368
써마지,4,m,2023-12-01,50.09771
써마지,4,m,2024-01-01,41.75895
써마지,4,m,2024-02-01,39.54397
써마지,4,m,2024-03-01,43.19218
써마지,4,m,2024-04-01,37.98045
써마지,4,m,2024-05-01,39.73941
써마지,4,m,2024-06-01,31.40065
써마지,4,m,2024-07-01,59.73941
써마지,4,m,2024-08-01,41.88925
써마지,4,m,2024-09-01,43.84364
써마지,4,m,2024-10-01,33.55048
써마지,4,m,2024-11-01,40.58631
써마지,4,m,2024-12-01,52.3127
써마지,4,m,2025-01-01,63.90879
써마지,4,m,2025-02-01,66.38436
써마지,4,m,2025-03-01,58.17589
써마지,4,m,2025-04-01,57.78501
써마지,4,m,2025-05-01,49.64169
써마지,4,m,2025-06-01,44.29967
써마지,4,m,2025-07-01,52.57328
써마지,4,m,2025-08-01,48.01302
써마지,4,m,2025-09-01,46.71009
써마지,4,m,2025-10-01,40.52117
써마지,4,m,2025-11-01,36.0912
써마지,4,m,2025-12-01,37.0684
써마지,5,all,2016-01-01,9.23981
써마지,5,all,2016-02-01,7.88587
써마지,5,all,2016-03-01,11.98731
써마지,5,all,2016-04-01,10.41542
써마지,5,all,2016-05-01,19.84016
써마지,5,all,2016-06-01,10.89095
써마지,5,all,2016-07-01,9.23981
써마지,5,all,2016-08-01,9.81441
써마지,5,all,2016-09-01,8.85014
써마지,5,all,2016-10-01,9.69552
써마지,5,all,2016-11-01,9.57664
써마지,5,all,2016-12-01,9.78799
써마지,5,all,2017-01-01,11.08909
써마지,5,all,2017-02-01,15.34905
써마지,5,all,2017-03-01,12.15903
써마지,5,all,2017-04-01,10.389
써마지,5,all,2017-05-01,8.85674
써마지,5,all,2017-06-01,8.99544
써마지,5,all,2017-07-01,9.3785
써마지,5,all,2017-08-01,9.39171
써마지,5,all,2017-09-01,10.13803
써마지,5,all,2017-10-01,9.49078
써마지,5,all,2017-11-01,11.241
써마지,5,all,2017-12-01,8.77749
써마지,5,all,2018-01-01,13.1233
써마지,5,all,2018-02-01,9.81441
써마지,5,all,2018-03-01,12.6808
써마지,5,all,2018-04-01,10.32956
써마지,5,all,2018-05-01,9.47757
써마지,5,all,2018-06-01,7.23862
써마지,5,all,2018-07-01,8.13024
써마지,5,all,2018-08-01,8.38121
써마지,5,all,2018-09-01,8.86995
써마지,5,all,2018-10-01,11.19476
써마지,5,all,2018-11-01,13.6979
써마지,5,all,2018-12-01,12.67419
써마지,5,all,2019-01-01,18.13618
써마지,5,all,2019-02-01,25.86354
써마지,5,all,2019-03-01,26.01545
써마지,5,all,2019-04-01,19.52975
써마지,5,all,2019-05-01,20.12416
써마지,5,all,2019-06-01,18.92213
써마지,5,all,2019-07-01,19.96565
써마지,5,all,2019-08-01,18.57208
써마지,5,all,2019-09-01,15.34244
써마지,5,all,2019-10-01,18.82966
써마지,5,all,2019-11-01,20.85727
써마지,5,all,2019-12-01,20.8969
써마지,5,all,2020-01-01,20.52044
써마지,5,all,2020-02-01,18.60511
써마지,5,all,2020-03-01,18.12958
써마지,5,all,2020-04-01,47.50676
써마지,5,all,2020-05-01,30.92926
써마지,5,all,2020-06-01,24.9389
써마지,5,all,2020-07-01,25.27574
써마지,5,all,2020-08-01,36.36483
써마지,5,all,2020-09-01,21.08183
써마지,5,all,2020-10-01,18.94194
써마지,5,all,2020-11-01,17.79935
써마지,5,all,2020-12-01,19.47691
써마지,5,all,2021-01-01,21.3262
써마지,5,all,2021-02-01,21.90079
써마지,5,all,2021-03-01,20.96955
써마지,5,all,2021-04-01,21.1941
써마지,5,all,2021-05-01,19.97886
써마지,5,all,2021-06-01,19.43728
써마지,5,all,2021-07-01,18.40036
써마지,5,all,2021-08-01,15.87081
써마지,5,all,2021-09-01,16.10857
써마지,5,all,2021-10-01,17.92483
써마지,5,all,2021-11-01,17.05963
써마지,5,all,2021-12-01,22.33009
써마지,5,all,2022-01-01,25.27574
써마지,5,all,2022-02-01,24.17938
써마지,5,all,2022-03-01,21.49131
써마지,5,all,2022-04-01,23.65761
써마지,5,all,2022-05-01,24.77379
써마지,5,all,2022-06-01,23.57836
써마지,5,all,2022-07-01,21.08843
써마지,5,all,2022-08-01,22.76599
써마지,5,all,2022-09-01,21.13466
써마지,5,all,2022-10-01,25.5135
써마지,5,all,2022-11-01,24.03407
써마지,5,all,2022-12-01,24.29165
써마지,5,all,2023-01-01,28.95449
써마지,5,all,2023-02-01,28.62426
써마지,5,all,2023-03-01,29.30453
써마지,5,all,2023-04-01,28.65728
써마지,5,all,2023-05-01,25.2229
써마지,5,all,2023-06-01,24.9389
써마지,5,all,2023-07-01,29.17244
써마지,5,all,2023-08-01,39.31048
써마지,5,all,2023-09-01,34.25797
써마지,5,all,2023-10-01,30.78396
써마지,5,all,2023-11-01,51.82616
써마지,5,all,2023-12-01,83.27719
써마지,5,all,2024-01-01,66.69308
써마지,5,all,2024-02-01,52.22244
써마지,5,all,2024-03-01,45.86222
써마지,5,all,2024-04-01,42.96281
써마지,5,all,2024-05-01,44.62056
써마지,5,all,2024-06-01,36.67525
써마지,5,all,2024-07-01,50.84868
써마지,5,all,2024-08-01,70.99927
써마지,5,all,2024-09-01,62.2614
써마지,5,all,2024-10-01,47.2756
써마지,5,all,2024-11-01,48.04834
써마지,5,all,2024-12-01,81.59963
써마지,5,all,2025-01-01,100.0
써마지,5,all,2025-02-01,84.46601
써마지,5,all,2025-03-01,68.22534
써마지,5,all,2025-04-01,65.49105
써마지,5,all,2025-05-01,52.25546
써마지,5,all,2025-06-01,46.06036
써마지,5,all,2025-07-01,51.31761
써마지,5,all,2025-08-01,47.39449
써마지,5,all,2025-09-01,43.10151
써마지,5,all,2025-10-01,40.80972
써마지,5,all,2025-11-01,39.0529
써마지,5,all,2025-12-01,39.41615
써마지,5,f,2016-01-01,8.8773
써마지,5,f,2016-02-01,7.6307
써마지,5,f,2016-03-01,10.58476
써마지,5,f,2016-04-01,9.51949
써마지,5,f,2016-05-01,13.50861
써마지,5,f,2016-06-01,9.43638
써마지,5,f,2016-07-01,8.24267
써마지,5,f,2016-08-01,9.61015
써마지,5,f,2016-09-01,8.83197
써마지,5,f,2016-10-01,9.52704
써마지,5,f,2016-11-01,9.41372
써마지,5,f,2016-12-01,9.56482
써마지,5,f,2017-01-01,10.83408
써마지,5,f,2017-02-01,15.46539
써마지,5,f,2017-03-01,12.21668
써마지,5,f,2017-04-01,10.61498
써마지,5,f,2017-05-01,8.0009
써마지,5,f,2017-06-01,8.99818
써마지,5,f,2017-07-01,9.6177
써마지,5,f,2017-08-01,9.44394
써마지,5,f,2017-09-01,9.9048
써마지,5,f,2017-10-01,9.2475
써마지,5,f,2017-11-01,10.8643
써마지,5,f,2017-12-01,8.23511
써마지,5,f,2018-01-01,13.25929
써마지,5,f,2018-02-01,10.13145
써마지,5,f,2018-03-01,13.13841
써마지,5,f,2018-04-01,10.62254
써마지,5,f,2018-05-01,9.57993
써마지,5,f,2018-06-01,7.09428
써마지,5,f,2018-07-01,8.07645
써마지,5,f,2018-08-01,8.60531
써마지,5,f,2018-09-01,8.89996
써마지,5,f,2018-10-01,11.40072
써마지,5,f,2018-11-01,12.99486
써마지,5,f,2018-12-01,11.94469
써마지,5,f,2019-01-01,16.56089
써마지,5,f,2019-02-01,24.13871
써마지,5,f,2019-03-01,23.63251
써마지,5,f,2019-04-01,17.90571
써마지,5,f,2019-05-01,19.1372
써마지,5,f,2019-06-01,17.49017
써마지,5,f,2019-07-01,18.563
써마지,5,f,2019-08-01,16.9462
써마지,5,f,2019-09-01,14.62677
써마지,5,f,2019-10-01,18.85766
써마지,5,f,2019-11-01,19.73405
써마지,5,f,2019-12-01,20.2478
써마지,5,f,2020-01-01,20.25536
써마지,5,f,2020-02-01,17.0142
써마지,5,f,2020-03-01,17.98881
써마지,5,f,2020-04-01,49.22181
써마지,5,f,2020-05-01,30.40948
써마지,5,f,2020-06-01,24.48624
써마지,5,f,2020-07-01,24.66757
써마지,5,f,2020-08-01,27.30432
써마지,5,f,2020-09-01,19.6585
써마지,5,f,2020-10-01,18.0417
써마지,5,f,2020-11-01,17.26352
써마지,5,f,2020-12-01,18.3288
써마지,5,f,2021-01-01,20.17225
써마지,5,f,2021-02-01,21.62284
써마지,5,f,2021-03-01,20.44424
써마지,5,f,2021-04-01,21.32064
써마지,5,f,2021-05-01,19.88516
써마지,5,f,2021-06-01,18.26835
써마지,5,f,2021-07-01,16.99909
써마지,5,f,2021-08-01,14.7401
써마지,5,f,2021-09-01,15.4805
써마지,5,f,2021-10-01,17.64128
써마지,5,f,2021-11-01,16.02447
써마지,5,f,2021-12-01,20.79933
써마지,5,f,2022-01-01,24.69779
써마지,5,f,2022-02-01,21.99304
써마지,5,f,2022-03-01,20.64067
써마지,5,f,2022-04-01,22.53702
써마지,5,f,2022-05-01,23.25475
써마지,5,f,2022-06-01,23.14898
써마지,5,f,2022-07-01,20.12692
써마지,5,f,2022-08-01,22.26503
써마지,5,f,2022-09-01,20.88999
써마지,5,f,2022-10-01,22.86189
써마지,5,f,2022-11-01,23.39075
써마지,5,f,2022-12-01,23.48141
써마지,5,f,2023-01-01,27.88606
써마지,5,f,2023-02-01,28.0145
써마지,5,f,2023-03-01,28.66424
써마지,5,f,2023-04-01,27.5763
써마지,5,f,2023-05-01,23.94227
써마지,5,f,2023-06-01,23.1792
써마지,5,f,2023-07-01,28.26382
써마지,5,f,2023-08-01,38.38773
써마지,5,f,2023-09-01,33.40888
써마지,5,f,2023-10-01,29.87307
써마지,5,f,2023-11-01,51.82079
써마지,5,f,2023-12-01,84.95013
써마지,5,f,2024-01-01,66.77243
써마지,5,f,2024-02-01,51.16349
써마지,5,f,2024-03-01,43.89543
써마지,5,f,2024-04-01,41.04714
써마지,5,f,2024-05-01,41.58355
써마지,5,f,2024-06-01,34.06618
써마지,5,f,2024-07-01,46.0411
써마지,5,f,2024-08-01,70.61045
써마지,5,f,2024-09-01,59.48927
써마지,5,f,2024-10-01,43.25324
써마지,5,f,2024-11-01,43.27591
써마지,5,f,2024-12-01,80.68147
써마지,5,f,2025-01-01,100.0
써마지,5,f,2025-02-01,82.20006
써마지,5,f,2025-03-01,64.78543
써마지,5,f,2025-04-01,60.10879
써마지,5,f,2025-05-01,48.45119
써마지,5,f,2025-06-01,41.87821
써마지,5,f,2025-07-01,47.48413
써마지,5,f,2025-08-01,44.28074
써마지,5,f,2025-09-01,39.81565
써마지,5,f,2025-10-01,37.81353
써마지,5,f,2025-11-01,36.17407
써마지,5,f,2025-12-01,35.57721
써마지,5,m,2016-01-01,11.42857
써마지,5,m,2016-02-01,9.38775
써마지,5,m,2016-03-01,21.12244
써마지,5,m,2016-04-01,16.17346
써마지,5,m,2016-05-01,62.04081
써마지,5,m,2016-06-01,20.40816
써마지,5,m,2016-07-01,15.71428
써마지,5,m,2016-08-01,10.91836
써마지,5,m,2016-09-01,8.72448
써마지,5,m,2016-10-01,10.56122
써마지,5,m,2016-11-01,10.40816
써마지,5,m,2016-12-01,11.0204
써마지,5,m,2017-01-01,12.5
써마지,5,m,2017-02-01,14.13265
써마지,5,m,2017-03-01,11.42857
써마지,5,m,2017-04-01,8.57142
써마지,5,m,2017-05-01,14.38775
써마지,5,m,2017-06-01,8.72448
써마지,5,m,2017-07-01,7.5
써마지,5,m,2017-08-01,8.77551
써마지,5,m,2017-09-01,11.42857
써마지,5,m,2017-10-01,10.86734
써마지,5,m,2017-11-01,13.46938
써마지,5,m,2017-12-01,12.19387
써마지,5,m,2018-01-01,11.83673
써마지,5,m,2018-02-01,7.39795
써마지,5,m,2018-03-01,9.23469
써마지,5,m,2018-04-01,8.06122
써마지,5,m,2018-05-01,8.5204
써마지,5,m,2018-06-01,8.0102
써마지,5,m,2018-07-01,8.2653
써마지,5,m,2018-08-01,6.63265
써마지,5,m,2018-09-01,8.41836
써마지,5,m,2018-10-01,9.48979
써마지,5,m,2018-11-01,18.06122
써마지,5,m,2018-12-01,17.24489
써마지,5,m,2019-01-01,28.2653
써마지,5,m,2019-02-01,36.78571
써마지,5,m,2019-03-01,41.37755
써마지,5,m,2019-04-01,29.94897
써마지,5,m,2019-05-01,26.22448
써마지,5,m,2019-06-01,28.06122
써마지,5,m,2019-07-01,28.87755
써마지,5,m,2019-08-01,29.03061
써마지,5,m,2019-09-01,19.74489
써마지,5,m,2019-10-01,18.11224
써마지,5,m,2019-11-01,27.85714
써마지,5,m,2019-12-01,24.69387
써마지,5,m,2020-01-01,21.73469
써마지,5,m,2020-02-01,28.82653
써마지,5,m,2020-03-01,18.57142
써마지,5,m,2020-04-01,34.59183
써마지,5,m,2020-05-01,33.57142
써마지,5,m,2020-06-01,27.29591
써마지,5,m,2020-07-01,28.67346
써마지,5,m,2020-08-01,96.53061
써마지,5,m,2020-09-01,30.10204
써마지,5,m,2020-10-01,24.48979
써마지,5,m,2020-11-01,20.91836
써마지,5,m,2020-12-01,26.68367
써마지,5,m,2021-01-01,28.5204
써마지,5,m,2021-02-01,23.16326
써마지,5,m,2021-03-01,23.92857
써마지,5,m,2021-04-01,19.74489
써마지,5,m,2021-05-01,20.05102
써마지,5,m,2021-06-01,26.78571
써마지,5,m,2021-07-01,27.34693
써마지,5,m,2021-08-01,23.06122
써마지,5,m,2021-09-01,19.89795
써마지,5,m,2021-10-01,19.33673
써마지,5,m,2021-11-01,23.57142
써마지,5,m,2021-12-01,32.04081
써마지,5,m,2022-01-01,28.46938
써마지,5,m,2022-02-01,38.2653
써마지,5,m,2022-03-01,26.63265
써마지,5,m,2022-04-01,30.56122
써마지,5,m,2022-05-01,34.33673
써마지,5,m,2022-06-01,25.81632
써마지,5,m,2022-07-01,26.98979
써마지,5,m,2022-08-01,25.5102
써마지,5,m,2022-09-01,22.19387
써마지,5,m,2022-10-01,42.70408
써마지,5,m,2022-11-01,27.70408
써마지,5,m,2022-12-01,29.08163
써마지,5,m,2023-01-01,35.35714
써마지,5,m,2023-02-01,31.93877
써마지,5,m,2023-03-01,32.80612
써마지,5,m,2023-04-01,35.15306
써마지,5,m,2023-05-01,33.16326
써마지,5,m,2023-06-01,36.12244
써마지,5,m,2023-07-01,34.48979
써마지,5,m,2023-08-01,44.43877
써마지,5,m,2023-09-01,39.03061
써마지,5,m,2023-10-01,36.07142
써마지,5,m,2023-11-01,50.40816
써마지,5,m,2023-12-01,69.64285
써마지,5,m,2024-01-01,64.28571
써마지,5,m,2024-02-01,57.90816
써마지,5,m,2024-03-01,57.85714
써마지,5,m,2024-04-01,54.69387
써마지,5,m,2024-05-01,63.87755
써마지,5,m,2024-06-01,53.2653
써마지,5,m,2024-07-01,81.88775
써마지,5,m,2024-08-01,71.63265
써마지,5,m,2024-09-01,79.23469
써마지,5,m,2024-10-01,73.11224
써마지,5,m,2024-11-01,78.92857
써마지,5,m,2024-12-01,85.5102
써마지,5,m,2025-01-01,97.19387
써마지,5,m,2025-02-01,97.39795
써마지,5,m,2025-03-01,89.54081
써마지,5,m,2025-04-01,100.0
써마지,5,m,2025-05-01,76.47959
써마지,5,m,2025-06-01,73.0102
써마지,5,m,2025-07-01,75.7653
써마지,5,m,2025-08-01,67.09183
써마지,5,m,2025-09-01,64.08163
써마지,5,m,2025-10-01,59.89795
써마지,5,m,2025-11-01,57.39795
써마지,5,m,2025-12-01,64.23469
써마지,6,all,2016-01-01,7.72965
써마지,6,all,2016-02-01,6.28423
써마지,6,all,2016-03-01,7.70142
써마지,6,all,2016-04-01,7.27796
써마지,6,all,2016-05-01,13.60171
써마지,6,all,2016-06-01,8.72903
써마지,6,all,2016-07-01,7.1368
써마지,6,all,2016-08-01,7.04082
써마지,6,all,2016-09-01,6.88272
써마지,6,all,2016-10-01,7.02952
써마지,6,all,2016-11-01,7.03517
써마지,6,all,2016-12-01,8.05713
써마지,6,all,2017-01-01,7.74095
써마지,6,all,2017-02-01,10.53582
써마지,6,all,2017-03-01,8.66128
써마지,6,all,2017-04-01,8.20958
써마지,6,all,2017-05-01,6.22776
써마지,6,all,2017-06-01,6.35763
써마지,6,all,2017-07-01,7.04082
써마지,6,all,2017-08-01,7.40217
써마지,6,all,2017-09-01,7.50945
써마지,6,all,2017-10-01,7.34571
써마지,6,all,2017-11-01,7.85387
써마지,6,all,2017-12-01,5.97368
써마지,6,all,2018-01-01,9.38399
써마지,6,all,2018-02-01,7.93292
써마지,6,all,2018-03-01,9.19767
써마지,6,all,2018-04-01,8.20958
써마지,6,all,2018-05-01,7.87646
써마지,6,all,2018-06-01,5.97368
써마지,6,all,2018-07-01,6.92225
써마지,6,all,2018-08-01,6.75851
써마지,6,all,2018-09-01,6.89402
써마지,6,all,2018-10-01,9.88086
써마지,6,all,2018-11-01,11.94737
써마지,6,all,2018-12-01,10.95364
써마지,6,all,2019-01-01,14.40347
써마지,6,all,2019-02-01,18.46874
써마지,6,all,2019-03-01,20.87403
써마지,6,all,2019-04-01,15.13748
써마지,6,all,2019-05-01,16.69583
써마지,6,all,2019-06-01,14.74225
써마지,6,all,2019-07-01,15.9957
써마지,6,all,2019-08-01,15.12054
써마지,6,all,2019-09-01,13.87838
써마지,6,all,2019-10-01,17.85331
써마지,6,all,2019-11-01,19.14064
써마지,6,all,2019-12-01,18.66071
써마지,6,all,2020-01-01,19.08418
써마지,6,all,2020-02-01,17.43549
써마지,6,all,2020-03-01,15.36897
써마지,6,all,2020-04-01,36.30512
써마지,6,all,2020-05-01,24.92236
써마지,6,all,2020-06-01,21.1394
써마지,6,all,2020-07-01,24.05849
써마지,6,all,2020-08-01,33.04161
써마지,6,all,2020-09-01,17.6331
써마지,6,all,2020-10-01,18.43487
써마지,6,all,2020-11-01,16.46434
써마지,6,all,2020-12-01,17.62746
써마지,6,all,2021-01-01,18.95432
써마지,6,all,2021-02-01,19.08983
써마지,6,all,2021-03-01,18.01705
써마지,6,all,2021-04-01,19.85206
써마지,6,all,2021-05-01,18.44051
써마지,6,all,2021-06-01,18.12997
써마지,6,all,2021-07-01,17.52583
써마지,6,all,2021-08-01,15.78115
써마지,6,all,2021-09-01,15.47061
써마지,6,all,2021-10-01,17.22093
써마지,6,all,2021-11-01,18.62684
써마지,6,all,2021-12-01,22.50578
써마지,6,all,2022-01-01,24.03026
써마지,6,all,2022-02-01,20.36587
써마지,6,all,2022-03-01,19.38908
써마지,6,all,2022-04-01,22.65823
써마지,6,all,2022-05-01,21.87905
써마지,6,all,2022-06-01,26.0516
써마지,6,all,2022-07-01,19.32697
써마지,6,all,2022-08-01,19.80125
써마지,6,all,2022-09-01,19.72785
써마지,6,all,2022-10-01,21.91858
써마지,6,all,2022-11-01,19.76172
써마지,6,all,2022-12-01,22.22347
써마지,6,all,2023-01-01,27.27118
써마지,6,all,2023-02-01,25.05222
써마지,6,all,2023-03-01,26.30003
써마지,6,all,2023-04-01,27.96567
써마지,6,all,2023-05-01,23.61244
써마지,6,all,2023-06-01,22.98006
써마지,6,all,2023-07-01,26.17017
써마지,6,all,2023-08-01,36.72858
써마지,6,all,2023-09-01,29.65953
써마지,6,all,2023-10-01,30.51775
써마지,6,all,2023-11-01,47.19101
써마지,6,all,2023-12-01,100.0
써마지,6,all,2024-01-01,55.88617
써마지,6,all,2024-02-01,44.91558
써마지,6,all,2024-03-01,37.63198
써마지,6,all,2024-04-01,35.40737
써마지,6,all,2024-05-01,37.21416
써마지,6,all,2024-06-01,30.78312
써마지,6,all,2024-07-01,37.58116
써마지,6,all,2024-08-01,55.45706
써마지,6,all,2024-09-01,45.9319
써마지,6,all,2024-10-01,34.56044
써마지,6,all,2024-11-01,35.45254
써마지,6,all,2024-12-01,61.14843
써마지,6,all,2025-01-01,69.27333
써마지,6,all,2025-02-01,70.41951
써마지,6,all,2025-03-01,53.75755
써마지,6,all,2025-04-01,55.7563
써마지,6,all,2025-05-01,43.96137
써마지,6,all,2025-06-01,39.04353
써마지,6,all,2025-07-01,39.21856
써마지,6,all,2025-08-01,37.35531
써마지,6,all,2025-09-01,32.53909
써마지,6,all,2025-10-01,31.12754
써마지,6,all,2025-11-01,32.41488
써마지,6,all,2025-12-01,32.71413
써마지,6,f,2016-01-01,6.37057
써마지,6,f,2016-02-01,5.54556
써마지,6,f,2016-03-01,6.4388
써마지,6,f,2016-04-01,6.61249
써마지,6,f,2016-05-01,9.54035
써마지,6,f,2016-06-01,7.40028
써마지,6,f,2016-07-01,6.12244
써마지,6,f,2016-08-01,6.54425
써마지,6,f,2016-09-01,6.4388
써마지,6,f,2016-10-01,6.42019
써마지,6,f,2016-11-01,6.51944
써마지,6,f,2016-12-01,7.25141
써마지,6,f,2017-01-01,7.60498
써마지,6,f,2017-02-01,10.01178
써마지,6,f,2017-03-01,8.02059
써마지,6,f,2017-04-01,8.09503
써마지,6,f,2017-05-01,5.65721
써마지,6,f,2017-06-01,5.97357
써마지,6,f,2017-07-01,6.62489
써마지,6,f,2017-08-01,7.12734
써마지,6,f,2017-09-01,6.91644
써마지,6,f,2017-10-01,6.87302
써마지,6,f,2017-11-01,7.13355
써마지,6,f,2017-12-01,5.49593
써마지,6,f,2018-01-01,8.90763
써마지,6,f,2018-02-01,7.66701
써마지,6,f,2018-03-01,9.0441
써마지,6,f,2018-04-01,8.14465
써마지,6,f,2018-05-01,7.4313
써마지,6,f,2018-06-01,5.54556
써마지,6,f,2018-07-01,6.30854
써마지,6,f,2018-08-01,6.51944
써마지,6,f,2018-09-01,6.55666
써마지,6,f,2018-10-01,8.93865
써마지,6,f,2018-11-01,10.8616
써마지,6,f,2018-12-01,10.38397
써마지,6,f,2019-01-01,13.22498
써마지,6,f,2019-02-01,16.81037
써마지,6,f,2019-03-01,18.25569
써마지,6,f,2019-04-01,13.57856
써마지,6,f,2019-05-01,15.60076
써마지,6,f,2019-06-01,12.56125
써마지,6,f,2019-07-01,14.75714
써마지,6,f,2019-08-01,13.59096
써마지,6,f,2019-09-01,13.07611
써마지,6,f,2019-10-01,17.46169
써마지,6,f,2019-11-01,18.61547
써마지,6,f,2019-12-01,17.60436
써마지,6,f,2020-01-01,18.0882
써마지,6,f,2020-02-01,16.20246
써마지,6,f,2020-03-01,14.81917
써마지,6,f,2020-04-01,35.7546
써마지,6,f,2020-05-01,24.44637
써마지,6,f,2020-06-01,20.42677
써마지,6,f,2020-07-01,22.908
써마지,6,f,2020-08-01,24.05557
써마지,6,f,2020-09-01,17.00266
써마지,6,f,2020-10-01,17.57335
써마지,6,f,2020-11-01,15.63798
써마지,6,f,2020-12-01,16.99026
써마지,6,f,2021-01-01,18.44798
써마지,6,f,2021-02-01,18.78295
써마지,6,f,2021-03-01,17.02127
써마지,6,f,2021-04-01,19.19856
써마지,6,f,2021-05-01,17.97034
써마지,6,f,2021-06-01,17.14533
써마지,6,f,2021-07-01,16.58706
써마지,6,f,2021-08-01,15.22238
써마지,6,f,2021-09-01,14.78816
써마지,6,f,2021-10-01,16.49401
써마지,6,f,2021-11-01,18.082
써마지,6,f,2021-12-01,21.45648
써마지,6,f,2022-01-01,23.06308
써마지,6,f,2022-02-01,19.47769
써마지,6,f,2022-03-01,18.479
써마지,6,f,2022-04-01,21.50611
써마지,6,f,2022-05-01,21.04708
써마지,6,f,2022-06-01,25.73661
써마지,6,f,2022-07-01,18.40456
써마지,6,f,2022-08-01,18.91942
써마지,6,f,2022-09-01,19.06209
써마지,6,f,2022-10-01,20.91681
써마지,6,f,2022-11-01,18.91942
써마지,6,f,2022-12-01,21.08429
써마지,6,f,2023-01-01,26.25147
써마지,6,f,2023-02-01,23.82606
써마지,6,f,2023-03-01,25.22796
써마지,6,f,2023-04-01,25.54432
써마지,6,f,2023-05-01,21.58675
써마지,6,f,2023-06-01,21.04087
써마지,6,f,2023-07-01,24.74412
써마지,6,f,2023-08-01,35.26456
써마지,6,f,2023-09-01,28.28608
써마지,6,f,2023-10-01,29.23515
써마지,6,f,2023-11-01,46.05173
써마지,6,f,2023-12-01,100.0
써마지,6,f,2024-01-01,54.35146
써마지,6,f,2024-02-01,43.62632
써마지,6,f,2024-03-01,35.70498
써마지,6,f,2024-04-01,33.3354
써마지,6,f,2024-05-01,34.69387
써마지,6,f,2024-06-01,28.47217
써마지,6,f,2024-07-01,35.22114
써마지,6,f,2024-08-01,53.84901
써마지,6,f,2024-09-01,43.7752
써마지,6,f,2024-10-01,31.88387
써마지,6,f,2024-11-01,32.72749
써마지,6,f,2024-12-01,58.4517
써마지,6,f,2025-01-01,67.37175
써마지,6,f,2025-02-01,65.21307
써마지,6,f,2025-03-01,48.91135
써마지,6,f,2025-04-01,48.2042
써마지,6,f,2025-05-01,38.9678
써마지,6,f,2025-06-01,34.06116
써마지,6,f,2025-07-01,33.89988
써마지,6,f,2025-08-01,33.87506
써마지,6,f,2025-09-01,29.06147
써마지,6,f,2025-10-01,28.02555
써마지,6,f,2025-11-01,29.06767
써마지,6,f,2025-12-01,28.83195
써마지,6,m,2016-01-01,16.25475
써마지,6,m,2016-02-01,10.40874
써마지,6,m,2016-03-01,15.49429
써마지,6,m,2016-04-01,10.59885
써마지,6,m,2016-05-01,41.39733
써마지,6,m,2016-06-01,16.77756
써마지,6,m,2016-07-01,13.16539
써마지,6,m,2016-08-01,9.12547
써마지,6,m,2016-09-01,8.60266
써마지,6,m,2016-10-01,9.98098
써마지,6,m,2016-11-01,9.26806
써마지,6,m,2016-12-01,12.26235
써마지,6,m,2017-01-01,6.89163
써마지,6,m,2017-02-01,11.97718
써마지,6,m,2017-03-01,11.45437
써마지,6,m,2017-04-01,7.08174
써마지,6,m,2017-05-01,9.07794
써마지,6,m,2017-06-01,7.74714
써마지,6,m,2017-07-01,8.5076
써마지,6,m,2017-08-01,7.69961
써마지,6,m,2017-09-01,10.21863
써마지,6,m,2017-10-01,9.173
써마지,6,m,2017-11-01,11.45437
써마지,6,m,2017-12-01,8.1749
써마지,6,m,2018-01-01,10.74144
써마지,6,m,2018-02-01,8.03231
써마지,6,m,2018-03-01,8.12737
써마지,6,m,2018-04-01,6.70152
써마지,6,m,2018-05-01,9.36311
써마지,6,m,2018-06-01,7.79467
써마지,6,m,2018-07-01,9.93346
써마지,6,m,2018-08-01,6.93916
써마지,6,m,2018-09-01,7.79467
써마지,6,m,2018-10-01,14.68631
써마지,6,m,2018-11-01,17.3479
써마지,6,m,2018-12-01,12.64258
써마지,6,m,2019-01-01,19.91444
써마지,6,m,2019-02-01,26.66349
써마지,6,m,2019-03-01,35.8365
써마지,6,m,2019-04-01,23.38403
써마지,6,m,2019-05-01,21.0076
써마지,6,m,2019-06-01,27.85171
써마지,6,m,2019-07-01,21.57794
써마지,6,m,2019-08-01,23.14638
써마지,6,m,2019-09-01,16.63498
써마지,6,m,2019-10-01,16.49239
써마지,6,m,2019-11-01,18.48859
써마지,6,m,2019-12-01,22.19581
써마지,6,m,2020-01-01,22.05323
써마지,6,m,2020-02-01,22.62357
써마지,6,m,2020-03-01,15.82699
써마지,6,m,2020-04-01,31.65399
써마지,6,m,2020-05-01,22.48098
써마지,6,m,2020-06-01,21.43536
써마지,6,m,2020-07-01,26.99619
써마지,6,m,2020-08-01,93.82129
써마지,6,m,2020-09-01,18.15589
써마지,6,m,2020-10-01,20.53231
써마지,6,m,2020-11-01,18.77376
써마지,6,m,2020-12-01,18.20342
써마지,6,m,2021-01-01,18.20342
써마지,6,m,2021-02-01,16.77756
써마지,6,m,2021-03-01,21.24524
써마지,6,m,2021-04-01,20.0095
써마지,6,m,2021-05-01,17.53802
써마지,6,m,2021-06-01,21.24524
써마지,6,m,2021-07-01,20.43726
써마지,6,m,2021-08-01,16.20722
써마지,6,m,2021-09-01,16.92015
써마지,6,m,2021-10-01,18.58365
써마지,6,m,2021-11-01,18.25095
써마지,6,m,2021-12-01,25.04752
써마지,6,m,2022-01-01,25.57034
써마지,6,m,2022-02-01,22.19581
써마지,6,m,2022-03-01,21.62547
써마지,6,m,2022-04-01,25.95057
써마지,6,m,2022-05-01,22.90874
써마지,6,m,2022-06-01,22.10076
써마지,6,m,2022-07-01,21.673
써마지,6,m,2022-08-01,21.72053
써마지,6,m,2022-09-01,20.0095
써마지,6,m,2022-10-01,24.23954
써마지,6,m,2022-11-01,21.38783
써마지,6,m,2022-12-01,25.52281
써마지,6,m,2023-01-01,28.42205
써마지,6,m,2023-02-01,28.32699
써마지,6,m,2023-03-01,28.08935
써마지,6,m,2023-04-01,39.68631
써마지,6,m,2023-05-01,33.36501
써마지,6,m,2023-06-01,32.22433
써마지,6,m,2023-07-01,30.70342
써마지,6,m,2023-08-01,38.97338
써마지,6,m,2023-09-01,32.93726
써마지,6,m,2023-10-01,32.88973
써마지,6,m,2023-11-01,44.39163
써마지,6,m,2023-12-01,75.57034
써마지,6,m,2024-01-01,53.99239
써마지,6,m,2024-02-01,43.82129
써마지,6,m,2024-03-01,43.20342
써마지,6,m,2024-04-01,42.63307
써마지,6,m,2024-05-01,47.43346
써마지,6,m,2024-06-01,40.96958
써마지,6,m,2024-07-01,46.48288
써마지,6,m,2024-08-01,54.23003
써마지,6,m,2024-09-01,51.23574
써마지,6,m,2024-10-01,46.62547
써마지,6,m,2024-11-01,47.6711
써마지,6,m,2024-12-01,66.87262
써마지,6,m,2025-01-01,66.92015
써마지,6,m,2025-02-01,93.10836
써마지,6,m,2025-03-01,77.75665
써마지,6,m,2025-04-01,100.0
써마지,6,m,2025-05-01,71.48288
써마지,6,m,2025-06-01,67.6806
써마지,6,m,2025-07-01,70.38973
써마지,6,m,2025-08-01,54.89543
써마지,6,m,2025-09-01,51.23574
써마지,6,m,2025-10-01,47.29087
써마지,6,m,2025-11-01,50.14258
써마지,6,m,2025-12-01,54.46768
써마지,7,all,2016-01-01,4.41065
써마지,7,all,2016-02-01,3.43543
써마지,7,all,2016-03-01,4.0117
써마지,7,all,2016-04-01,4.38405
써마지,7,all,2016-05-01,8.16082
써마지,7,all,2016-06-01,10.78948
써마지,7,all,2016-07-01,23.46735
써마지,7,all,2016-08-01,15.91382
써마지,7,all,2016-09-01,11.84006
써마지,7,all,2016-10-01,10.0359
써마지,7,all,2016-11-01,11.4411
써마지,7,all,2016-12-01,8.86564
써마지,7,all,2017-01-01,6.02863
써마지,7,all,2017-02-01,5.19526
써마지,7,all,2017-03-01,5.88235
써마지,7,all,2017-04-01,4.32643
써마지,7,all,2017-05-01,3.56842
써마지,7,all,2017-06-01,3.46646
써마지,7,all,2017-07-01,3.98953
써마지,7,all,2017-08-01,4.12695
써마지,7,all,2017-09-01,4.62343
써마지,7,all,2017-10-01,3.97624
써마지,7,all,2017-11-01,3.38224
써마지,7,all,2017-12-01,3.35121
써마지,7,all,2018-01-01,4.50374
써마지,7,all,2018-02-01,4.025
써마지,7,all,2018-03-01,4.45941
써마지,7,all,2018-04-01,4.49931
써마지,7,all,2018-05-01,3.64377
써마지,7,all,2018-06-01,3.02761
써마지,7,all,2018-07-01,3.07637
써마지,7,all,2018-08-01,2.94782
써마지,7,all,2018-09-01,3.90974
써마지,7,all,2018-10-01,4.95589
써마지,7,all,2018-11-01,6.268
써마지,7,all,2018-12-01,5.80699
써마지,7,all,2019-01-01,7.28755
써마지,7,all,2019-02-01,9.54829
써마지,7,all,2019-03-01,9.66798
써마지,7,all,2019-04-01,8.50658
써마지,7,all,2019-05-01,8.55977
써마지,7,all,2019-06-01,8.06773
써마지,7,all,2019-07-01,8.35586
써마지,7,all,2019-08-01,8.2938
써마지,7,all,2019-09-01,7.43384
써마지,7,all,2019-10-01,9.27789
써마지,7,all,2019-11-01,10.887
써마지,7,all,2019-12-01,11.76913
써마지,7,all,2020-01-01,11.2372
써마지,7,all,2020-02-01,9.97827
써마지,7,all,2020-03-01,7.03488
써마지,7,all,2020-04-01,16.04681
써마지,7,all,2020-05-01,12.89507
써마지,7,all,2020-06-01,11.53419
써마지,7,all,2020-07-01,13.4802
써마지,7,all,2020-08-01,17.37665
써마지,7,all,2020-09-01,11.08648
써마지,7,all,2020-10-01,11.25493
써마지,7,all,2020-11-01,10.38166
써마지,7,all,2020-12-01,10.21765
써마지,7,all,2021-01-01,13.25413
써마지,7,all,2021-02-01,13.02805
써마지,7,all,2021-03-01,13.94122
써마지,7,all,2021-04-01,13.7639
써마지,7,all,2021-05-01,12.16365
써마지,7,all,2021-06-01,12.43849
써마지,7,all,2021-07-01,11.80903
써마지,7,all,2021-08-01,9.7921
써마지,7,all,2021-09-01,10.18662
써마지,7,all,2021-10-01,11.97748
써마지,7,all,2021-11-01,13.22753
써마지,7,all,2021-12-01,15.47054
써마지,7,all,2022-01-01,17.98395
써마지,7,all,2022-02-01,14.49975
써마지,7,all,2022-03-01,14.615
써마지,7,all,2022-04-01,17.44758
써마지,7,all,2022-05-01,18.55135
써마지,7,all,2022-06-01,19.62852
써마지,7,all,2022-07-01,15.31539
써마지,7,all,2022-08-01,15.30652
써마지,7,all,2022-09-01,15.91382
써마지,7,all,2022-10-01,17.5052
써마지,7,all,2022-11-01,17.33676
써마지,7,all,2022-12-01,19.14535
써마지,7,all,2023-01-01,24.73957
써마지,7,all,2023-02-01,22.43007
써마지,7,all,2023-03-01,23.8796
써마지,7,all,2023-04-01,25.39119
써마지,7,all,2023-05-01,20.7057
써마지,7,all,2023-06-01,19.38915
써마지,7,all,2023-07-01,21.59226
써마지,7,all,2023-08-01,29.61124
써마지,7,all,2023-09-01,23.06396
써마지,7,all,2023-10-01,26.4861
써마지,7,all,2023-11-01,41.47346
써마지,7,all,2023-12-01,100.0
써마지,7,all,2024-01-01,44.36366
써마지,7,all,2024-02-01,42.0054
써마지,7,all,2024-03-01,32.51473
써마지,7,all,2024-04-01,29.9304
써마지,7,all,2024-05-01,32.35072
써마지,7,all,2024-06-01,26.97814
써마지,7,all,2024-07-01,30.25843
써마지,7,all,2024-08-01,40.87947
써마지,7,all,2024-09-01,34.31446
써마지,7,all,2024-10-01,27.36823
써마지,7,all,2024-11-01,29.11919
써마지,7,all,2024-12-01,48.9738
써마지,7,all,2025-01-01,49.90469
써마지,7,all,2025-02-01,65.82295
써마지,7,all,2025-03-01,44.41242
써마지,7,all,2025-04-01,46.88151
써마지,7,all,2025-05-01,37.18249
써마지,7,all,2025-06-01,30.15204
써마지,7,all,2025-07-01,30.2407
써마지,7,all,2025-08-01,28.12181
써마지,7,all,2025-09-01,23.92836
써마지,7,all,2025-10-01,22.58965
써마지,7,all,2025-11-01,26.81856
써마지,7,all,2025-12-01,26.62795
써마지,7,f,2016-01-01,2.62099
써마지,7,f,2016-02-01,2.13843
써마지,7,f,2016-03-01,3.0184
써마지,7,f,2016-04-01,2.87174
써마지,7,f,2016-05-01,4.85877
써마지,7,f,2016-06-01,8.58683
써마지,7,f,2016-07-01,19.53446
써마지,7,f,2016-08-01,12.82111
써마지,7,f,2016-09-01,8.89435
써마지,7,f,2016-10-01,7.8961
써마지,7,f,2016-11-01,9.12144
써마지,7,f,2016-12-01,6.94516
써마지,7,f,2017-01-01,4.93447
써마지,7,f,2017-02-01,4.1917
써마지,7,f,2017-03-01,4.67899
써마지,7,f,2017-04-01,3.47731
써마지,7,f,2017-05-01,2.67776
써마지,7,f,2017-06-01,2.64938
써마지,7,f,2017-07-01,3.00894
써마지,7,f,2017-08-01,3.19345
써마지,7,f,2017-09-01,3.30699
써마지,7,f,2017-10-01,3.22183
써마지,7,f,2017-11-01,2.54529
써마지,7,f,2017-12-01,2.58787
써마지,7,f,2018-01-01,3.83687
써마지,7,f,2018-02-01,3.59559
써마지,7,f,2018-03-01,4.03084
써마지,7,f,2018-04-01,4.14912
써마지,7,f,2018-05-01,3.20291
써마지,7,f,2018-06-01,2.62099
써마지,7,f,2018-07-01,2.67303
써마지,7,f,2018-08-01,2.4696
써마지,7,f,2018-09-01,3.3685
써마지,7,f,2018-10-01,4.24374
써마지,7,f,2018-11-01,5.16629
써마지,7,f,2018-12-01,4.93447
써마지,7,f,2019-01-01,6.30174
써마지,7,f,2019-02-01,8.19416
써마지,7,f,2019-03-01,7.90083
써마지,7,f,2019-04-01,7.41354
써마지,7,f,2019-05-01,7.423
써마지,7,f,2019-06-01,6.65657
써마지,7,f,2019-07-01,7.23376
써마지,7,f,2019-08-01,7.08709
써마지,7,f,2019-09-01,6.78904
써마지,7,f,2019-10-01,8.64361
써마지,7,f,2019-11-01,9.85948
써마지,7,f,2019-12-01,10.82462
써마지,7,f,2020-01-01,10.59753
써마지,7,f,2020-02-01,8.84231
써마지,7,f,2020-03-01,6.5241
써마지,7,f,2020-04-01,15.52727
써마지,7,f,2020-05-01,12.21081
써마지,7,f,2020-06-01,10.97128
써마지,7,f,2020-07-01,12.60349
써마지,7,f,2020-08-01,12.89681
써마지,7,f,2020-09-01,10.28528
써마지,7,f,2020-10-01,10.167
써마지,7,f,2020-11-01,9.46681
써마지,7,f,2020-12-01,9.23025
써마지,7,f,2021-01-01,12.22027
써마지,7,f,2021-02-01,12.30543
써마지,7,f,2021-03-01,12.77854
써마지,7,f,2021-04-01,12.67918
써마지,7,f,2021-05-01,11.52481
써마지,7,f,2021-06-01,11.60997
써마지,7,f,2021-07-01,10.93343
써마지,7,f,2021-08-01,9.21133
써마지,7,f,2021-09-01,9.62293
써마지,7,f,2021-10-01,11.38288
써마지,7,f,2021-11-01,12.34328
써마지,7,f,2021-12-01,14.46279
써마지,7,f,2022-01-01,16.95131
써마지,7,f,2022-02-01,13.63485
써마지,7,f,2022-03-01,13.68216
써마지,7,f,2022-04-01,16.63906
써마지,7,f,2022-05-01,17.28722
써마지,7,f,2022-06-01,19.00458
써마지,7,f,2022-07-01,14.39655
써마지,7,f,2022-08-01,14.59052
써마지,7,f,2022-09-01,15.15352
써마지,7,f,2022-10-01,16.45928
써마지,7,f,2022-11-01,16.55864
써마지,7,f,2022-12-01,18.33751
써마지,7,f,2023-01-01,23.49907
써마지,7,f,2023-02-01,21.53096
써마지,7,f,2023-03-01,22.77049
써마지,7,f,2023-04-01,24.31754
써마지,7,f,2023-05-01,19.70005
써마지,7,f,2023-06-01,18.20977
써마지,7,f,2023-07-01,20.36712
써마지,7,f,2023-08-01,28.52344
써마지,7,f,2023-09-01,21.90471
써마지,7,f,2023-10-01,25.68008
써마지,7,f,2023-11-01,40.73898
써마지,7,f,2023-12-01,100.0
써마지,7,f,2024-01-01,42.87268
써마지,7,f,2024-02-01,40.48351
써마지,7,f,2024-03-01,31.0025
써마지,7,f,2024-04-01,28.18753
써마지,7,f,2024-05-01,30.45843
써마지,7,f,2024-06-01,24.50678
써마지,7,f,2024-07-01,26.82499
써마지,7,f,2024-08-01,38.12272
써마지,7,f,2024-09-01,32.12849
써마지,7,f,2024-10-01,25.69901
써마지,7,f,2024-11-01,26.75876
써마지,7,f,2024-12-01,46.6244
써마지,7,f,2025-01-01,47.74092
써마지,7,f,2025-02-01,61.99082
써마지,7,f,2025-03-01,39.98202
써마지,7,f,2025-04-01,40.99446
써마지,7,f,2025-05-01,33.64242
써마지,7,f,2025-06-01,26.5979
써마지,7,f,2025-07-01,26.80134
써마지,7,f,2025-08-01,25.35837
써마지,7,f,2025-09-01,21.48838
써마지,7,f,2025-10-01,20.39551
써마지,7,f,2025-11-01,24.09518
써마지,7,f,2025-12-01,23.74982
써마지,7,m,2016-01-01,23.07692
써마지,7,m,2016-02-01,16.90214
써마지,7,m,2016-03-01,13.97174
써마지,7,m,2016-04-01,19.98953
써마지,7,m,2016-05-01,42.59549
써마지,7,m,2016-06-01,32.39141
써마지,7,m,2016-07-01,60.96284
써마지,7,m,2016-08-01,46.04918
써마지,7,m,2016-09-01,41.39194
써마지,7,m,2016-10-01,31.13553
써마지,7,m,2016-11-01,34.17059
써마지,7,m,2016-12-01,27.83882
써마지,7,m,2017-01-01,16.58817
써마지,7,m,2017-02-01,14.96598
써마지,7,m,2017-03-01,17.68707
써마지,7,m,2017-04-01,12.61119
써마지,7,m,2017-05-01,12.50654
써마지,7,m,2017-06-01,11.61695
써마지,7,m,2017-07-01,13.81475
써마지,7,m,2017-08-01,13.39612
써마지,7,m,2017-09-01,18.00104
써마지,7,m,2017-10-01,11.30298
써마지,7,m,2017-11-01,11.77394
써마지,7,m,2017-12-01,10.93668
써마지,7,m,2018-01-01,10.72736
써마지,7,m,2018-02-01,7.74463
써마지,7,m,2018-03-01,8.0586
써마지,7,m,2018-04-01,7.22135
써마지,7,m,2018-05-01,7.58765
써마지,7,m,2018-06-01,6.75039
써마지,7,m,2018-07-01,6.75039
써마지,7,m,2018-08-01,7.48299
써마지,7,m,2018-09-01,8.89586
써마지,7,m,2018-10-01,11.56462
써마지,7,m,2018-11-01,16.84981
써마지,7,m,2018-12-01,13.97174
써마지,7,m,2019-01-01,16.32653
써마지,7,m,2019-02-01,22.08267
써마지,7,m,2019-03-01,26.73992
써마지,7,m,2019-04-01,18.41967
써마지,7,m,2019-05-01,18.94296
써마지,7,m,2019-06-01,21.61172
써마지,7,m,2019-07-01,18.62899
써마지,7,m,2019-08-01,19.51857
써마지,7,m,2019-09-01,12.66352
써마지,7,m,2019-10-01,13.91941
써마지,7,m,2019-11-01,19.46624
써마지,7,m,2019-12-01,19.2046
써마지,7,m,2020-01-01,15.43694
써마지,7,m,2020-02-01,19.98953
써마지,7,m,2020-03-01,10.88435
써마지,7,m,2020-04-01,17.68707
써마지,7,m,2020-05-01,17.16378
써마지,7,m,2020-06-01,14.809
써마지,7,m,2020-07-01,19.72789
써마지,7,m,2020-08-01,62.48037
써마지,7,m,2020-09-01,17.11145
써마지,7,m,2020-10-01,20.40816
써마지,7,m,2020-11-01,17.84406
써마지,7,m,2020-12-01,18.52433
써마지,7,m,2021-01-01,21.29774
써마지,7,m,2021-02-01,17.68707
써마지,7,m,2021-03-01,23.2339
써마지,7,m,2021-04-01,22.23966
써마지,7,m,2021-05-01,16.11721
써마지,7,m,2021-06-01,18.41967
써마지,7,m,2021-07-01,18.472
써마지,7,m,2021-08-01,13.71009
써마지,7,m,2021-09-01,13.81475
써마지,7,m,2021-10-01,15.48927
써마지,7,m,2021-11-01,19.62323
써마지,7,m,2021-12-01,22.65829
써마지,7,m,2022-01-01,24.80376
써마지,7,m,2022-02-01,20.35583
써마지,7,m,2022-03-01,21.19309
써마지,7,m,2022-04-01,21.92569
써마지,7,m,2022-05-01,27.78649
써마지,7,m,2022-06-01,21.50706
써마지,7,m,2022-07-01,21.55939
써마지,7,m,2022-08-01,19.30926
써마지,7,m,2022-09-01,20.25117
써마지,7,m,2022-10-01,24.59445
써마지,7,m,2022-11-01,21.50706
써마지,7,m,2022-12-01,23.18158
써마지,7,m,2023-01-01,32.12977
써마지,7,m,2023-02-01,26.63526
써마지,7,m,2023-03-01,30.03663
써마지,7,m,2023-04-01,30.76923
써마지,7,m,2023-05-01,26.53061
써마지,7,m,2023-06-01,27.47252
써마지,7,m,2023-07-01,29.618
써마지,7,m,2023-08-01,34.06593
써마지,7,m,2023-09-01,29.9843
써마지,7,m,2023-10-01,28.62375
써마지,7,m,2023-11-01,38.98482
써마지,7,m,2023-12-01,74.4113
써마지,7,m,2024-01-01,49.50287
써마지,7,m,2024-02-01,48.09
써마지,7,m,2024-03-01,40.92098
써마지,7,m,2024-04-01,41.54892
써마지,7,m,2024-05-01,45.00261
써마지,7,m,2024-06-01,47.40973
써마지,7,m,2024-07-01,60.49188
써마지,7,m,2024-08-01,60.91051
써마지,7,m,2024-09-01,49.71219
써마지,7,m,2024-10-01,38.82783
써마지,7,m,2024-11-01,47.77603
써마지,7,m,2024-12-01,62.42804
써마지,7,m,2025-01-01,61.0675
써마지,7,m,2025-02-01,91.36577
써마지,7,m,2025-03-01,82.05128
써마지,7,m,2025-04-01,100.0
써마지,7,m,2025-05-01,66.82365
써마지,7,m,2025-06-01,61.74777
써마지,7,m,2025-07-01,60.54421
써마지,7,m,2025-08-01,51.49136
써마지,7,m,2025-09-01,44.7933
써마지,7,m,2025-10-01,41.07796
써마지,7,m,2025-11-01,50.07849
써마지,7,m,2025-12-01,51.64835
써마지,8,all,2016-01-01,3.01096
써마지,8,all,2016-02-01,2.25016
써마지,8,all,2016-03-01,3.30754
써마지,8,all,2016-04-01,3.20438
써마지,8,all,2016-05-01,8.07865
써마지,8,all,2016-06-01,3.75886
써마지,8,all,2016-07-01,2.39845
써마지,8,all,2016-08-01,2.26305
써마지,8,all,2016-09-01,2.6499
써마지,8,all,2016-10-01,2.93359
써마지,8,all,2016-11-01,3.52675
써마지,8,all,2016-12-01,3.35267
써마지,8,all,2017-01-01,3.07543
써마지,8,all,2017-02-01,3.71373
써마지,8,all,2017-03-01,4.1586
써마지,8,all,2017-04-01,3.69439
써마지,8,all,2017-05-01,2.92069
써마지,8,all,2017-06-01,2.84332
써마지,8,all,2017-07-01,3.26885
써마지,8,all,2017-08-01,3.35267
써마지,8,all,2017-09-01,3.02385
써마지,8,all,2017-10-01,3.12701
써마지,8,all,2017-11-01,2.65635
써마지,8,all,2017-12-01,2.59187
써마지,8,all,2018-01-01,4.43584
써마지,8,all,2018-02-01,3.69439
써마지,8,all,2018-03-01,3.86202
써마지,8,all,2018-04-01,3.93294
써마지,8,all,2018-05-01,3.64925
써마지,8,all,2018-06-01,2.61766
써마지,8,all,2018-07-01,2.21792
써마지,8,all,2018-08-01,2.30818
써마지,8,all,2018-09-01,3.1399
써마지,8,all,2018-10-01,4.77756
써마지,8,all,2018-11-01,5.60928
써마지,8,all,2018-12-01,5.53836
써마지,8,all,2019-01-01,6.15087
써마지,8,all,2019-02-01,10.10315
써마지,8,all,2019-03-01,9.27143
써마지,8,all,2019-04-01,7.13088
써마지,8,all,2019-05-01,7.04061
써마지,8,all,2019-06-01,6.77627
써마지,8,all,2019-07-01,7.34364
써마지,8,all,2019-08-01,7.97549
써마지,8,all,2019-09-01,6.39587
써마지,8,all,2019-10-01,8.39458
써마지,8,all,2019-11-01,11.68278
써마지,8,all,2019-12-01,10.8833
써마지,8,all,2020-01-01,10.78014
써마지,8,all,2020-02-01,9.90328
써마지,8,all,2020-03-01,6.77627
써마지,8,all,2020-04-01,14.22308
써마지,8,all,2020-05-01,13.56544
써마지,8,all,2020-06-01,9.05867
써마지,8,all,2020-07-01,11.43778
써마지,8,all,2020-08-01,15.62862
써마지,8,all,2020-09-01,10.735
써마지,8,all,2020-10-01,10.87685
써마지,8,all,2020-11-01,8.94261
써마지,8,all,2020-12-01,10.58027
써마지,8,all,2021-01-01,11.5087
써마지,8,all,2021-02-01,10.67053
써마지,8,all,2021-03-01,11.5087
써마지,8,all,2021-04-01,11.17988
써마지,8,all,2021-05-01,11.32172
써마지,8,all,2021-06-01,10.87685
써마지,8,all,2021-07-01,10.30303
써마지,8,all,2021-08-01,8.76853
써마지,8,all,2021-09-01,8.88459
써마지,8,all,2021-10-01,11.28949
써마지,8,all,2021-11-01,11.93423
써마지,8,all,2021-12-01,15.00322
써마지,8,all,2022-01-01,16.02836
써마지,8,all,2022-02-01,13.40425
써마지,8,all,2022-03-01,13.74597
써마지,8,all,2022-04-01,15.66086
써마지,8,all,2022-05-01,17.56286
써마지,8,all,2022-06-01,19.21985
써마지,8,all,2022-07-01,14.59058
써마지,8,all,2022-08-01,14.78401
써마지,8,all,2022-09-01,14.86137
써마지,8,all,2022-10-01,16.8343
써마지,8,all,2022-11-01,15.67375
써마지,8,all,2022-12-01,17.97549
써마지,8,all,2023-01-01,22.66924
써마지,8,all,2023-02-01,20.61895
써마지,8,all,2023-03-01,21.16054
써마지,8,all,2023-04-01,24.99032
써마지,8,all,2023-05-01,19.21985
써마지,8,all,2023-06-01,18.07221
써마지,8,all,2023-07-01,20.43842
써마지,8,all,2023-08-01,25.91876
써마지,8,all,2023-09-01,20.76079
써마지,8,all,2023-10-01,27.30496
써마지,8,all,2023-11-01,42.0245
써마지,8,all,2023-12-01,100.0
써마지,8,all,2024-01-01,36.67956
써마지,8,all,2024-02-01,39.21985
써마지,8,all,2024-03-01,29.07801
써마지,8,all,2024-04-01,27.8272
써마지,8,all,2024-05-01,28.21405
써마지,8,all,2024-06-01,22.85622
써마지,8,all,2024-07-01,25.2998
써마지,8,all,2024-08-01,31.79239
써마지,8,all,2024-09-01,28.31076
써마지,8,all,2024-10-01,24.90651
써마지,8,all,2024-11-01,28.55577
써마지,8,all,2024-12-01,45.80915
써마지,8,all,2025-01-01,45.86073
써마지,8,all,2025-02-01,73.93939
써마지,8,all,2025-03-01,44.95809
써마지,8,all,2025-04-01,49.72275
써마지,8,all,2025-05-01,40.83172
써마지,8,all,2025-06-01,29.12959
써마지,8,all,2025-07-01,28.83301
써마지,8,all,2025-08-01,27.48549
써마지,8,all,2025-09-01,24.11347
써마지,8,all,2025-10-01,23.5332
써마지,8,all,2025-11-01,26.65377
써마지,8,all,2025-12-01,26.69245
써마지,8,f,2016-01-01,2.1205
써마지,8,f,2016-02-01,1.48229
써마지,8,f,2016-03-01,2.3401
써마지,8,f,2016-04-01,2.58029
써마지,8,f,2016-05-01,5.07823
써마지,8,f,2016-06-01,2.64205
써마지,8,f,2016-07-01,1.78424
써마지,8,f,2016-08-01,1.9009
써마지,8,f,2016-09-01,2.20285
써마지,8,f,2016-10-01,2.395
써마지,8,f,2016-11-01,2.82047
써마지,8,f,2016-12-01,2.36069
써마지,8,f,2017-01-01,2.64205
써마지,8,f,2017-02-01,3.17732
써마지,8,f,2017-03-01,3.41065
써마지,8,f,2017-04-01,3.08125
써마지,8,f,2017-05-01,2.47735
써마지,8,f,2017-06-01,2.3401
써마지,8,f,2017-07-01,2.82734
써마지,8,f,2017-08-01,2.82047
써마지,8,f,2017-09-01,2.53911
써마지,8,f,2017-10-01,2.74499
써마지,8,f,2017-11-01,2.09305
써마지,8,f,2017-12-01,2.21657
써마지,8,f,2018-01-01,3.81553
써마지,8,f,2018-02-01,3.33516
써마지,8,f,2018-03-01,3.3832
써마지,8,f,2018-04-01,3.55476
써마지,8,f,2018-05-01,3.25967
써마지,8,f,2018-06-01,2.35382
써마지,8,f,2018-07-01,1.94894
써마지,8,f,2018-08-01,2.01756
써마지,8,f,2018-09-01,2.77244
써마지,8,f,2018-10-01,4.06258
써마지,8,f,2018-11-01,4.49492
써마지,8,f,2018-12-01,4.79
써마지,8,f,2019-01-01,5.46253
써마지,8,f,2019-02-01,8.75651
써마지,8,f,2019-03-01,7.53499
써마지,8,f,2019-04-01,5.87427
써마지,8,f,2019-05-01,6.00466
써마지,8,f,2019-06-01,5.68899
써마지,8,f,2019-07-01,6.02525
써마지,8,f,2019-08-01,6.57425
써마지,8,f,2019-09-01,5.7233
써마지,8,f,2019-10-01,7.69969
써마지,8,f,2019-11-01,10.95251
써마지,8,f,2019-12-01,9.64864
써마지,8,f,2020-01-01,9.97117
써마지,8,f,2020-02-01,8.92121
써마지,8,f,2020-03-01,6.19681
써마지,8,f,2020-04-01,13.5328
써마지,8,f,2020-05-01,12.97694
써마지,8,f,2020-06-01,8.28987
써마지,8,f,2020-07-01,10.62997
써마지,8,f,2020-08-01,11.78287
써마지,8,f,2020-09-01,9.69667
써마지,8,f,2020-10-01,9.51139
써마지,8,f,2020-11-01,7.26049
써마지,8,f,2020-12-01,9.14768
써마지,8,f,2021-01-01,10.90447
써마지,8,f,2021-02-01,9.97804
써마지,8,f,2021-03-01,10.49958
써마지,8,f,2021-04-01,10.24567
써마지,8,f,2021-05-01,10.65742
써마지,8,f,2021-06-01,10.06038
써마지,8,f,2021-07-01,9.26434
써마지,8,f,2021-08-01,8.20752
써마지,8,f,2021-09-01,8.20065
써마지,8,f,2021-10-01,9.93686
써마지,8,f,2021-11-01,11.00741
써마지,8,f,2021-12-01,13.93768
써마지,8,f,2022-01-01,15.26214
써마지,8,f,2022-02-01,12.63381
써마지,8,f,2022-03-01,12.73675
써마지,8,f,2022-04-01,14.30139
써마지,8,f,2022-05-01,15.98956
써마지,8,f,2022-06-01,17.84243
써마지,8,f,2022-07-01,13.77985
써마지,8,f,2022-08-01,13.7524
써마지,8,f,2022-09-01,14.30139
써마지,8,f,2022-10-01,15.68075
써마지,8,f,2022-11-01,14.1916
써마지,8,f,2022-12-01,16.60719
써마지,8,f,2023-01-01,21.66483
써마지,8,f,2023-02-01,19.55805
써마지,8,f,2023-03-01,20.23057
써마지,8,f,2023-04-01,24.19709
써마지,8,f,2023-05-01,18.21301
써마지,8,f,2023-06-01,16.90227
써마지,8,f,2023-07-01,19.53746
써마지,8,f,2023-08-01,24.69805
써마지,8,f,2023-09-01,19.55805
써마지,8,f,2023-10-01,26.65385
써마지,8,f,2023-11-01,41.35328
써마지,8,f,2023-12-01,100.0
써마지,8,f,2024-01-01,35.4241
써마지,8,f,2024-02-01,38.53966
써마지,8,f,2024-03-01,28.2185
써마지,8,f,2024-04-01,26.74306
써마지,8,f,2024-05-01,27.1205
써마지,8,f,2024-06-01,21.52072
써마지,8,f,2024-07-01,24.0118
써마지,8,f,2024-08-01,30.45566
써마지,8,f,2024-09-01,26.6264
써마지,8,f,2024-10-01,23.67554
써마지,8,f,2024-11-01,26.80483
써마지,8,f,2024-12-01,44.24924
써마지,8,f,2025-01-01,43.08262
써마지,8,f,2025-02-01,70.25116
써마지,8,f,2025-03-01,41.93659
써마지,8,f,2025-04-01,44.57864
써마지,8,f,2025-05-01,37.64068
써마지,8,f,2025-06-01,26.04995
써마지,8,f,2025-07-01,26.06368
써마지,8,f,2025-08-01,25.28822
써마지,8,f,2025-09-01,21.95992
써마지,8,f,2025-10-01,21.80894
써마지,8,f,2025-11-01,24.1765
써마지,8,f,2025-12-01,23.94317
써마지,8,m,2016-01-01,12.83509
써마지,8,m,2016-02-01,10.80422
써마지,8,m,2016-03-01,13.97238
써마지,8,m,2016-04-01,9.8294
써마지,8,m,2016-05-01,41.67343
써마지,8,m,2016-06-01,16.08448
써마지,8,m,2016-07-01,9.09829
써마지,8,m,2016-08-01,6.01137
써마지,8,m,2016-09-01,7.31112
써마지,8,m,2016-10-01,8.61088
써마지,8,m,2016-11-01,11.04792
써마지,8,m,2016-12-01,14.29731
써마지,8,m,2017-01-01,7.47359
써마지,8,m,2017-02-01,9.17952
써마지,8,m,2017-03-01,12.02274
써마지,8,m,2017-04-01,10.07311
써마지,8,m,2017-05-01,7.47359
써마지,8,m,2017-06-01,8.12347
써마지,8,m,2017-07-01,7.7173
써마지,8,m,2017-08-01,8.85458
써마지,8,m,2017-09-01,8.04224
써마지,8,m,2017-10-01,6.90495
써마지,8,m,2017-11-01,8.69212
써마지,8,m,2017-12-01,6.41754
써마지,8,m,2018-01-01,10.72298
써마지,8,m,2018-02-01,7.06742
써마지,8,m,2018-03-01,8.61088
써마지,8,m,2018-04-01,7.47359
써마지,8,m,2018-05-01,7.39236
써마지,8,m,2018-06-01,5.11779
써마지,8,m,2018-07-01,4.87408
써마지,8,m,2018-08-01,5.19902
써마지,8,m,2018-09-01,6.74248
써마지,8,m,2018-10-01,12.10398
써마지,8,m,2018-11-01,17.46547
써마지,8,m,2018-12-01,13.07879
써마지,8,m,2019-01-01,12.83509
써마지,8,m,2019-02-01,23.63931
써마지,8,m,2019-03-01,27.61982
써마지,8,m,2019-04-01,20.30869
써마지,8,m,2019-05-01,17.62794
써마지,8,m,2019-06-01,18.03411
써마지,8,m,2019-07-01,21.20227
써마지,8,m,2019-08-01,22.6645
써마지,8,m,2019-09-01,12.83509
써마지,8,m,2019-10-01,14.62225
써마지,8,m,2019-11-01,17.5467
써마지,8,m,2019-12-01,22.9082
써마지,8,m,2020-01-01,17.79041
써마지,8,m,2020-02-01,19.1714
써마지,8,m,2020-03-01,12.02274
써마지,8,m,2020-04-01,19.00893
써마지,8,m,2020-05-01,17.303
써마지,8,m,2020-06-01,16.00324
써마지,8,m,2020-07-01,18.27782
써마지,8,m,2020-08-01,57.43298
써마지,8,m,2020-09-01,20.47116
써마지,8,m,2020-10-01,24.45166
써마지,8,m,2020-11-01,26.72623
써마지,8,m,2020-12-01,25.0203
써마지,8,m,2021-01-01,15.92201
써마지,8,m,2021-02-01,16.32818
써마지,8,m,2021-03-01,20.71486
써마지,8,m,2021-04-01,19.57757
써마지,8,m,2021-05-01,16.49065
써마지,8,m,2021-06-01,17.95288
써마지,8,m,2021-07-01,20.14622
써마지,8,m,2021-08-01,13.3225
써마지,8,m,2021-09-01,14.86596
써마지,8,m,2021-10-01,24.61413
써마지,8,m,2021-11-01,20.06498
써마지,8,m,2021-12-01,24.04549
써마지,8,m,2022-01-01,21.2835
써마지,8,m,2022-02-01,19.33387
써마지,8,m,2022-03-01,22.42079
써마지,8,m,2022-04-01,28.02599
써마지,8,m,2022-05-01,32.00649
써마지,8,m,2022-06-01,30.95044
써마지,8,m,2022-07-01,20.71486
써마지,8,m,2022-08-01,23.47684
써마지,8,m,2022-09-01,17.95288
써마지,8,m,2022-10-01,26.48253
써마지,8,m,2022-11-01,29.48822
써마지,8,m,2022-12-01,29.89439
써마지,8,m,2023-01-01,29.16328
써마지,8,m,2023-02-01,28.26969
써마지,8,m,2023-03-01,27.13241
써마지,8,m,2023-04-01,28.43216
써마지,8,m,2023-05-01,26.56376
써마지,8,m,2023-06-01,27.61982
써마지,8,m,2023-07-01,26.23883
써마지,8,m,2023-08-01,34.19983
써마지,8,m,2023-09-01,30.05686
써마지,8,m,2023-10-01,28.5134
써마지,8,m,2023-11-01,39.9675
써마지,8,m,2023-12-01,76.19821
써마지,8,m,2024-01-01,42.81072
써마지,8,m,2024-02-01,37.93663
써마지,8,m,2024-03-01,32.33143
써마지,8,m,2024-04-01,34.03736
써마지,8,m,2024-05-01,34.44354
써마지,8,m,2024-06-01,33.22502
써마지,8,m,2024-07-01,34.52477
써마지,8,m,2024-08-01,40.04874
써마지,8,m,2024-09-01,41.51096
써마지,8,m,2024-10-01,33.54995
써마지,8,m,2024-11-01,42.48578
써마지,8,m,2024-12-01,53.37124
써마지,8,m,2025-01-01,67.83103
써마지,8,m,2025-02-01,100.0
써마지,8,m,2025-03-01,70.02437
써마지,8,m,2025-04-01,98.78147
써마지,8,m,2025-05-01,68.88708
써마지,8,m,2025-06-01,58.6515
써마지,8,m,2025-07-01,54.75223
써마지,8,m,2025-08-01,46.95369
써마지,8,m,2025-09-01,43.86677
써마지,8,m,2025-10-01,38.34281
써마지,8,m,2025-11-01,49.63444
써마지,8,m,2025-12-01,52.88383
써마지,9,all,2016-01-01,1.14855
써마지,9,all,2016-02-01,1.65693
써마지,9,all,2016-03-01,2.54189
써마지,9,all,2016-04-01,1.28977
써마지,9,all,2016-05-01,6.67482
써마지,9,all,2016-06-01,2.30653
써마지,9,all,2016-07-01,2.68311
써마지,9,all,2016-08-01,1.48747
써마지,9,all,2016-09-01,1.56279
써마지,9,all,2016-10-01,1.43099
써마지,9,all,2016-11-01,1.71342
써마지,9,all,2016-12-01,1.54396
써마지,9,all,2017-01-01,1.74166
써마지,9,all,2017-02-01,2.24063
써마지,9,all,2017-03-01,1.96761
써마지,9,all,2017-04-01,1.61928
써마지,9,all,2017-05-01,1.5063
써마지,9,all,2017-06-01,1.4404
써마지,9,all,2017-07-01,1.66635
써마지,9,all,2017-08-01,1.69459
써마지,9,all,2017-09-01,1.81698
써마지,9,all,2017-10-01,1.70401
써마지,9,all,2017-11-01,1.43099
써마지,9,all,2017-12-01,1.10148
써마지,9,all,2018-01-01,2.12765
써마지,9,all,2018-02-01,1.82639
써마지,9,all,2018-03-01,2.50423
써마지,9,all,2018-04-01,2.06175
써마지,9,all,2018-05-01,1.88288
써마지,9,all,2018-06-01,1.56279
써마지,9,all,2018-07-01,1.4404
써마지,9,all,2018-08-01,1.28036
써마지,9,all,2018-09-01,1.77932
써마지,9,all,2018-10-01,2.73959
써마지,9,all,2018-11-01,3.07851
써마지,9,all,2018-12-01,3.37036
써마지,9,all,2019-01-01,3.76576
써마지,9,all,2019-02-01,5.52626
써마지,9,all,2019-03-01,5.69572
써마지,9,all,2019-04-01,4.90491
써마지,9,all,2019-05-01,5.45095
써마지,9,all,2019-06-01,4.41536
써마지,9,all,2019-07-01,5.59216
써마지,9,all,2019-08-01,5.62982
써마지,9,all,2019-09-01,4.62248
써마지,9,all,2019-10-01,5.99698
써마지,9,all,2019-11-01,7.34324
써마지,9,all,2019-12-01,7.49388
써마지,9,all,2020-01-01,6.52419
써마지,9,all,2020-02-01,7.34324
써마지,9,all,2020-03-01,4.77311
써마지,9,all,2020-04-01,8.48239
써마지,9,all,2020-05-01,8.70834
써마지,9,all,2020-06-01,6.87252
써마지,9,all,2020-07-01,8.1623
써마지,9,all,2020-08-01,12.05987
써마지,9,all,2020-09-01,7.68216
써마지,9,all,2020-10-01,8.00225
써마지,9,all,2020-11-01,6.19469
써마지,9,all,2020-12-01,8.0305
써마지,9,all,2021-01-01,9.4709
써마지,9,all,2021-02-01,8.96253
써마지,9,all,2021-03-01,9.46149
써마지,9,all,2021-04-01,8.82131
써마지,9,all,2021-05-01,9.06608
써마지,9,all,2021-06-01,8.19996
써마지,9,all,2021-07-01,6.58068
써마지,9,all,2021-08-01,7.00433
써마지,9,all,2021-09-01,6.61833
써마지,9,all,2021-10-01,9.0755
써마지,9,all,2021-11-01,10.02636
써마지,9,all,2021-12-01,11.8151
써마지,9,all,2022-01-01,13.39672
써마지,9,all,2022-02-01,10.87365
써마지,9,all,2022-03-01,11.2973
써마지,9,all,2022-04-01,12.78478
써마지,9,all,2022-05-01,14.02749
써마지,9,all,2022-06-01,14.0369
써마지,9,all,2022-07-01,11.02428
써마지,9,all,2022-08-01,11.37262
써마지,9,all,2022-09-01,12.72829
써마지,9,all,2022-10-01,14.56411
써마지,9,all,2022-11-01,14.8842
써마지,9,all,2022-12-01,15.43023
써마지,9,all,2023-01-01,21.18245
써마지,9,all,2023-02-01,19.82677
써마지,9,all,2023-03-01,21.20128
써마지,9,all,2023-04-01,24.53398
써마지,9,all,2023-05-01,18.17925
써마지,9,all,2023-06-01,14.95951
써마지,9,all,2023-07-01,18.97947
써마지,9,all,2023-08-01,21.94501
써마지,9,all,2023-09-01,18.30163
써마지,9,all,2023-10-01,25.62605
써마지,9,all,2023-11-01,42.99566
써마지,9,all,2023-12-01,100.0
써마지,9,all,2024-01-01,35.52061
써마지,9,all,2024-02-01,41.79062
써마지,9,all,2024-03-01,30.0979
써마지,9,all,2024-04-01,25.51308
써마지,9,all,2024-05-01,26.75578
써마지,9,all,2024-06-01,19.93974
써마지,9,all,2024-07-01,22.88646
써마지,9,all,2024-08-01,26.31331
써마지,9,all,2024-09-01,25.39069
써마지,9,all,2024-10-01,23.28186
써마지,9,all,2024-11-01,28.57277
써마지,9,all,2024-12-01,44.01242
써마지,9,all,2025-01-01,42.88269
써마지,9,all,2025-02-01,77.08529
써마지,9,all,2025-03-01,39.93598
써마지,9,all,2025-04-01,48.94558
써마지,9,all,2025-05-01,47.89116
써마지,9,all,2025-06-01,29.74957
써마지,9,all,2025-07-01,28.26209
써마지,9,all,2025-08-01,24.43042
써마지,9,all,2025-09-01,21.46488
써마지,9,all,2025-10-01,20.23159
써마지,9,all,2025-11-01,25.29655
써마지,9,all,2025-12-01,23.96912
써마지,9,f,2016-01-01,0.97723
써마지,9,f,2016-02-01,1.18879
써마지,9,f,2016-03-01,1.89401
써마지,9,f,2016-04-01,0.97723
써마지,9,f,2016-05-01,3.61676
써마지,9,f,2016-06-01,1.31976
써마지,9,f,2016-07-01,1.16864
써마지,9,f,2016-08-01,1.19887
써마지,9,f,2016-09-01,1.22909
써마지,9,f,2016-10-01,1.09812
써마지,9,f,2016-11-01,1.4608
써마지,9,f,2016-12-01,1.1082
써마지,9,f,2017-01-01,1.36006
써마지,9,f,2017-02-01,1.98468
써마지,9,f,2017-03-01,1.75297
써마지,9,f,2017-04-01,1.31976
써마지,9,f,2017-05-01,1.16864
써마지,9,f,2017-06-01,1.16864
써마지,9,f,2017-07-01,1.36006
써마지,9,f,2017-08-01,1.34998
써마지,9,f,2017-09-01,1.51118
써마지,9,f,2017-10-01,1.33991
써마지,9,f,2017-11-01,1.14849
써마지,9,f,2017-12-01,0.9873
써마지,9,f,2018-01-01,1.87386
써마지,9,f,2018-02-01,1.60185
써마지,9,f,2018-03-01,2.29699
써마지,9,f,2018-04-01,1.76304
써마지,9,f,2018-05-01,1.68245
써마지,9,f,2018-06-01,1.38021
써마지,9,f,2018-07-01,1.32984
써마지,9,f,2018-08-01,1.15857
써마지,9,f,2018-09-01,1.5011
써마지,9,f,2018-10-01,2.26677
써마지,9,f,2018-11-01,2.72012
써마지,9,f,2018-12-01,3.04251
써마지,9,f,2019-01-01,3.40519
써마지,9,f,2019-02-01,4.54362
써마지,9,f,2019-03-01,4.3925
써마지,9,f,2019-04-01,4.03989
써마지,9,f,2019-05-01,4.61414
써마지,9,f,2019-06-01,3.7578
써마지,9,f,2019-07-01,4.88615
써마지,9,f,2019-08-01,4.56377
써마지,9,f,2019-09-01,4.02982
써마지,9,f,2019-10-01,5.49063
써마지,9,f,2019-11-01,7.02196
써마지,9,f,2019-12-01,6.98166
써마지,9,f,2020-01-01,6.0145
써마지,9,f,2020-02-01,6.33689
써마지,9,f,2020-03-01,4.10034
써마지,9,f,2020-04-01,7.96897
써마지,9,f,2020-05-01,8.25105
써마지,9,f,2020-06-01,6.04473
써마지,9,f,2020-07-01,7.30404
써마지,9,f,2020-08-01,9.09732
써마지,9,f,2020-09-01,6.91114
써마지,9,f,2020-10-01,7.02196
써마지,9,f,2020-11-01,5.70219
써마지,9,f,2020-12-01,7.40479
써마지,9,f,2021-01-01,8.785
써마지,9,f,2021-02-01,8.24098
써마지,9,f,2021-03-01,8.37195
써마지,9,f,2021-04-01,8.24098
써마지,9,f,2021-05-01,8.40217
써마지,9,f,2021-06-01,7.77755
써마지,9,f,2021-07-01,5.83316
써마지,9,f,2021-08-01,6.5283
써마지,9,f,2021-09-01,6.0145
써마지,9,f,2021-10-01,8.30143
써마지,9,f,2021-11-01,9.22828
써마지,9,f,2021-12-01,10.91073
써마지,9,f,2022-01-01,12.83497
써마지,9,f,2022-02-01,10.46745
써마지,9,f,2022-03-01,10.69917
써마지,9,f,2022-04-01,12.1499
써마지,9,f,2022-05-01,13.48982
써마지,9,f,2022-06-01,13.43945
써마지,9,f,2022-07-01,10.35663
써마지,9,f,2022-08-01,11.00141
써마지,9,f,2022-09-01,12.22043
써마지,9,f,2022-10-01,13.99355
써마지,9,f,2022-11-01,13.95325
써마지,9,f,2022-12-01,14.09429
써마지,9,f,2023-01-01,20.33044
써마지,9,f,2023-02-01,18.84948
써마지,9,f,2023-03-01,20.49163
써마지,9,f,2023-04-01,23.69534
써마지,9,f,2023-05-01,17.40882
써마지,9,f,2023-06-01,14.12452
써마지,9,f,2023-07-01,18.3659
써마지,9,f,2023-08-01,20.7838
써마지,9,f,2023-09-01,17.48942
써마지,9,f,2023-10-01,24.64235
써마지,9,f,2023-11-01,42.41386
써마지,9,f,2023-12-01,100.0
써마지,9,f,2024-01-01,35.05943
써마지,9,f,2024-02-01,40.87245
써마지,9,f,2024-03-01,28.99455
써마지,9,f,2024-04-01,24.42071
써마지,9,f,2024-05-01,25.22667
써마지,9,f,2024-06-01,18.83941
써마지,9,f,2024-07-01,21.46886
써마지,9,f,2024-08-01,24.99496
써마지,9,f,2024-09-01,23.95728
써마지,9,f,2024-10-01,21.74088
써마지,9,f,2024-11-01,27.30203
써마지,9,f,2024-12-01,42.82691
써마지,9,f,2025-01-01,41.9202
써마지,9,f,2025-02-01,74.49123
써마지,9,f,2025-03-01,37.64859
써마지,9,f,2025-04-01,45.68809
써마지,9,f,2025-05-01,44.8519
써마지,9,f,2025-06-01,27.16099
써마지,9,f,2025-07-01,25.82107
써마지,9,f,2025-08-01,22.46625
써마지,9,f,2025-09-01,19.43381
써마지,9,f,2025-10-01,18.3256
써마지,9,f,2025-11-01,23.20169
써마지,9,f,2025-12-01,21.68043
써마지,9,m,2016-01-01,3.14861
써마지,9,m,2016-02-01,7.30478
써마지,9,m,2016-03-01,10.32745
써마지,9,m,2016-04-01,5.03778
써마지,9,m,2016-05-01,44.0806
써마지,9,m,2016-06-01,14.35768
써마지,9,m,2016-07-01,21.28463
써마지,9,m,2016-08-01,4.91183
써마지,9,m,2016-09-01,5.54156
써마지,9,m,2016-10-01,5.41561
써마지,9,m,2016-11-01,4.65994
써마지,9,m,2016-12-01,6.801
써마지,9,m,2017-01-01,6.29722
써마지,9,m,2017-02-01,5.16372
써마지,9,m,2017-03-01,4.40806
써마지,9,m,2017-04-01,5.16372
써마지,9,m,2017-05-01,5.54156
써마지,9,m,2017-06-01,4.65994
써마지,9,m,2017-07-01,5.28967
써마지,9,m,2017-08-01,5.79345
써마지,9,m,2017-09-01,5.41561
써마지,9,m,2017-10-01,6.04534
써마지,9,m,2017-11-01,4.78589
써마지,9,m,2017-12-01,2.39294
써마지,9,m,2018-01-01,5.03778
써마지,9,m,2018-02-01,4.40806
써마지,9,m,2018-03-01,4.78589
써마지,9,m,2018-04-01,5.54156
써마지,9,m,2018-05-01,4.15617
써마지,9,m,2018-06-01,3.65239
써마지,9,m,2018-07-01,2.64483
써마지,9,m,2018-08-01,2.64483
써마지,9,m,2018-09-01,5.03778
써마지,9,m,2018-10-01,8.31234
써마지,9,m,2018-11-01,7.17884
써마지,9,m,2018-12-01,7.05289
써마지,9,m,2019-01-01,7.80856
써마지,9,m,2019-02-01,17.12846
써마지,9,m,2019-03-01,21.28463
써마지,9,m,2019-04-01,15.11335
써마지,9,m,2019-05-01,15.23929
써마지,9,m,2019-06-01,12.09068
써마지,9,m,2019-07-01,13.72795
써마지,9,m,2019-08-01,18.26196
써마지,9,m,2019-09-01,11.46095
써마지,9,m,2019-10-01,11.5869
써마지,9,m,2019-11-01,10.4534
써마지,9,m,2019-12-01,12.97229
써마지,9,m,2020-01-01,12.09068
써마지,9,m,2020-02-01,19.01763
써마지,9,m,2020-03-01,12.59445
써마지,9,m,2020-04-01,13.8539
써마지,9,m,2020-05-01,13.35012
써마지,9,m,2020-06-01,16.37279
써마지,9,m,2020-07-01,17.88413
써마지,9,m,2020-08-01,47.60705
써마지,9,m,2020-09-01,16.37279
써마지,9,m,2020-10-01,19.26952
써마지,9,m,2020-11-01,11.5869
써마지,9,m,2020-12-01,14.86146
써마지,9,m,2021-01-01,16.87657
써마지,9,m,2021-02-01,16.87657
써마지,9,m,2021-03-01,21.91435
써마지,9,m,2021-04-01,14.9874
써마지,9,m,2021-05-01,16.24685
써마지,9,m,2021-06-01,12.46851
써마지,9,m,2021-07-01,15.11335
써마지,9,m,2021-08-01,12.09068
써마지,9,m,2021-09-01,13.35012
써마지,9,m,2021-10-01,17.63224
써마지,9,m,2021-11-01,18.76574
써마지,9,m,2021-12-01,21.66246
써마지,9,m,2022-01-01,18.76574
써마지,9,m,2022-02-01,14.60957
써마지,9,m,2022-03-01,17.38035
써마지,9,m,2022-04-01,19.14357
써마지,9,m,2022-05-01,19.01763
써마지,9,m,2022-06-01,19.77329
써마지,9,m,2022-07-01,18.01007
써마지,9,m,2022-08-01,14.60957
써마지,9,m,2022-09-01,17.50629
써마지,9,m,2022-10-01,19.89924
써마지,9,m,2022-11-01,24.68513
써마지,9,m,2022-12-01,30.2267
써마지,9,m,2023-01-01,29.21914
써마지,9,m,2023-02-01,29.59697
써마지,9,m,2023-03-01,27.45591
써마지,9,m,2023-04-01,31.98992
써마지,9,m,2023-05-01,25.56675
써마지,9,m,2023-06-01,23.55163
써마지,9,m,2023-07-01,24.3073
써마지,9,m,2023-08-01,33.75314
써마지,9,m,2023-09-01,26.19647
써마지,9,m,2023-10-01,34.7607
써마지,9,m,2023-11-01,44.96221
써마지,9,m,2023-12-01,87.65743
써마지,9,m,2024-01-01,36.90176
써마지,9,m,2024-02-01,48.11083
써마지,9,m,2024-03-01,40.17632
써마지,9,m,2024-04-01,36.02015
써마지,9,m,2024-05-01,42.56926
써마지,9,m,2024-06-01,31.23425
써마지,9,m,2024-07-01,37.78337
써마지,9,m,2024-08-01,39.54659
써마지,9,m,2024-09-01,40.17632
써마지,9,m,2024-10-01,39.67254
써마지,9,m,2024-11-01,40.93198
써마지,9,m,2024-12-01,53.4005
써마지,9,m,2025-01-01,49.62216
써마지,9,m,2025-02-01,100.0
써마지,9,m,2025-03-01,63.60201
써마지,9,m,2025-04-01,83.6272
써마지,9,m,2025-05-01,79.97481
써마지,9,m,2025-06-01,58.43828
써마지,9,m,2025-07-01,55.28967
써마지,9,m,2025-08-01,45.96977
써마지,9,m,2025-09-01,44.20654
써마지,9,m,2025-10-01,41.56171
써마지,9,m,2025-11-01,48.36272
써마지,9,m,2025-12-01,49.62216
써마지,10,all,2016-01-01,2.10333
써마지,10,all,2016-02-01,2.05761
써마지,10,all,2016-03-01,3.84087
써마지,10,all,2016-04-01,2.26337
써마지,10,all,2016-05-01,9.94513
써마지,10,all,2016-06-01,9.62505
써마지,10,all,2016-07-01,20.41609
써마지,10,all,2016-08-01,14.5176
써마지,10,all,2016-09-01,10.42524
써마지,10,all,2016-10-01,9.41929
써마지,10,all,2016-11-01,10.2652
써마지,10,all,2016-12-01,7.29309
써마지,10,all,2017-01-01,2.72062
써마지,10,all,2017-02-01,2.90352
써마지,10,all,2017-03-01,2.9721
써마지,10,all,2017-04-01,1.96616
써마지,10,all,2017-05-01,1.50891
써마지,10,all,2017-06-01,2.01188
써마지,10,all,2017-07-01,1.7604
써마지,10,all,2017-08-01,1.96616
써마지,10,all,2017-09-01,2.10333
써마지,10,all,2017-10-01,1.71467
써마지,10,all,2017-11-01,1.85185
써마지,10,all,2017-12-01,1.41746
써마지,10,all,2018-01-01,1.98902
써마지,10,all,2018-02-01,2.24051
써마지,10,all,2018-03-01,2.72062
써마지,10,all,2018-04-01,2.33196
써마지,10,all,2018-05-01,2.33196
써마지,10,all,2018-06-01,2.01188
써마지,10,all,2018-07-01,1.62322
써마지,10,all,2018-08-01,1.18884
써마지,10,all,2018-09-01,1.80612
써마지,10,all,2018-10-01,2.37768
써마지,10,all,2018-11-01,3.47508
써마지,10,all,2018-12-01,3.13214
써마지,10,all,2019-01-01,4.2524
써마지,10,all,2019-02-01,6.95016
써마지,10,all,2019-03-01,5.96707
써마지,10,all,2019-04-01,4.70964
써마지,10,all,2019-05-01,5.14403
써마지,10,all,2019-06-01,4.20667
써마지,10,all,2019-07-01,7.17878
써마지,10,all,2019-08-01,7.49885
써마지,10,all,2019-09-01,5.0983
써마지,10,all,2019-10-01,4.84682
써마지,10,all,2019-11-01,8.09327
써마지,10,all,2019-12-01,7.91037
써마지,10,all,2020-01-01,6.60722
써마지,10,all,2020-02-01,7.43026
써마지,10,all,2020-03-01,4.82395
써마지,10,all,2020-04-01,8.00182
써마지,10,all,2020-05-01,8.29903
써마지,10,all,2020-06-01,5.78417
써마지,10,all,2020-07-01,8.25331
써마지,10,all,2020-08-01,15.38637
써마지,10,all,2020-09-01,6.51577
써마지,10,all,2020-10-01,6.03566
써마지,10,all,2020-11-01,6.72153
써마지,10,all,2020-12-01,5.39551
써마지,10,all,2021-01-01,10.2652
써마지,10,all,2021-02-01,7.45313
써마지,10,all,2021-03-01,7.29309
써마지,10,all,2021-04-01,7.33882
써마지,10,all,2021-05-01,7.81893
써마지,10,all,2021-06-01,6.21856
써마지,10,all,2021-07-01,5.89849
써마지,10,all,2021-08-01,6.95016
써마지,10,all,2021-09-01,5.50983
써마지,10,all,2021-10-01,8.75628
써마지,10,all,2021-11-01,9.99085
써마지,10,all,2021-12-01,10.05944
써마지,10,all,2022-01-01,11.88843
써마지,10,all,2022-02-01,11.06538
써마지,10,all,2022-03-01,9.80795
써마지,10,all,2022-04-01,12.07133
써마지,10,all,2022-05-01,12.73433
써마지,10,all,2022-06-01,13.30589
써마지,10,all,2022-07-01,9.8994
써마지,10,all,2022-08-01,10.10516
써마지,10,all,2022-09-01,12.52857
써마지,10,all,2022-10-01,12.7572
써마지,10,all,2022-11-01,13.80887
써마지,10,all,2022-12-01,14.76909
써마지,10,all,2023-01-01,20.73616
써마지,10,all,2023-02-01,19.47873
써마지,10,all,2023-03-01,19.73022
써마지,10,all,2023-04-01,22.15363
써마지,10,all,2023-05-01,17.1925
써마지,10,all,2023-06-01,15.9122
써마지,10,all,2023-07-01,18.79286
써마지,10,all,2023-08-01,21.37631
써마지,10,all,2023-09-01,17.03246
써마지,10,all,2023-10-01,27.68632
써마지,10,all,2023-11-01,45.1989
써마지,10,all,2023-12-01,100.0
써마지,10,all,2024-01-01,34.59076
써마지,10,all,2024-02-01,41.58664
써마지,10,all,2024-03-01,31.93872
써마지,10,all,2024-04-01,26.20027
써마지,10,all,2024-05-01,25.65157
써마지,10,all,2024-06-01,18.67855
써마지,10,all,2024-07-01,22.31367
써마지,10,all,2024-08-01,24.57704
써마지,10,all,2024-09-01,25.85733
써마지,10,all,2024-10-01,25.10288
써마지,10,all,2024-11-01,34.97942
써마지,10,all,2024-12-01,50.02286
써마지,10,all,2025-01-01,48.21673
써마지,10,all,2025-02-01,91.72382
써마지,10,all,2025-03-01,49.72565
써마지,10,all,2025-04-01,58.66483
써마지,10,all,2025-05-01,63.46593
써마지,10,all,2025-06-01,35.43667
써마지,10,all,2025-07-01,32.30452
써마지,10,all,2025-08-01,27.96067
써마지,10,all,2025-09-01,25.08001
써마지,10,all,2025-10-01,23.98262
써마지,10,all,2025-11-01,33.97347
써마지,10,all,2025-12-01,31.22999
써마지,10,f,2016-01-01,1.51252
써마지,10,f,2016-02-01,1.01661
써마지,10,f,2016-03-01,2.55393
써마지,10,f,2016-04-01,1.46293
써마지,10,f,2016-05-01,6.32283
써마지,10,f,2016-06-01,9.05033
써마지,10,f,2016-07-01,21.29928
써마지,10,f,2016-08-01,15.1996
써마지,10,f,2016-09-01,10.78601
써마지,10,f,2016-10-01,9.27349
써마지,10,f,2016-11-01,10.09174
써마지,10,f,2016-12-01,7.14108
써마지,10,f,2017-01-01,2.28118
써마지,10,f,2017-02-01,2.55393
써마지,10,f,2017-03-01,2.87627
써마지,10,f,2017-04-01,1.73568
써마지,10,f,2017-05-01,1.28936
써마지,10,f,2017-06-01,1.73568
써마지,10,f,2017-07-01,1.23977
써마지,10,f,2017-08-01,1.73568
써마지,10,f,2017-09-01,1.48772
써마지,10,f,2017-10-01,1.41333
써마지,10,f,2017-11-01,1.51252
써마지,10,f,2017-12-01,1.0662
써마지,10,f,2018-01-01,1.6117
써마지,10,f,2018-02-01,1.78527
써마지,10,f,2018-03-01,2.38036
써마지,10,f,2018-04-01,2.20679
써마지,10,f,2018-05-01,1.85965
써마지,10,f,2018-06-01,1.71088
써마지,10,f,2018-07-01,1.33895
써마지,10,f,2018-08-01,1.0414
써마지,10,f,2018-09-01,1.48772
써마지,10,f,2018-10-01,2.1324
써마지,10,f,2018-11-01,3.17381
써마지,10,f,2018-12-01,2.85147
써마지,10,f,2019-01-01,3.66972
써마지,10,f,2019-02-01,5.30622
써마지,10,f,2019-03-01,4.04165
써마지,10,f,2019-04-01,3.54574
써마지,10,f,2019-05-01,4.14083
써마지,10,f,2019-06-01,2.6779
써마지,10,f,2019-07-01,5.18224
써마지,10,f,2019-08-01,5.3806
써마지,10,f,2019-09-01,4.41358
써마지,10,f,2019-10-01,3.84329
써마지,10,f,2019-11-01,7.14108
써마지,10,f,2019-12-01,7.14108
써마지,10,f,2020-01-01,5.9261
써마지,10,f,2020-02-01,6.42201
써마지,10,f,2020-03-01,4.43838
써마지,10,f,2020-04-01,6.94272
써마지,10,f,2020-05-01,7.28985
써마지,10,f,2020-06-01,5.05826
써마지,10,f,2020-07-01,7.0171
써마지,10,f,2020-08-01,10.66203
써마지,10,f,2020-09-01,5.85172
써마지,10,f,2020-10-01,5.18224
써마지,10,f,2020-11-01,6.32283
써마지,10,f,2020-12-01,5.10786
써마지,10,f,2021-01-01,10.04215
써마지,10,f,2021-02-01,6.71956
써마지,10,f,2021-03-01,6.32283
써마지,10,f,2021-04-01,6.57079
써마지,10,f,2021-05-01,6.94272
써마지,10,f,2021-06-01,5.75254
써마지,10,f,2021-07-01,5.45499
써마지,10,f,2021-08-01,6.19885
써마지,10,f,2021-09-01,5.00867
써마지,10,f,2021-10-01,8.15769
써마지,10,f,2021-11-01,9.00074
써마지,10,f,2021-12-01,8.48003
써마지,10,f,2022-01-01,11.08356
써마지,10,f,2022-02-01,10.11653
써마지,10,f,2022-03-01,9.12472
써마지,10,f,2022-04-01,11.75303
써마지,10,f,2022-05-01,12.24894
써마지,10,f,2022-06-01,12.54649
써마지,10,f,2022-07-01,8.87676
써마지,10,f,2022-08-01,9.79419
써마지,10,f,2022-09-01,11.97619
써마지,10,f,2022-10-01,12.10017
써마지,10,f,2022-11-01,13.26555
써마지,10,f,2022-12-01,13.63749
써마지,10,f,2023-01-01,19.83635
써마지,10,f,2023-02-01,18.24944
써마지,10,f,2023-03-01,18.37341
써마지,10,f,2023-04-01,21.07612
써마지,10,f,2023-05-01,16.43937
써마지,10,f,2023-06-01,14.95164
써마지,10,f,2023-07-01,17.55516
써마지,10,f,2023-08-01,19.76196
써마지,10,f,2023-09-01,15.91867
써마지,10,f,2023-10-01,26.30795
써마지,10,f,2023-11-01,44.97892
써마지,10,f,2023-12-01,100.0
써마지,10,f,2024-01-01,33.22588
써마지,10,f,2024-02-01,40.86288
써마지,10,f,2024-03-01,30.59757
써마지,10,f,2024-04-01,24.84502
써마지,10,f,2024-05-01,24.64666
써마지,10,f,2024-06-01,17.67914
써마지,10,f,2024-07-01,20.28266
써마지,10,f,2024-08-01,23.03496
써마지,10,f,2024-09-01,24.20034
써마지,10,f,2024-10-01,23.58046
써마지,10,f,2024-11-01,33.77138
써마지,10,f,2024-12-01,48.8718
써마지,10,f,2025-01-01,46.11951
써마지,10,f,2025-02-01,89.21398
써마지,10,f,2025-03-01,47.2601
써마지,10,f,2025-04-01,55.34341
써마지,10,f,2025-05-01,59.757
써마지,10,f,2025-06-01,31.29184
써마지,10,f,2025-07-01,28.96107
써마지,10,f,2025-08-01,25.46491
써마지,10,f,2025-09-01,23.3325
써마지,10,f,2025-10-01,21.57203
써마지,10,f,2025-11-01,30.87031
써마지,10,f,2025-12-01,28.81229
써마지,10,m,2016-01-01,7.48792
써마지,10,m,2016-02-01,11.83574
써마지,10,m,2016-03-01,15.70048
써마지,10,m,2016-04-01,9.66183
써마지,10,m,2016-05-01,43.47826
써마지,10,m,2016-06-01,13.52657
써마지,10,m,2016-07-01,8.21256
써마지,10,m,2016-08-01,5.314
써마지,10,m,2016-09-01,5.07246
써마지,10,m,2016-10-01,9.17874
써마지,10,m,2016-11-01,10.14492
써마지,10,m,2016-12-01,7.48792
써마지,10,m,2017-01-01,6.52173
써마지,10,m,2017-02-01,5.7971
써마지,10,m,2017-03-01,3.38164
써마지,10,m,2017-04-01,3.86473
써마지,10,m,2017-05-01,3.38164
써마지,10,m,2017-06-01,4.34782
써마지,10,m,2017-07-01,6.52173
써마지,10,m,2017-08-01,3.86473
써마지,10,m,2017-09-01,7.72946
써마지,10,m,2017-10-01,4.34782
써마지,10,m,2017-11-01,4.83091
써마지,10,m,2017-12-01,4.58937
써마지,10,m,2018-01-01,5.314
써마지,10,m,2018-02-01,6.28019
써마지,10,m,2018-03-01,5.55555
써마지,10,m,2018-04-01,3.14009
써마지,10,m,2018-05-01,6.52173
써마지,10,m,2018-06-01,4.58937
써마지,10,m,2018-07-01,4.10628
써마지,10,m,2018-08-01,2.41545
써마지,10,m,2018-09-01,4.58937
써마지,10,m,2018-10-01,4.34782
써마지,10,m,2018-11-01,5.7971
써마지,10,m,2018-12-01,5.314
써마지,10,m,2019-01-01,9.17874
써마지,10,m,2019-02-01,21.73913
써마지,10,m,2019-03-01,23.67149
써마지,10,m,2019-04-01,15.21739
써마지,10,m,2019-05-01,14.00966
써마지,10,m,2019-06-01,18.35748
써마지,10,m,2019-07-01,25.36231
써마지,10,m,2019-08-01,26.81159
써마지,10,m,2019-09-01,10.86956
써마지,10,m,2019-10-01,13.76811
써마지,10,m,2019-11-01,15.94202
써마지,10,m,2019-12-01,14.00966
써마지,10,m,2020-01-01,12.07729
써마지,10,m,2020-02-01,15.94202
써마지,10,m,2020-03-01,7.72946
써마지,10,m,2020-04-01,16.90821
써마지,10,m,2020-05-01,16.66666
써마지,10,m,2020-06-01,11.83574
써마지,10,m,2020-07-01,18.84057
써마지,10,m,2020-08-01,58.69565
써마지,10,m,2020-09-01,11.83574
써마지,10,m,2020-10-01,13.28502
써마지,10,m,2020-11-01,9.42028
써마지,10,m,2020-12-01,7.24637
써마지,10,m,2021-01-01,10.62801
써마지,10,m,2021-02-01,13.28502
써마지,10,m,2021-03-01,15.45893
써마지,10,m,2021-04-01,13.52657
써마지,10,m,2021-05-01,14.97584
써마지,10,m,2021-06-01,9.66183
써마지,10,m,2021-07-01,9.17874
써마지,10,m,2021-08-01,13.04347
써마지,10,m,2021-09-01,9.42028
써마지,10,m,2021-10-01,13.04347
써마지,10,m,2021-11-01,17.87439
써마지,10,m,2021-12-01,23.67149
써마지,10,m,2022-01-01,17.63285
써마지,10,m,2022-02-01,18.35748
써마지,10,m,2022-03-01,14.73429
써마지,10,m,2022-04-01,13.04347
써마지,10,m,2022-05-01,15.21739
써마지,10,m,2022-06-01,18.35748
써마지,10,m,2022-07-01,18.11594
써마지,10,m,2022-08-01,11.35265
써마지,10,m,2022-09-01,15.70048
써마지,10,m,2022-10-01,16.90821
써마지,10,m,2022-11-01,16.66666
써마지,10,m,2022-12-01,23.1884
써마지,10,m,2023-01-01,25.84541
써마지,10,m,2023-02-01,28.01932
써마지,10,m,2023-03-01,29.46859
써마지,10,m,2023-04-01,28.74396
써마지,10,m,2023-05-01,21.49758
써마지,10,m,2023-06-01,22.46376
써마지,10,m,2023-07-01,27.53623
써마지,10,m,2023-08-01,33.33333
써마지,10,m,2023-09-01,24.87922
써마지,10,m,2023-10-01,36.23188
써마지,10,m,2023-11-01,39.37198
써마지,10,m,2023-12-01,82.36714
써마지,10,m,2024-01-01,41.78743
써마지,10,m,2024-02-01,41.30434
써마지,10,m,2024-03-01,39.37198
써마지,10,m,2024-04-01,34.7826
써마지,10,m,2024-05-01,30.91787
써마지,10,m,2024-06-01,25.12077
써마지,10,m,2024-07-01,38.16425
써마지,10,m,2024-08-01,35.2657
써마지,10,m,2024-09-01,37.43961
써마지,10,m,2024-10-01,35.50724
써마지,10,m,2024-11-01,40.57971
써마지,10,m,2024-12-01,52.41545
써마지,10,m,2025-01-01,60.14492
써마지,10,m,2025-02-01,100.0
써마지,10,m,2025-03-01,64.97584
써마지,10,m,2025-04-01,80.67632
써마지,10,m,2025-05-01,88.40579
써마지,10,m,2025-06-01,69.56521
써마지,10,m,2025-07-01,59.17874
써마지,10,m,2025-08-01,47.34299
써마지,10,m,2025-09-01,37.68115
써마지,10,m,2025-10-01,43.23671
써마지,10,m,2025-11-01,58.21256
써마지,10,m,2025-12-01,49.27536
써마지,11,all,2016-01-01,3.11004
써마지,11,all,2016-02-01,2.80246
써마지,11,all,2016-03-01,4.81886
써마지,11,all,2016-04-01,2.49487
써마지,11,all,2016-05-01,11.99589
써마지,11,all,2016-06-01,16.81476
써마지,11,all,2016-07-01,40.29391
써마지,11,all,2016-08-01,29.52836
써마지,11,all,2016-09-01,21.29186
써마지,11,all,2016-10-01,19.89063
써마지,11,all,2016-11-01,19.13875
써마지,11,all,2016-12-01,14.55912
써마지,11,all,2017-01-01,5.33151
써마지,11,all,2017-02-01,5.29733
써마지,11,all,2017-03-01,4.85304
써마지,11,all,2017-04-01,2.15311
써마지,11,all,2017-05-01,2.93916
써마지,11,all,2017-06-01,2.39234
써마지,11,all,2017-07-01,3.34928
써마지,11,all,2017-08-01,2.66575
써마지,11,all,2017-09-01,4.27204
써마지,11,all,2017-10-01,2.35816
써마지,11,all,2017-11-01,2.35816
써마지,11,all,2017-12-01,2.05058
써마지,11,all,2018-01-01,2.93916
써마지,11,all,2018-02-01,3.04169
써마지,11,all,2018-03-01,3.1784
써마지,11,all,2018-04-01,3.14422
써마지,11,all,2018-05-01,2.76828
써마지,11,all,2018-06-01,1.70881
써마지,11,all,2018-07-01,1.98222
써마지,11,all,2018-08-01,2.15311
써마지,11,all,2018-09-01,2.39234
써마지,11,all,2018-10-01,4.30622
써마지,11,all,2018-11-01,3.34928
써마지,11,all,2018-12-01,3.65686
써마지,11,all,2019-01-01,4.57963
써마지,11,all,2019-02-01,7.31373
써마지,11,all,2019-03-01,6.80109
써마지,11,all,2019-04-01,6.11756
써마지,11,all,2019-05-01,5.63909
써마지,11,all,2019-06-01,6.42515
써마지,11,all,2019-07-01,7.7922
써마지,11,all,2019-08-01,8.06561
써마지,11,all,2019-09-01,5.46821
써마지,11,all,2019-10-01,4.88721
써마지,11,all,2019-11-01,9.12508
써마지,11,all,2019-12-01,9.91114
써마지,11,all,2020-01-01,8.40738
써마지,11,all,2020-02-01,6.93779
써마지,11,all,2020-03-01,5.16062
써마지,11,all,2020-04-01,8.61244
써마지,11,all,2020-05-01,9.80861
써마지,11,all,2020-06-01,7.14285
써마지,11,all,2020-07-01,8.03144
써마지,11,all,2020-08-01,20.06151
써마지,11,all,2020-09-01,8.2365
써마지,11,all,2020-10-01,9.22761
써마지,11,all,2020-11-01,7.6555
써마지,11,all,2020-12-01,8.44155
써마지,11,all,2021-01-01,11.96172
써마지,11,all,2021-02-01,10.32125
써마지,11,all,2021-03-01,8.47573
써마지,11,all,2021-04-01,9.70608
써마지,11,all,2021-05-01,11.85919
써마지,11,all,2021-06-01,11.51742
써마지,11,all,2021-07-01,8.64661
써마지,11,all,2021-08-01,8.06561
써마지,11,all,2021-09-01,6.97197
써마지,11,all,2021-10-01,9.70608
써마지,11,all,2021-11-01,11.20984
써마지,11,all,2021-12-01,13.87559
써마지,11,all,2022-01-01,14.38824
써마지,11,all,2022-02-01,11.31237
써마지,11,all,2022-03-01,10.15037
써마지,11,all,2022-04-01,11.34654
써마지,11,all,2022-05-01,17.29323
써마지,11,all,2022-06-01,17.84005
써마지,11,all,2022-07-01,13.84142
써마지,11,all,2022-08-01,14.18318
써마지,11,all,2022-09-01,11.75666
써마지,11,all,2022-10-01,15.00341
써마지,11,all,2022-11-01,13.97812
써마지,11,all,2022-12-01,15.34518
써마지,11,all,2023-01-01,21.56527
써마지,11,all,2023-02-01,21.97539
써마지,11,all,2023-03-01,19.27546
써마지,11,all,2023-04-01,20.77922
써마지,11,all,2023-05-01,19.95898
써마지,11,all,2023-06-01,17.01982
써마지,11,all,2023-07-01,20.12987
써마지,11,all,2023-08-01,23.92344
써마지,11,all,2023-09-01,20.26657
써마지,11,all,2023-10-01,27.75119
써마지,11,all,2023-11-01,48.56459
써마지,11,all,2023-12-01,100.0
써마지,11,all,2024-01-01,36.53451
써마지,11,all,2024-02-01,45.01025
써마지,11,all,2024-03-01,35.20164
써마지,11,all,2024-04-01,27.61449
써마지,11,all,2024-05-01,26.76008
써마지,11,all,2024-06-01,22.59056
써마지,11,all,2024-07-01,25.39302
써마지,11,all,2024-08-01,28.40054
써마지,11,all,2024-09-01,29.15242
써마지,11,all,2024-10-01,27.37525
써마지,11,all,2024-11-01,40.46479
써마지,11,all,2024-12-01,55.09227
써마지,11,all,2025-01-01,58.09979
써마지,11,all,2025-02-01,93.50649
써마지,11,all,2025-03-01,59.15926
써마지,11,all,2025-04-01,58.78332
써마지,11,all,2025-05-01,79.73342
써마지,11,all,2025-06-01,42.54955
써마지,11,all,2025-07-01,38.68762
써마지,11,all,2025-08-01,31.57894
써마지,11,all,2025-09-01,31.68147
써마지,11,all,2025-10-01,27.17019
써마지,11,all,2025-11-01,33.28776
써마지,11,all,2025-12-01,32.46753
써마지,11,f,2016-01-01,2.62143
써마지,11,f,2016-02-01,1.61912
써마지,11,f,2016-03-01,3.16114
써마지,11,f,2016-04-01,1.69622
써마지,11,f,2016-05-01,6.63068
써마지,11,f,2016-06-01,12.37471
써마지,11,f,2016-07-01,30.57054
써마지,11,f,2016-08-01,22.70624
써마지,11,f,2016-09-01,16.34541
써마지,11,f,2016-10-01,15.11179
써마지,11,f,2016-11-01,14.03238
써마지,11,f,2016-12-01,12.25905
써마지,11,f,2017-01-01,4.2791
써마지,11,f,2017-02-01,4.47185
써마지,11,f,2017-03-01,3.70084
써마지,11,f,2017-04-01,1.85042
써마지,11,f,2017-05-01,2.42868
써마지,11,f,2017-06-01,2.04317
써마지,11,f,2017-07-01,2.65998
써마지,11,f,2017-08-01,1.88897
써마지,11,f,2017-09-01,2.65998
써마지,11,f,2017-10-01,2.00462
써마지,11,f,2017-11-01,1.61912
써마지,11,f,2017-12-01,1.23361
써마지,11,f,2018-01-01,1.81187
써마지,11,f,2018-02-01,2.08172
써마지,11,f,2018-03-01,2.27447
써마지,11,f,2018-04-01,2.19737
써마지,11,f,2018-05-01,2.39013
써마지,11,f,2018-06-01,1.04086
써마지,11,f,2018-07-01,1.27216
써마지,11,f,2018-08-01,1.46491
써마지,11,f,2018-09-01,1.92752
써마지,11,f,2018-10-01,2.89128
써마지,11,f,2018-11-01,2.35158
써마지,11,f,2018-12-01,2.69853
써마지,11,f,2019-01-01,3.43099
써마지,11,f,2019-02-01,5.62837
써마지,11,f,2019-03-01,4.31765
써마지,11,f,2019-04-01,4.1249
써마지,11,f,2019-05-01,4.08635
써마지,11,f,2019-06-01,4.78026
써마지,11,f,2019-07-01,6.55358
써마지,11,f,2019-08-01,5.39707
써마지,11,f,2019-09-01,3.85505
써마지,11,f,2019-10-01,4.00925
써마지,11,f,2019-11-01,8.3269
써마지,11,f,2019-12-01,8.0185
써마지,11,f,2020-01-01,7.24749
써마지,11,f,2020-02-01,5.51272
써마지,11,f,2020-03-01,4.54895
써마지,11,f,2020-04-01,7.28604
써마지,11,f,2020-05-01,8.78951
써마지,11,f,2020-06-01,6.39938
써마지,11,f,2020-07-01,6.51503
써마지,11,f,2020-08-01,13.68542
써마지,11,f,2020-09-01,7.20894
써마지,11,f,2020-10-01,8.36545
써마지,11,f,2020-11-01,6.59213
써마지,11,f,2020-12-01,6.36083
써마지,11,f,2021-01-01,10.10023
써마지,11,f,2021-02-01,8.90516
써마지,11,f,2021-03-01,6.47648
써마지,11,f,2021-04-01,8.05705
써마지,11,f,2021-05-01,10.02313
써마지,11,f,2021-06-01,8.82806
써마지,11,f,2021-07-01,7.90285
써마지,11,f,2021-08-01,6.97764
써마지,11,f,2021-09-01,6.24518
써마지,11,f,2021-10-01,8.67386
써마지,11,f,2021-11-01,8.86661
써마지,11,f,2021-12-01,11.17964
써마지,11,f,2022-01-01,12.99151
써마지,11,f,2022-02-01,10.25443
써마지,11,f,2022-03-01,8.75096
써마지,11,f,2022-04-01,10.25443
써마지,11,f,2022-05-01,16.26831
써마지,11,f,2022-06-01,16.92367
써마지,11,f,2022-07-01,12.1434
써마지,11,f,2022-08-01,12.83731
써마지,11,f,2022-09-01,10.10023
써마지,11,f,2022-10-01,13.37702
써마지,11,f,2022-11-01,12.41326
써마지,11,f,2022-12-01,13.56977
써마지,11,f,2023-01-01,20.58596
써마지,11,f,2023-02-01,20.43176
써마지,11,f,2023-03-01,17.23207
써마지,11,f,2023-04-01,18.65844
써마지,11,f,2023-05-01,17.30917
써마지,11,f,2023-06-01,14.64919
써마지,11,f,2023-07-01,18.92829
써마지,11,f,2023-08-01,21.27987
써마지,11,f,2023-09-01,17.69468
써마지,11,f,2023-10-01,25.98303
써마지,11,f,2023-11-01,47.26291
써마지,11,f,2023-12-01,100.0
써마지,11,f,2024-01-01,34.38704
써마지,11,f,2024-02-01,43.40786
써마지,11,f,2024-03-01,32.26676
써마지,11,f,2024-04-01,25.09637
써마지,11,f,2024-05-01,24.05551
써마지,11,f,2024-06-01,20.04626
써마지,11,f,2024-07-01,22.62914
써마지,11,f,2024-08-01,25.44333
써마지,11,f,2024-09-01,25.48188
써마지,11,f,2024-10-01,24.82652
써마지,11,f,2024-11-01,37.66383
써마지,11,f,2024-12-01,52.50578
써마지,11,f,2025-01-01,51.27216
써마지,11,f,2025-02-01,86.00616
써마지,11,f,2025-03-01,52.73708
써마지,11,f,2025-04-01,54.08635
써마지,11,f,2025-05-01,73.90131
써마지,11,f,2025-06-01,37.74094
써마지,11,f,2025-07-01,33.80878
써마지,11,f,2025-08-01,27.75636
써마지,11,f,2025-09-01,27.94911
써마지,11,f,2025-10-01,23.32305
써마지,11,f,2025-11-01,28.60447
써마지,11,f,2025-12-01,27.94911
써마지,11,m,2016-01-01,4.55445
써마지,11,m,2016-02-01,7.92079
써마지,11,m,2016-03-01,11.68316
써마지,11,m,2016-04-01,5.74257
써마지,11,m,2016-05-01,35.44554
써마지,11,m,2016-06-01,33.86138
써마지,11,m,2016-07-01,76.43564
써마지,11,m,2016-08-01,54.45544
써마지,11,m,2016-09-01,39.40594
써마지,11,m,2016-10-01,37.62376
써마지,11,m,2016-11-01,38.81188
써마지,11,m,2016-12-01,21.38613
써마지,11,m,2017-01-01,8.91089
써마지,11,m,2017-02-01,7.72277
써마지,11,m,2017-03-01,9.10891
써마지,11,m,2017-04-01,2.97029
써마지,11,m,2017-05-01,4.55445
써마지,11,m,2017-06-01,3.36633
써마지,11,m,2017-07-01,5.74257
써마지,11,m,2017-08-01,5.74257
써마지,11,m,2017-09-01,11.0891
써마지,11,m,2017-10-01,3.36633
써마지,11,m,2017-11-01,5.34653
써마지,11,m,2017-12-01,5.54455
써마지,11,m,2018-01-01,7.72277
써마지,11,m,2018-02-01,6.93069
써마지,11,m,2018-03-01,6.73267
써마지,11,m,2018-04-01,6.93069
써마지,11,m,2018-05-01,3.76237
써마지,11,m,2018-06-01,4.55445
써마지,11,m,2018-07-01,4.95049
써마지,11,m,2018-08-01,4.95049
써마지,11,m,2018-09-01,3.96039
써마지,11,m,2018-10-01,10.099
써마지,11,m,2018-11-01,7.32673
써마지,11,m,2018-12-01,7.32673
써마지,11,m,2019-01-01,8.91089
써마지,11,m,2019-02-01,13.46534
써마지,11,m,2019-03-01,17.22772
써마지,11,m,2019-04-01,14.25742
써마지,11,m,2019-05-01,11.68316
써마지,11,m,2019-06-01,12.67326
써마지,11,m,2019-07-01,11.48514
써마지,11,m,2019-08-01,19.0099
써마지,11,m,2019-09-01,11.88118
써마지,11,m,2019-10-01,7.72277
써마지,11,m,2019-11-01,10.099
써마지,11,m,2019-12-01,16.23762
써마지,11,m,2020-01-01,11.48514
써마지,11,m,2020-02-01,11.88118
써마지,11,m,2020-03-01,6.53465
써마지,11,m,2020-04-01,12.47524
써마지,11,m,2020-05-01,11.68316
써마지,11,m,2020-06-01,8.51485
써마지,11,m,2020-07-01,13.0693
써마지,11,m,2020-08-01,45.94059
써마지,11,m,2020-09-01,10.69306
써마지,11,m,2020-10-01,10.49504
써마지,11,m,2020-11-01,10.49504
써마지,11,m,2020-12-01,16.23762
써마지,11,m,2021-01-01,17.42574
써마지,11,m,2021-02-01,14.0594
써마지,11,m,2021-03-01,15.84158
써마지,11,m,2021-04-01,14.85148
써마지,11,m,2021-05-01,17.22772
써마지,11,m,2021-06-01,21.38613
써마지,11,m,2021-07-01,9.50495
써마지,11,m,2021-08-01,10.89108
써마지,11,m,2021-09-01,8.31683
써마지,11,m,2021-10-01,11.68316
써마지,11,m,2021-11-01,19.40594
써마지,11,m,2021-12-01,22.97029
써마지,11,m,2022-01-01,16.63366
써마지,11,m,2022-02-01,12.87128
써마지,11,m,2022-03-01,13.86138
써마지,11,m,2022-04-01,13.0693
써마지,11,m,2022-05-01,16.63366
써마지,11,m,2022-06-01,16.43564
써마지,11,m,2022-07-01,17.82178
써마지,11,m,2022-08-01,16.23762
써마지,11,m,2022-09-01,16.23762
써마지,11,m,2022-10-01,18.21782
써마지,11,m,2022-11-01,17.22772
써마지,11,m,2022-12-01,19.20792
써마지,11,m,2023-01-01,19.20792
써마지,11,m,2023-02-01,22.37623
써마지,11,m,2023-03-01,23.16831
써마지,11,m,2023-04-01,24.55445
써마지,11,m,2023-05-01,26.73267
써마지,11,m,2023-06-01,23.36633
써마지,11,m,2023-07-01,19.40594
써마지,11,m,2023-08-01,29.30693
써마지,11,m,2023-09-01,26.53465
써마지,11,m,2023-10-01,27.32673
써마지,11,m,2023-11-01,38.61386
써마지,11,m,2023-12-01,65.74257
써마지,11,m,2024-01-01,35.0495
써마지,11,m,2024-02-01,37.82178
써마지,11,m,2024-03-01,38.21782
써마지,11,m,2024-04-01,31.0891
써마지,11,m,2024-05-01,31.48514
써마지,11,m,2024-06-01,27.92079
써마지,11,m,2024-07-01,30.89108
써마지,11,m,2024-08-01,33.86138
써마지,11,m,2024-09-01,38.0198
써마지,11,m,2024-10-01,31.0891
써마지,11,m,2024-11-01,40.99009
써마지,11,m,2024-12-01,49.50495
써마지,11,m,2025-01-01,73.26732
써마지,11,m,2025-02-01,100.0
써마지,11,m,2025-03-01,71.88118
써마지,11,m,2025-04-01,62.77227
써마지,11,m,2025-05-01,82.37623
써마지,11,m,2025-06-01,52.67326
써마지,11,m,2025-07-01,50.49504
써마지,11,m,2025-08-01,40.39603
써마지,11,m,2025-09-01,40.0
써마지,11,m,2025-10-01,37.62376
써마지,11,m,2025-11-01,45.94059
써마지,11,m,2025-12-01,44.55445
인모드,all,all,2016-02-01,0.00523
인모드,all,all,2016-05-01,0.00523
인모드,all,all,2016-06-01,0.01222
인모드,all,all,2016-07-01,0.00436
인모드,all,all,2016-08-01,0.00436
인모드,all,all,2016-09-01,0.02444
인모드,all,all,2016-10-01,0.01047
인모드,all,all,2016-11-01,0.05412
인모드,all,all,2016-12-01,0.03142
인모드,all,all,2017-01-01,0.08205
인모드,all,all,2017-02-01,0.0838
인모드,all,all,2017-03-01,0.2322
인모드,all,all,2017-04-01,0.24443
인모드,all,all,2017-05-01,0.13269
인모드,all,all,2017-06-01,0.19467
인모드,all,all,2017-07-01,0.15887
인모드,all,all,2017-08-01,0.1999
인모드,all,all,2017-09-01,0.3291
인모드,all,all,2017-10-01,0.43037
인모드,all,all,2017-11-01,0.2645
인모드,all,all,2017-12-01,0.29157
인모드,all,all,2018-01-01,0.76559
인모드,all,all,2018-02-01,0.61893
인모드,all,all,2018-03-01,0.54996
인모드,all,all,2018-04-01,0.63202
인모드,all,all,2018-05-01,0.6521
인모드,all,all,2018-06-01,0.99954
인모드,all,all,2018-07-01,1.29198
인모드,all,all,2018-08-01,1.00478
인모드,all,all,2018-09-01,1.29024
인모드,all,all,2018-10-01,1.33825
인모드,all,all,2018-11-01,1.33127
인모드,all,all,2018-12-01,3.02133
인모드,all,all,2019-01-01,1.30159
인모드,all,all,2019-02-01,1.90481
인모드,all,all,2019-03-01,1.63244
인모드,all,all,2019-04-01,1.77561
인모드,all,all,2019-05-01,2.10122
인모드,all,all,2019-06-01,3.34695
인모드,all,all,2019-07-01,3.10601
인모드,all,all,2019-08-01,3.0126
인모드,all,all,2019-09-01,2.58659
인모드,all,all,2019-10-01,2.72801
인모드,all,all,2019-11-01,5.53984
인모드,all,all,2019-12-01,10.31322
인모드,all,all,2020-01-01,10.5332
인모드,all,all,2020-02-01,15.23238
인모드,all,all,2020-03-01,11.7798
인모드,all,all,2020-04-01,14.54012
인모드,all,all,2020-05-01,17.12235
인모드,all,all,2020-06-01,15.99186
인모드,all,all,2020-07-01,17.97087
인모드,all,all,2020-08-01,15.86615
인모드,all,all,2020-09-01,18.23713
인모드,all,all,2020-10-01,22.00572
인모드,all,all,2020-11-01,22.8752
인모드,all,all,2020-12-01,27.74984
인모드,all,all,2021-01-01,36.90376
인모드,all,all,2021-02-01,40.33364
인모드,all,all,2021-03-01,54.81353
인모드,all,all,2021-04-01,53.09728
인모드,all,all,2021-05-01,50.72979
인모드,all,all,2021-06-01,60.40575
인모드,all,all,2021-07-01,57.98152
인모드,all,all,2021-08-01,53.2064
인모드,all,all,2021-09-01,59.29621
인모드,all,all,2021-10-01,56.98547
인모드,all,all,2021-11-01,58.13342
인모드,all,all,2021-12-01,60.34202
인모드,all,all,2022-01-01,64.28958
인모드,all,all,2022-02-01,56.55946
인모드,all,all,2022-03-01,74.89175
인모드,all,all,2022-04-01,69.43134
인모드,all,all,2022-05-01,79.38054
인모드,all,all,2022-06-01,65.08048
인모드,all,all,2022-07-01,61.97622
인모드,all,all,2022-08-01,62.64054
인모드,all,all,2022-09-01,56.2513
인모드,all,all,2022-10-01,67.61121
인모드,all,all,2022-11-01,71.59805
인모드,all,all,2022-12-01,73.98299
인모드,all,all,2023-01-01,93.32006
인모드,all,all,2023-02-01,100.0
인모드,all,all,2023-03-01,96.68884
인모드,all,all,2023-04-01,86.66893
인모드,all,all,2023-05-01,86.05436
인모드,all,all,2023-06-01,76.5661
인모드,all,all,2023-07-01,69.59546
인모드,all,all,2023-08-01,66.04162
인모드,all,all,2023-09-01,65.39475
인모드,all,all,2023-10-01,65.90456
인모드,all,all,2023-11-01,57.85232
인모드,all,all,2023-12-01,59.69254
인모드,all,all,2024-01-01,69.34405
인모드,all,all,2024-02-01,64.49036
인모드,all,all,2024-03-01,63.61826
인모드,all,all,2024-04-01,57.61575
인모드,all,all,2024-05-01,52.45565
인모드,all,all,2024-06-01,48.05939
인모드,all,all,2024-07-01,51.30421
인모드,all,all,2024-08-01,49.04148
인모드,all,all,2024-09-01,43.55925
인모드,all,all,2024-10-01,41.22232
인모드,all,all,2024-11-01,40.51697
인모드,all,all,2024-12-01,46.8643
인모드,all,all,2025-01-01,52.79349
인모드,all,all,2025-02-01,50.73329
인모드,all,all,2025-03-01,45.74167
인모드,all,all,2025-04-01,44.87743
인모드,all,all,2025-05-01,41.12193
인모드,all,all,2025-06-01,38.38169
인모드,all,all,2025-07-01,37.58904
인모드,all,all,2025-08-01,35.48082
인모드,all,all,2025-09-01,31.52629
인모드,all,all,2025-10-01,30.37659
인모드,all,all,2025-11-01,28.24656
인모드,all,all,2025-12-01,26.52507
인모드,all,f,2016-05-01,0.00241
인모드,all,f,2016-06-01,0.01329
인모드,all,f,2016-07-01,0.00483
인모드,all,f,2016-08-01,0.00241
인모드,all,f,2016-09-01,0.0157
인모드,all,f,2016-10-01,0.00241
인모드,all,f,2016-11-01,0.04712
인모드,all,f,2016-12-01,0.02779
인모드,all,f,2017-01-01,0.04712
인모드,all,f,2017-02-01,0.05437
인모드,all,f,2017-03-01,0.14016
인모드,all,f,2017-04-01,0.15104
인모드,all,f,2017-05-01,0.11116
인모드,all,f,2017-06-01,0.15829
인모드,all,f,2017-07-01,0.12929
인모드,all,f,2017-08-01,0.17037
인모드,all,f,2017-09-01,0.26341
인모드,all,f,2017-10-01,0.1607
인모드,all,f,2017-11-01,0.22958
인모드,all,f,2017-12-01,0.23562
인모드,all,f,2018-01-01,0.57517
인모드,all,f,2018-02-01,0.5365
인모드,all,f,2018-03-01,0.45796
인모드,all,f,2018-04-01,0.48937
인모드,all,f,2018-05-01,0.53287
인모드,all,f,2018-06-01,0.67304
인모드,all,f,2018-07-01,0.71775
인모드,all,f,2018-08-01,0.6235
인모드,all,f,2018-09-01,0.63075
인모드,all,f,2018-10-01,0.64283
인모드,all,f,2018-11-01,0.73588
인모드,all,f,2018-12-01,2.88914
인모드,all,f,2019-01-01,0.73588
인모드,all,f,2019-02-01,0.86154
인모드,all,f,2019-03-01,0.97754
인모드,all,f,2019-04-01,1.06213
인모드,all,f,2019-05-01,1.55876
인모드,all,f,2019-06-01,3.0571
인모드,all,f,2019-07-01,2.66197
인모드,all,f,2019-08-01,2.69339
인모드,all,f,2019-09-01,2.33451
인모드,all,f,2019-10-01,2.51697
인모드,all,f,2019-11-01,5.58979
인모드,all,f,2019-12-01,10.8787
인모드,all,f,2020-01-01,10.05945
인모드,all,f,2020-02-01,14.24394
인모드,all,f,2020-03-01,9.40936
인모드,all,f,2020-04-01,12.95826
인모드,all,f,2020-05-01,16.97237
인모드,all,f,2020-06-01,14.69223
인모드,all,f,2020-07-01,18.22663
인모드,all,f,2020-08-01,16.9325
인모드,all,f,2020-09-01,17.25754
인모드,all,f,2020-10-01,18.33901
인모드,all,f,2020-11-01,19.44343
인모드,all,f,2020-12-01,28.57125
인모드,all,f,2021-01-01,38.35762
인모드,all,f,2021-02-01,42.62306
인모드,all,f,2021-03-01,59.65223
인모드,all,f,2021-04-01,57.0688
인모드,all,f,2021-05-01,53.31448
인모드,all,f,2021-06-01,64.39619
인모드,all,f,2021-07-01,62.94859
인모드,all,f,2021-08-01,57.75272
인모드,all,f,2021-09-01,61.0237
인모드,all,f,2021-10-01,58.86439
인모드,all,f,2021-11-01,60.30353
인모드,all,f,2021-12-01,63.48268
인모드,all,f,2022-01-01,67.12462
인모드,all,f,2022-02-01,60.15611
인모드,all,f,2022-03-01,81.58365
인모드,all,f,2022-04-01,67.58621
인모드,all,f,2022-05-01,73.87563
인모드,all,f,2022-06-01,63.34976
인모드,all,f,2022-07-01,62.16196
인모드,all,f,2022-08-01,63.0368
인모드,all,f,2022-09-01,58.77256
인모드,all,f,2022-10-01,71.57132
인모드,all,f,2022-11-01,71.27407
인모드,all,f,2022-12-01,70.41131
인모드,all,f,2023-01-01,93.58611
인모드,all,f,2023-02-01,100.0
인모드,all,f,2023-03-01,97.41293
인모드,all,f,2023-04-01,88.02411
인모드,all,f,2023-05-01,80.52997
인모드,all,f,2023-06-01,71.56407
인모드,all,f,2023-07-01,66.04195
인모드,all,f,2023-08-01,62.99088
인모드,all,f,2023-09-01,63.10447
인모드,all,f,2023-10-01,58.62514
인모드,all,f,2023-11-01,55.36383
인모드,all,f,2023-12-01,56.47309
인모드,all,f,2024-01-01,68.8163
인모드,all,f,2024-02-01,61.81879
인모드,all,f,2024-03-01,59.36948
인모드,all,f,2024-04-01,53.05952
인모드,all,f,2024-05-01,48.37598
인모드,all,f,2024-06-01,45.46871
인모드,all,f,2024-07-01,47.95065
인모드,all,f,2024-08-01,46.02697
인모드,all,f,2024-09-01,41.18997
인모드,all,f,2024-10-01,39.53817
인모드,all,f,2024-11-01,39.59254
인모드,all,f,2024-12-01,45.67655
인모드,all,f,2025-01-01,52.14239
인모드,all,f,2025-02-01,50.1607
인모드,all,f,2025-03-01,44.80775
인모드,all,f,2025-04-01,44.01991
인모드,all,f,2025-05-01,40.42992
인모드,all,f,2025-06-01,36.1681
인모드,all,f,2025-07-01,36.65748
인모드,all,f,2025-08-01,35.00326
인모드,all,f,2025-09-01,31.03385
인모드,all,f,2025-10-01,29.34217
인모드,all,f,2025-11-01,27.89095
인모드,all,f,2025-12-01,25.56973
인모드,all,m,2016-02-01,0.02905
인모드,all,m,2016-05-01,0.00968
인모드,all,m,2016-06-01,0.00968
인모드,all,m,2016-08-01,0.00968
인모드,all,m,2016-09-01,0.04358
인모드,all,m,2016-10-01,0.00968
인모드,all,m,2016-11-01,0.01936
인모드,all,m,2016-12-01,0.02421
인모드,all,m,2017-01-01,0.15979
인모드,all,m,2017-02-01,0.13074
인모드,all,m,2017-03-01,0.47939
인모드,all,m,2017-04-01,0.38254
인모드,all,m,2017-05-01,0.1259
인모드,all,m,2017-06-01,0.24211
인모드,all,m,2017-07-01,0.18885
인모드,all,m,2017-08-01,0.18401
인모드,all,m,2017-09-01,0.31959
인모드,all,m,2017-10-01,0.16948
인모드,all,m,2017-11-01,0.22759
인모드,all,m,2017-12-01,0.35349
인모드,all,m,2018-01-01,0.52297
인모드,all,m,2018-02-01,0.36317
인모드,all,m,2018-03-01,0.35349
인모드,all,m,2018-04-01,0.32928
인모드,all,m,2018-05-01,0.54718
인모드,all,m,2018-06-01,0.74088
인모드,all,m,2018-07-01,0.57624
인모드,all,m,2018-08-01,0.51329
인모드,all,m,2018-09-01,0.43097
인모드,all,m,2018-10-01,0.61013
인모드,all,m,2018-11-01,0.87162
인모드,all,m,2018-12-01,2.3195
인모드,all,m,2019-01-01,0.92005
인모드,all,m,2019-02-01,1.23964
인모드,all,m,2019-03-01,1.16217
인모드,all,m,2019-04-01,1.43334
인모드,all,m,2019-05-01,1.29291
인모드,all,m,2019-06-01,1.92726
인모드,all,m,2019-07-01,2.79889
인모드,all,m,2019-08-01,2.54709
인모드,all,m,2019-09-01,2.40182
인모드,all,m,2019-10-01,1.5544
인모드,all,m,2019-11-01,3.04101
인모드,all,m,2019-12-01,3.89327
인모드,all,m,2020-01-01,6.55174
인모드,all,m,2020-02-01,8.59522
인모드,all,m,2020-03-01,6.96818
인모드,all,m,2020-04-01,8.77923
인모드,all,m,2020-05-01,10.17384
인모드,all,m,2020-06-01,7.63643
인모드,all,m,2020-07-01,11.30211
인모드,all,m,2020-08-01,9.67507
인모드,all,m,2020-09-01,10.76945
인모드,all,m,2020-10-01,11.40864
인모드,all,m,2020-11-01,11.99457
인모드,all,m,2020-12-01,16.65778
인모드,all,m,2021-01-01,21.83429
인모드,all,m,2021-02-01,22.09578
인모드,all,m,2021-03-01,28.86058
인모드,all,m,2021-04-01,30.62805
인모드,all,m,2021-05-01,30.68616
인모드,all,m,2021-06-01,37.25243
인모드,all,m,2021-07-01,38.36618
인모드,all,m,2021-08-01,36.66166
인모드,all,m,2021-09-01,51.24691
인모드,all,m,2021-10-01,50.71425
인모드,all,m,2021-11-01,49.33417
인모드,all,m,2021-12-01,51.39218
인모드,all,m,2022-01-01,56.19582
인모드,all,m,2022-02-01,45.2133
인모드,all,m,2022-03-01,51.65851
인모드,all,m,2022-04-01,65.03317
인모드,all,m,2022-05-01,69.41068
인모드,all,m,2022-06-01,60.55881
인모드,all,m,2022-07-01,61.44496
인모드,all,m,2022-08-01,59.65328
인모드,all,m,2022-09-01,45.49416
인모드,all,m,2022-10-01,53.84242
인모드,all,m,2022-11-01,72.07883
인모드,all,m,2022-12-01,84.45595
인모드,all,m,2023-01-01,90.88179
인모드,all,m,2023-02-01,100.0
인모드,all,m,2023-03-01,91.09001
인모드,all,m,2023-04-01,78.39329
인모드,all,m,2023-05-01,94.29567
인모드,all,m,2023-06-01,85.55517
인모드,all,m,2023-07-01,75.58955
인모드,all,m,2023-08-01,72.40811
인모드,all,m,2023-09-01,67.37688
인모드,all,m,2023-10-01,86.8384
인모드,all,m,2023-11-01,60.95588
인모드,all,m,2023-12-01,67.711
인모드,all,m,2024-01-01,66.40356
인모드,all,m,2024-02-01,66.71347
인모드,all,m,2024-03-01,68.63105
인모드,all,m,2024-04-01,65.27528
인모드,all,m,2024-05-01,60.49101
인모드,all,m,2024-06-01,54.45741
인모드,all,m,2024-07-01,59.87603
인모드,all,m,2024-08-01,57.98266
인모드,all,m,2024-09-01,49.13563
인모드,all,m,2024-10-01,42.84538
인모드,all,m,2024-11-01,39.47024
인모드,all,m,2024-12-01,46.49653
인모드,all,m,2025-01-01,51.71178
인모드,all,m,2025-02-01,48.67076
인모드,all,m,2025-03-01,45.00024
인모드,all,m,2025-04-01,42.40956
인모드,all,m,2025-05-01,39.55256
인모드,all,m,2025-06-01,42.7679
인모드,all,m,2025-07-01,36.71977
인모드,all,m,2025-08-01,34.25984
인모드,all,m,2025-09-01,29.1366
인모드,all,m,2025-10-01,30.56026
인모드,all,m,2025-11-01,27.04469
인모드,all,m,2025-12-01,23.52428
인모드,3,all,2016-06-01,0.04937
인모드,3,all,2016-07-01,0.00617
인모드,3,all,2016-08-01,0.00617
인모드,3,all,2016-09-01,0.01851
인모드,3,all,2016-10-01,0.00617
인모드,3,all,2016-11-01,0.03086
인모드,3,all,2016-12-01,0.01234
인모드,3,all,2017-01-01,0.00617
인모드,3,all,2017-02-01,0.01234
인모드,3,all,2017-03-01,0.09258
인모드,3,all,2017-04-01,0.03703
인모드,3,all,2017-05-01,0.08023
인모드,3,all,2017-06-01,0.09258
인모드,3,all,2017-07-01,0.08023
인모드,3,all,2017-08-01,0.11109
인모드,3,all,2017-09-01,0.07406
인모드,3,all,2017-10-01,0.08023
인모드,3,all,2017-11-01,0.09258
인모드,3,all,2017-12-01,0.07406
인모드,3,all,2018-01-01,0.23453
인모드,3,all,2018-02-01,0.38266
인모드,3,all,2018-03-01,0.16047
인모드,3,all,2018-04-01,0.21602
인모드,3,all,2018-05-01,0.17281
인모드,3,all,2018-06-01,0.24688
인모드,3,all,2018-07-01,0.34563
인모드,3,all,2018-08-01,0.27157
인모드,3,all,2018-09-01,0.24688
인모드,3,all,2018-10-01,0.27774
인모드,3,all,2018-11-01,0.35798
인모드,3,all,2018-12-01,1.72818
인모드,3,all,2019-01-01,0.31477
인모드,3,all,2019-02-01,0.38884
인모드,3,all,2019-03-01,0.40118
인모드,3,all,2019-04-01,0.48142
인모드,3,all,2019-05-01,0.97518
인모드,3,all,2019-06-01,2.70954
인모드,3,all,2019-07-01,1.58622
인모드,3,all,2019-08-01,1.74052
인모드,3,all,2019-09-01,1.54919
인모드,3,all,2019-10-01,1.37637
인모드,3,all,2019-11-01,7.21515
인모드,3,all,2019-12-01,11.87507
인모드,3,all,2020-01-01,6.98679
인모드,3,all,2020-02-01,8.54832
인모드,3,all,2020-03-01,5.67831
인모드,3,all,2020-04-01,8.13479
인모드,3,all,2020-05-01,10.82582
인모드,3,all,2020-06-01,8.27058
인모드,3,all,2020-07-01,10.20861
인모드,3,all,2020-08-01,10.86902
인모드,3,all,2020-09-01,10.32588
인모드,3,all,2020-10-01,11.25169
인모드,3,all,2020-11-01,11.83804
인모드,3,all,2020-12-01,26.29922
인모드,3,all,2021-01-01,28.26811
인모드,3,all,2021-02-01,38.01999
인모드,3,all,2021-03-01,49.92593
인모드,3,all,2021-04-01,49.31489
인모드,3,all,2021-05-01,51.90099
인모드,3,all,2021-06-01,63.52919
인모드,3,all,2021-07-01,65.87458
인모드,3,all,2021-08-01,53.92544
인모드,3,all,2021-09-01,63.11566
인모드,3,all,2021-10-01,53.9563
인모드,3,all,2021-11-01,52.6725
인모드,3,all,2021-12-01,61.1838
인모드,3,all,2022-01-01,56.08566
인모드,3,all,2022-02-01,52.91939
인모드,3,all,2022-03-01,72.84285
인모드,3,all,2022-04-01,52.80212
인모드,3,all,2022-05-01,55.33267
인모드,3,all,2022-06-01,53.4255
인모드,3,all,2022-07-01,57.25219
인모드,3,all,2022-08-01,59.62844
인모드,3,all,2022-09-01,50.04937
인모드,3,all,2022-10-01,61.76397
인모드,3,all,2022-11-01,68.09653
인모드,3,all,2022-12-01,74.534
인모드,3,all,2023-01-01,96.13627
인모드,3,all,2023-02-01,100.0
인모드,3,all,2023-03-01,83.29835
인모드,3,all,2023-04-01,77.26823
인모드,3,all,2023-05-01,83.08233
인모드,3,all,2023-06-01,74.25009
인모드,3,all,2023-07-01,70.28761
인모드,3,all,2023-08-01,65.72028
인모드,3,all,2023-09-01,62.35032
인모드,3,all,2023-10-01,60.06048
인모드,3,all,2023-11-01,54.17849
인모드,3,all,2023-12-01,59.76422
인모드,3,all,2024-01-01,70.59622
인모드,3,all,2024-02-01,67.17689
인모드,3,all,2024-03-01,60.52956
인모드,3,all,2024-04-01,51.9874
인모드,3,all,2024-05-01,50.33329
인모드,3,all,2024-06-01,50.45673
인모드,3,all,2024-07-01,55.90667
인모드,3,all,2024-08-01,52.17257
인모드,3,all,2024-09-01,43.53166
인모드,3,all,2024-10-01,39.71114
인모드,3,all,2024-11-01,38.53227
인모드,3,all,2024-12-01,48.50635
인모드,3,all,2025-01-01,56.49919
인모드,3,all,2025-02-01,53.30823
인모드,3,all,2025-03-01,45.51907
인모드,3,all,2025-04-01,42.63671
인모드,3,all,2025-05-01,40.22342
인모드,3,all,2025-06-01,39.61239
인모드,3,all,2025-07-01,42.36514
인모드,3,all,2025-08-01,39.37785
인모드,3,all,2025-09-01,29.10751
인모드,3,all,2025-10-01,30.26169
인모드,3,all,2025-11-01,28.08295
인모드,3,all,2025-12-01,23.87359
인모드,3,f,2016-06-01,0.06175
인모드,3,f,2016-07-01,0.00771
인모드,3,f,2016-08-01,0.00771
인모드,3,f,2016-09-01,0.02315
인모드,3,f,2016-10-01,0.00771
인모드,3,f,2016-11-01,0.03859
인모드,3,f,2016-12-01,0.01543
인모드,3,f,2017-01-01,0.00771
인모드,3,f,2017-02-01,0.01543
인모드,3,f,2017-03-01,0.10807
인모드,3,f,2017-04-01,0.04631
인모드,3,f,2017-05-01,0.10035
인모드,3,f,2017-06-01,0.11579
인모드,3,f,2017-07-01,0.09263
인모드,3,f,2017-08-01,0.12351
인모드,3,f,2017-09-01,0.08491
인모드,3,f,2017-10-01,0.07719
인모드,3,f,2017-11-01,0.10035
인모드,3,f,2017-12-01,0.06947
인모드,3,f,2018-01-01,0.27018
인모드,3,f,2018-02-01,0.44001
인모드,3,f,2018-03-01,0.17755
인모드,3,f,2018-04-01,0.2393
인모드,3,f,2018-05-01,0.16983
인모드,3,f,2018-06-01,0.24702
인모드,3,f,2018-07-01,0.41685
인모드,3,f,2018-08-01,0.30106
인모드,3,f,2018-09-01,0.27018
인모드,3,f,2018-10-01,0.27018
인모드,3,f,2018-11-01,0.30878
인모드,3,f,2018-12-01,2.0457
인모드,3,f,2019-01-01,0.34738
인모드,3,f,2019-02-01,0.40142
인모드,3,f,2019-03-01,0.40142
인모드,3,f,2019-04-01,0.54809
인모드,3,f,2019-05-01,1.09618
인모드,3,f,2019-06-01,3.2268
인모드,3,f,2019-07-01,1.79867
인모드,3,f,2019-08-01,1.89902
인모드,3,f,2019-09-01,1.74463
인모드,3,f,2019-10-01,1.58252
인모드,3,f,2019-11-01,8.73089
인모드,3,f,2019-12-01,14.52833
인모드,3,f,2020-01-01,8.03612
인모드,3,f,2020-02-01,9.91971
인모드,3,f,2020-03-01,6.54624
인모드,3,f,2020-04-01,9.34074
인모드,3,f,2020-05-01,12.71421
인모드,3,f,2020-06-01,9.63408
인모드,3,f,2020-07-01,11.56399
인모드,3,f,2020-08-01,12.72193
인모드,3,f,2020-09-01,11.89593
인모드,3,f,2020-10-01,12.78369
인모드,3,f,2020-11-01,13.35494
인모드,3,f,2020-12-01,29.98301
인모드,3,f,2021-01-01,32.2603
인모드,3,f,2021-02-01,44.20256
인모드,3,f,2021-03-01,58.00524
인모드,3,f,2021-04-01,57.40311
인모드,3,f,2021-05-01,59.70356
인모드,3,f,2021-06-01,73.75328
인모드,3,f,2021-07-01,75.38212
인모드,3,f,2021-08-01,61.34784
인모드,3,f,2021-09-01,69.20642
인모드,3,f,2021-10-01,58.46842
인모드,3,f,2021-11-01,57.62698
인모드,3,f,2021-12-01,66.94457
인모드,3,f,2022-01-01,62.62158
인모드,3,f,2022-02-01,59.47197
인모드,3,f,2022-03-01,83.18666
인모드,3,f,2022-04-01,57.73506
인모드,3,f,2022-05-01,61.74154
인모드,3,f,2022-06-01,59.08599
인모드,3,f,2022-07-01,62.59842
인모드,3,f,2022-08-01,65.94102
인모드,3,f,2022-09-01,55.63532
인모드,3,f,2022-10-01,67.84776
인모드,3,f,2022-11-01,65.74031
인모드,3,f,2022-12-01,71.78477
인모드,3,f,2023-01-01,100.0
인모드,3,f,2023-02-01,99.42874
인모드,3,f,2023-03-01,84.20565
인모드,3,f,2023-04-01,78.9949
인모드,3,f,2023-05-01,78.46997
인모드,3,f,2023-06-01,73.70696
인모드,3,f,2023-07-01,70.20225
인모드,3,f,2023-08-01,65.8561
인모드,3,f,2023-09-01,61.84962
인모드,3,f,2023-10-01,57.57295
인모드,3,f,2023-11-01,53.99876
인모드,3,f,2023-12-01,58.68457
인모드,3,f,2024-01-01,71.08229
인모드,3,f,2024-02-01,66.81333
인모드,3,f,2024-03-01,58.76177
인모드,3,f,2024-04-01,49.89192
인모드,3,f,2024-05-01,49.51366
인모드,3,f,2024-06-01,49.11224
인모드,3,f,2024-07-01,54.96371
인모드,3,f,2024-08-01,50.84915
인모드,3,f,2024-09-01,41.87895
인모드,3,f,2024-10-01,40.07256
인모드,3,f,2024-11-01,39.39323
인모드,3,f,2024-12-01,49.21259
인모드,3,f,2025-01-01,57.94349
인모드,3,f,2025-02-01,54.763
인모드,3,f,2025-03-01,46.38721
인모드,3,f,2025-04-01,43.94009
인모드,3,f,2025-05-01,41.44665
인모드,3,f,2025-06-01,39.47815
인모드,3,f,2025-07-01,44.15624
인모드,3,f,2025-08-01,40.72101
인모드,3,f,2025-09-01,29.69739
인모드,3,f,2025-10-01,30.45391
인모드,3,f,2025-11-01,28.77875
인모드,3,f,2025-12-01,24.74911
인모드,3,m,2017-03-01,0.0301
인모드,3,m,2017-07-01,0.0301
인모드,3,m,2017-08-01,0.0602
인모드,3,m,2017-09-01,0.0301
인모드,3,m,2017-10-01,0.0903
인모드,3,m,2017-11-01,0.0602
인모드,3,m,2017-12-01,0.0903
인모드,3,m,2018-01-01,0.0903
인모드,3,m,2018-02-01,0.15051
인모드,3,m,2018-03-01,0.0903
인모드,3,m,2018-04-01,0.1204
인모드,3,m,2018-05-01,0.18061
인모드,3,m,2018-06-01,0.24081
인모드,3,m,2018-07-01,0.0602
인모드,3,m,2018-08-01,0.15051
인모드,3,m,2018-09-01,0.15051
인모드,3,m,2018-10-01,0.30102
인모드,3,m,2018-11-01,0.54184
인모드,3,m,2018-12-01,0.45153
인모드,3,m,2019-01-01,0.18061
인모드,3,m,2019-02-01,0.33112
인모드,3,m,2019-03-01,0.39133
인모드,3,m,2019-04-01,0.21071
인모드,3,m,2019-05-01,0.48163
인모드,3,m,2019-06-01,0.63214
인모드,3,m,2019-07-01,0.72245
인모드,3,m,2019-08-01,1.08368
인모드,3,m,2019-09-01,0.75255
인모드,3,m,2019-10-01,0.54184
인모드,3,m,2019-11-01,1.14388
인모드,3,m,2019-12-01,1.26429
인모드,3,m,2020-01-01,2.73931
인모드,3,m,2020-02-01,3.01023
인모드,3,m,2020-03-01,2.16736
인모드,3,m,2020-04-01,3.25105
인모드,3,m,2020-05-01,3.22095
인모드,3,m,2020-06-01,2.76941
인모드,3,m,2020-07-01,4.69596
인모드,3,m,2020-08-01,3.40156
인모드,3,m,2020-09-01,3.9735
인모드,3,m,2020-10-01,5.02709
인모드,3,m,2020-11-01,5.65924
인모드,3,m,2020-12-01,11.34858
인모드,3,m,2021-01-01,12.07104
인모드,3,m,2021-02-01,13.06441
인모드,3,m,2021-03-01,17.30885
인모드,3,m,2021-04-01,16.6767
인모드,3,m,2021-05-01,20.31908
인모드,3,m,2021-06-01,22.24563
인모드,3,m,2021-07-01,27.33293
인모드,3,m,2021-08-01,23.78085
인모드,3,m,2021-09-01,37.95906
인모드,3,m,2021-10-01,35.15954
인모드,3,m,2021-11-01,32.1794
인모드,3,m,2021-12-01,37.35701
인모드,3,m,2022-01-01,29.34978
인모드,3,m,2022-02-01,26.18904
인모드,3,m,2022-03-01,30.885
인모드,3,m,2022-04-01,32.39012
인모드,3,m,2022-05-01,29.10897
인모드,3,m,2022-06-01,30.16255
인모드,3,m,2022-07-01,35.12944
인모드,3,m,2022-08-01,33.68452
인모드,3,m,2022-09-01,27.15231
인모드,3,m,2022-10-01,36.66465
인모드,3,m,2022-11-01,75.7676
인모드,3,m,2022-12-01,83.59422
인모드,3,m,2023-01-01,78.92835
인모드,3,m,2023-02-01,100.0
인모드,3,m,2023-03-01,77.90487
인모드,3,m,2023-04-01,68.81396
인모드,3,m,2023-05-01,99.21733
인모드,3,m,2023-06-01,74.71402
인모드,3,m,2023-07-01,69.05478
인모드,3,m,2023-08-01,63.72667
인모드,3,m,2023-09-01,62.9139
인모드,3,m,2023-10-01,68.42263
인모드,3,m,2023-11-01,53.67248
인모드,3,m,2023-12-01,62.64298
인모드,3,m,2024-01-01,67.12823
인모드,3,m,2024-02-01,67.09813
인모드,3,m,2024-03-01,66.07465
인모드,3,m,2024-04-01,59.0006
인모드,3,m,2024-05-01,52.40818
인모드,3,m,2024-06-01,54.57555
인모드,3,m,2024-07-01,58.33835
인모드,3,m,2024-08-01,56.17098
인모드,3,m,2024-09-01,49.00662
인모드,3,m,2024-10-01,37.41721
인모드,3,m,2024-11-01,34.31667
인모드,3,m,2024-12-01,44.67188
인모드,3,m,2025-01-01,49.60866
인모드,3,m,2025-02-01,46.44792
인모드,3,m,2025-03-01,41.1198
인모드,3,m,2025-04-01,36.60445
인모드,3,m,2025-05-01,34.55749
인모드,3,m,2025-06-01,39.25346
인모드,3,m,2025-07-01,34.43708
인모드,3,m,2025-08-01,33.26309
인모드,3,m,2025-09-01,26.15894
인모드,3,m,2025-10-01,28.83804
인모드,3,m,2025-11-01,24.74413
인모드,3,m,2025-12-01,19.92775
인모드,4,all,2016-06-01,0.01342
인모드,4,all,2016-07-01,0.01342
인모드,4,all,2016-09-01,0.00895
인모드,4,all,2016-10-01,0.00447
인모드,4,all,2016-11-01,0.094
인모드,4,all,2016-12-01,0.04028
인모드,4,all,2017-01-01,0.04028
인모드,4,all,2017-02-01,0.08505
인모드,4,all,2017-03-01,0.10295
인모드,4,all,2017-04-01,0.10743
인모드,4,all,2017-05-01,0.08057
인모드,4,all,2017-06-01,0.11638
인모드,4,all,2017-07-01,0.16115
인모드,4,all,2017-08-01,0.17905
인모드,4,all,2017-09-01,0.13429
인모드,4,all,2017-10-01,0.08952
인모드,4,all,2017-11-01,0.21487
인모드,4,all,2017-12-01,0.31335
인모드,4,all,2018-01-01,0.90872
인모드,4,all,2018-02-01,0.69833
인모드,4,all,2018-03-01,0.65356
인모드,4,all,2018-04-01,0.56851
인모드,4,all,2018-05-01,0.65804
인모드,4,all,2018-06-01,0.47002
인모드,4,all,2018-07-01,0.56851
인모드,4,all,2018-08-01,0.65356
인모드,4,all,2018-09-01,0.48793
인모드,4,all,2018-10-01,0.54613
인모드,4,all,2018-11-01,0.67594
인모드,4,all,2018-12-01,1.9025
인모드,4,all,2019-01-01,0.6849
인모드,4,all,2019-02-01,0.67147
인모드,4,all,2019-03-01,0.84157
인모드,4,all,2019-04-01,0.81471
인모드,4,all,2019-05-01,1.4638
인모드,4,all,2019-06-01,3.15591
인모드,4,all,2019-07-01,2.57845
인모드,4,all,2019-08-01,3.15143
인모드,4,all,2019-09-01,3.35288
인모드,4,all,2019-10-01,2.68588
인모드,4,all,2019-11-01,6.59384
인모드,4,all,2019-12-01,15.88253
인모드,4,all,2020-01-01,12.69976
인모드,4,all,2020-02-01,15.75719
인모드,4,all,2020-03-01,11.23147
인모드,4,all,2020-04-01,14.91114
인모드,4,all,2020-05-01,17.94619
인모드,4,all,2020-06-01,14.24862
인모드,4,all,2020-07-01,18.03124
인모드,4,all,2020-08-01,17.83428
인모드,4,all,2020-09-01,18.55051
인모드,4,all,2020-10-01,18.51022
인모드,4,all,2020-11-01,19.21751
인모드,4,all,2020-12-01,33.21545
인모드,4,all,2021-01-01,39.61233
인모드,4,all,2021-02-01,46.21961
인모드,4,all,2021-03-01,62.97058
인모드,4,all,2021-04-01,57.72863
인모드,4,all,2021-05-01,56.55132
인모드,4,all,2021-06-01,66.62787
인모드,4,all,2021-07-01,63.51671
인모드,4,all,2021-08-01,60.87112
인모드,4,all,2021-09-01,71.37293
인모드,4,all,2021-10-01,63.90169
인모드,4,all,2021-11-01,65.5938
인모드,4,all,2021-12-01,69.09888
인모드,4,all,2022-01-01,70.54478
인모드,4,all,2022-02-01,63.33766
인모드,4,all,2022-03-01,89.65934
인모드,4,all,2022-04-01,68.70943
인모드,4,all,2022-05-01,72.48757
인모드,4,all,2022-06-01,61.03227
인모드,4,all,2022-07-01,61.38591
인모드,4,all,2022-08-01,66.85169
인모드,4,all,2022-09-01,60.00268
인모드,4,all,2022-10-01,69.73454
인모드,4,all,2022-11-01,73.92005
인모드,4,all,2022-12-01,76.45373
인모드,4,all,2023-01-01,94.31487
인모드,4,all,2023-02-01,100.0
인모드,4,all,2023-03-01,97.78414
인모드,4,all,2023-04-01,88.43278
인모드,4,all,2023-05-01,84.6233
인모드,4,all,2023-06-01,73.52164
인모드,4,all,2023-07-01,67.28591
인모드,4,all,2023-08-01,63.27051
인모드,4,all,2023-09-01,61.24714
인모드,4,all,2023-10-01,60.11012
인모드,4,all,2023-11-01,50.86172
인모드,4,all,2023-12-01,54.68463
인모드,4,all,2024-01-01,62.0171
인모드,4,all,2024-02-01,59.65352
인모드,4,all,2024-03-01,59.29092
인모드,4,all,2024-04-01,52.56278
인모드,4,all,2024-05-01,47.28501
인모드,4,all,2024-06-01,42.44147
인모드,4,all,2024-07-01,47.097
인모드,4,all,2024-08-01,45.33327
인모드,4,all,2024-09-01,41.18805
인모드,4,all,2024-10-01,39.30346
인모드,4,all,2024-11-01,35.99982
인모드,4,all,2024-12-01,42.97864
인모드,4,all,2025-01-01,51.66748
인모드,4,all,2025-02-01,48.05497
인모드,4,all,2025-03-01,44.04852
인모드,4,all,2025-04-01,42.01172
인모드,4,all,2025-05-01,38.99905
인모드,4,all,2025-06-01,35.67751
인모드,4,all,2025-07-01,35.5835
인모드,4,all,2025-08-01,33.45718
인모드,4,all,2025-09-01,29.02547
인모드,4,all,2025-10-01,27.60642
인모드,4,all,2025-11-01,23.87752
인모드,4,all,2025-12-01,21.90339
인모드,4,f,2016-06-01,0.01133
인모드,4,f,2016-07-01,0.017
인모드,4,f,2016-09-01,0.01133
인모드,4,f,2016-10-01,0.00566
인모드,4,f,2016-11-01,0.10769
인모드,4,f,2016-12-01,0.034
인모드,4,f,2017-01-01,0.05101
인모드,4,f,2017-02-01,0.10769
인모드,4,f,2017-03-01,0.12469
인모드,4,f,2017-04-01,0.11335
인모드,4,f,2017-05-01,0.08501
인모드,4,f,2017-06-01,0.14736
인모드,4,f,2017-07-01,0.18137
인모드,4,f,2017-08-01,0.21538
인모드,4,f,2017-09-01,0.16437
인모드,4,f,2017-10-01,0.08501
인모드,4,f,2017-11-01,0.26072
인모드,4,f,2017-12-01,0.39108
인모드,4,f,2018-01-01,1.13926
인모드,4,f,2018-02-01,0.83885
인모드,4,f,2018-03-01,0.78784
인모드,4,f,2018-04-01,0.66882
인모드,4,f,2018-05-01,0.81051
인모드,4,f,2018-06-01,0.53845
인모드,4,f,2018-07-01,0.65748
인모드,4,f,2018-08-01,0.73683
인모드,4,f,2018-09-01,0.55546
인모드,4,f,2018-10-01,0.56679
인모드,4,f,2018-11-01,0.67448
인모드,4,f,2018-12-01,2.13115
인모드,4,f,2019-01-01,0.79918
인모드,4,f,2019-02-01,0.69716
인모드,4,f,2019-03-01,0.92387
인모드,4,f,2019-04-01,0.82752
인모드,4,f,2019-05-01,1.66638
인모드,4,f,2019-06-01,3.6615
인모드,4,f,2019-07-01,2.83398
인모드,4,f,2019-08-01,3.37244
인모드,4,f,2019-09-01,3.24774
인모드,4,f,2019-10-01,3.0437
인모드,4,f,2019-11-01,7.32868
인모드,4,f,2019-12-01,18.78365
인모드,4,f,2020-01-01,14.3853
인모드,4,f,2020-02-01,17.73507
인모드,4,f,2020-03-01,12.74159
인모드,4,f,2020-04-01,17.29297
인모드,4,f,2020-05-01,20.33667
인모드,4,f,2020-06-01,16.31241
인모드,4,f,2020-07-01,20.18364
인모드,4,f,2020-08-01,19.96825
인모드,4,f,2020-09-01,20.35934
인모드,4,f,2020-10-01,20.40469
인모드,4,f,2020-11-01,21.23221
인모드,4,f,2020-12-01,36.92682
인모드,4,f,2021-01-01,44.34619
인모드,4,f,2021-02-01,52.77447
인모드,4,f,2021-03-01,71.82451
인모드,4,f,2021-04-01,64.67154
인모드,4,f,2021-05-01,62.69341
인모드,4,f,2021-06-01,74.93623
인모드,4,f,2021-07-01,71.00833
인모드,4,f,2021-08-01,67.06342
인모드,4,f,2021-09-01,76.23986
인모드,4,f,2021-10-01,68.63912
인모드,4,f,2021-11-01,69.22292
인모드,4,f,2021-12-01,73.71762
인모드,4,f,2022-01-01,75.8091
인모드,4,f,2022-02-01,68.32738
인모드,4,f,2022-03-01,100.0
인모드,4,f,2022-04-01,73.01479
인모드,4,f,2022-05-01,77.23176
인모드,4,f,2022-06-01,65.29501
인모드,4,f,2022-07-01,63.26588
인모드,4,f,2022-08-01,69.77838
인모드,4,f,2022-09-01,64.69421
인모드,4,f,2022-10-01,74.73218
인모드,4,f,2022-11-01,73.26985
인모드,4,f,2022-12-01,70.7476
인모드,4,f,2023-01-01,95.05186
인모드,4,f,2023-02-01,99.39919
인모드,4,f,2023-03-01,98.27693
인모드,4,f,2023-04-01,90.27376
인모드,4,f,2023-05-01,79.07952
인모드,4,f,2023-06-01,69.7217
인모드,4,f,2023-07-01,64.43348
인모드,4,f,2023-08-01,59.63838
인모드,4,f,2023-09-01,59.25862
인모드,4,f,2023-10-01,53.97041
인모드,4,f,2023-11-01,48.76721
인모드,4,f,2023-12-01,51.4765
인모드,4,f,2024-01-01,61.08371
인모드,4,f,2024-02-01,57.04812
인모드,4,f,2024-03-01,56.48132
인모드,4,f,2024-04-01,48.92025
인모드,4,f,2024-05-01,44.05713
인모드,4,f,2024-06-01,39.67579
인모드,4,f,2024-07-01,43.06523
인모드,4,f,2024-08-01,42.16969
인모드,4,f,2024-09-01,38.34948
인모드,4,f,2024-10-01,38.49685
인모드,4,f,2024-11-01,35.84424
인모드,4,f,2024-12-01,41.82962
인모드,4,f,2025-01-01,50.97772
인모드,4,f,2025-02-01,47.75264
인모드,4,f,2025-03-01,43.64903
인모드,4,f,2025-04-01,42.1867
인모드,4,f,2025-05-01,38.12843
인모드,4,f,2025-06-01,34.0645
인모드,4,f,2025-07-01,34.95437
인모드,4,f,2025-08-01,32.56815
인모드,4,f,2025-09-01,29.19004
인모드,4,f,2025-10-01,27.22892
인모드,4,f,2025-11-01,23.36904
인모드,4,f,2025-12-01,21.42492
인모드,4,m,2016-06-01,0.02019
인모드,4,m,2016-11-01,0.04038
인모드,4,m,2016-12-01,0.06058
인모드,4,m,2017-03-01,0.02019
인모드,4,m,2017-04-01,0.08077
인모드,4,m,2017-05-01,0.06058
인모드,4,m,2017-07-01,0.08077
인모드,4,m,2017-08-01,0.04038
인모드,4,m,2017-09-01,0.02019
인모드,4,m,2017-10-01,0.10096
인모드,4,m,2017-11-01,0.04038
인모드,4,m,2017-12-01,0.02019
인모드,4,m,2018-01-01,0.04038
인모드,4,m,2018-02-01,0.16155
인모드,4,m,2018-03-01,0.14135
인모드,4,m,2018-04-01,0.18174
인모드,4,m,2018-05-01,0.08077
인모드,4,m,2018-06-01,0.20193
인모드,4,m,2018-07-01,0.22213
인모드,4,m,2018-08-01,0.3231
인모드,4,m,2018-09-01,0.22213
인모드,4,m,2018-10-01,0.44426
인모드,4,m,2018-11-01,0.6462
인모드,4,m,2018-12-01,0.98949
인모드,4,m,2019-01-01,0.24232
인모드,4,m,2019-02-01,0.54523
인모드,4,m,2019-03-01,0.50484
인모드,4,m,2019-04-01,0.72697
인모드,4,m,2019-05-01,0.66639
인모드,4,m,2019-06-01,1.19143
인모드,4,m,2019-07-01,1.53473
인모드,4,m,2019-08-01,2.20113
인모드,4,m,2019-09-01,3.55411
인모드,4,m,2019-10-01,1.27221
인모드,4,m,2019-11-01,3.63489
인모드,4,m,2019-12-01,4.72536
인모드,4,m,2020-01-01,6.03796
인모드,4,m,2020-02-01,7.89579
인모드,4,m,2020-03-01,5.27059
인모드,4,m,2020-04-01,5.65428
인모드,4,m,2020-05-01,8.50161
인모드,4,m,2020-06-01,6.15912
인모드,4,m,2020-07-01,9.43053
인모드,4,m,2020-08-01,9.30936
인모드,4,m,2020-09-01,11.14701
인모드,4,m,2020-10-01,10.80371
인모드,4,m,2020-11-01,11.04604
인모드,4,m,2020-12-01,18.27544
인모드,4,m,2021-01-01,20.6987
인모드,4,m,2021-02-01,20.47657
인모드,4,m,2021-03-01,28.17043
인모드,4,m,2021-04-01,30.00807
인모드,4,m,2021-05-01,31.74474
인모드,4,m,2021-06-01,33.58239
인모드,4,m,2021-07-01,33.542
인모드,4,m,2021-08-01,35.66235
인모드,4,m,2021-09-01,50.34329
인모드,4,m,2021-10-01,43.7197
인모드,4,m,2021-11-01,49.27302
인모드,4,m,2021-12-01,49.07108
인모드,4,m,2022-01-01,48.14216
인모드,4,m,2022-02-01,42.28594
인모드,4,m,2022-03-01,48.18255
인모드,4,m,2022-04-01,49.81825
인모드,4,m,2022-05-01,51.83764
인모드,4,m,2022-06-01,42.68982
인모드,4,m,2022-07-01,51.51453
인모드,4,m,2022-08-01,52.96849
인모드,4,m,2022-09-01,40.18578
인모드,4,m,2022-10-01,48.3239
인모드,4,m,2022-11-01,72.41518
인모드,4,m,2022-12-01,92.83117
인모드,4,m,2023-01-01,86.8134
인모드,4,m,2023-02-01,96.97092
인모드,4,m,2023-03-01,90.97334
인모드,4,m,2023-04-01,77.3021
인모드,4,m,2023-05-01,100.0
인모드,4,m,2023-06-01,83.25928
인모드,4,m,2023-07-01,73.97011
인모드,4,m,2023-08-01,72.94022
인모드,4,m,2023-09-01,65.16558
인모드,4,m,2023-10-01,78.87722
인모드,4,m,2023-11-01,55.69466
인모드,4,m,2023-12-01,63.28756
인모드,4,m,2024-01-01,62.13651
인모드,4,m,2024-02-01,65.85218
인모드,4,m,2024-03-01,66.23586
인모드,4,m,2024-04-01,62.8231
인모드,4,m,2024-05-01,56.34087
인모드,4,m,2024-06-01,50.10096
인모드,4,m,2024-07-01,59.02665
인모드,4,m,2024-08-01,54.2609
인모드,4,m,2024-09-01,49.17205
인모드,4,m,2024-10-01,40.14539
인모드,4,m,2024-11-01,34.69305
인모드,4,m,2024-12-01,44.85056
인모드,4,m,2025-01-01,51.45395
인모드,4,m,2025-02-01,46.64781
인모드,4,m,2025-03-01,43.19466
인모드,4,m,2025-04-01,39.21647
인모드,4,m,2025-05-01,40.08481
인모드,4,m,2025-06-01,39.57996
인모드,4,m,2025-07-01,35.98546
인모드,4,m,2025-08-01,34.89499
인모드,4,m,2025-09-01,26.93861
인모드,4,m,2025-10-01,27.52423
인모드,4,m,2025-11-01,24.45476
인모드,4,m,2025-12-01,22.47576
인모드,5,all,2016-05-01,0.00465
인모드,5,all,2016-08-01,0.00465
인모드,5,all,2016-09-01,0.01863
인모드,5,all,2016-11-01,0.03261
인모드,5,all,2016-12-01,0.04659
인모드,5,all,2017-01-01,0.06523
인모드,5,all,2017-02-01,0.03727
인모드,5,all,2017-03-01,0.16775
인모드,5,all,2017-04-01,0.14911
인모드,5,all,2017-05-01,0.08387
인모드,5,all,2017-06-01,0.12581
인모드,5,all,2017-07-01,0.13979
인모드,5,all,2017-08-01,0.17707
인모드,5,all,2017-09-01,0.25163
인모드,5,all,2017-10-01,0.20969
인모드,5,all,2017-11-01,0.17707
인모드,5,all,2017-12-01,0.14911
인모드,5,all,2018-01-01,0.34016
인모드,5,all,2018-02-01,0.46132
인모드,5,all,2018-03-01,0.4287
인모드,5,all,2018-04-01,0.4054
인모드,5,all,2018-05-01,0.3821
인모드,5,all,2018-06-01,0.3588
인모드,5,all,2018-07-01,0.63839
인모드,5,all,2018-08-01,0.65703
인모드,5,all,2018-09-01,0.55452
인모드,5,all,2018-10-01,0.65703
인모드,5,all,2018-11-01,0.71295
인모드,5,all,2018-12-01,0.82945
인모드,5,all,2019-01-01,0.66169
인모드,5,all,2019-02-01,0.82945
인모드,5,all,2019-03-01,0.8807
인모드,5,all,2019-04-01,1.22087
인모드,5,all,2019-05-01,1.6589
인모드,5,all,2019-06-01,3.23858
인모드,5,all,2019-07-01,3.37371
인모드,5,all,2019-08-01,3.34109
인모드,5,all,2019-09-01,2.726
인모드,5,all,2019-10-01,2.44175
인모드,5,all,2019-11-01,4.32898
인모드,5,all,2019-12-01,9.7903
인모드,5,all,2020-01-01,10.15377
인모드,5,all,2020-02-01,14.53401
인모드,5,all,2020-03-01,11.13233
인모드,5,all,2020-04-01,14.08201
인모드,5,all,2020-05-01,18.63932
인모드,5,all,2020-06-01,16.03914
인모드,5,all,2020-07-01,20.27027
인모드,5,all,2020-08-01,18.14072
인모드,5,all,2020-09-01,17.87045
인모드,5,all,2020-10-01,18.86766
인모드,5,all,2020-11-01,19.37092
인모드,5,all,2020-12-01,27.68406
인모드,5,all,2021-01-01,40.66635
인모드,5,all,2021-02-01,42.87511
인모드,5,all,2021-03-01,58.6533
인모드,5,all,2021-04-01,54.8602
인모드,5,all,2021-05-01,50.01397
인모드,5,all,2021-06-01,60.18639
인모드,5,all,2021-07-01,59.31966
인모드,5,all,2021-08-01,55.4054
인모드,5,all,2021-09-01,60.33084
인모드,5,all,2021-10-01,58.97949
인모드,5,all,2021-11-01,59.69711
인모드,5,all,2021-12-01,60.09319
인모드,5,all,2022-01-01,71.50046
인모드,5,all,2022-02-01,62.28331
인모드,5,all,2022-03-01,84.71575
인모드,5,all,2022-04-01,71.46318
인모드,5,all,2022-05-01,77.71202
인모드,5,all,2022-06-01,60.87138
인모드,5,all,2022-07-01,61.55172
인모드,5,all,2022-08-01,63.42963
인모드,5,all,2022-09-01,58.56011
인모드,5,all,2022-10-01,67.26001
인모드,5,all,2022-11-01,70.38676
인모드,5,all,2022-12-01,72.95433
인모드,5,all,2023-01-01,94.35228
인모드,5,all,2023-02-01,99.63187
인모드,5,all,2023-03-01,100.0
인모드,5,all,2023-04-01,86.38863
인모드,5,all,2023-05-01,82.80521
인모드,5,all,2023-06-01,74.93942
인모드,5,all,2023-07-01,66.65424
인모드,5,all,2023-08-01,64.48275
인모드,5,all,2023-09-01,62.60018
인모드,5,all,2023-10-01,61.33737
인모드,5,all,2023-11-01,50.18639
인모드,5,all,2023-12-01,52.7726
인모드,5,all,2024-01-01,62.25535
인모드,5,all,2024-02-01,58.42031
인모드,5,all,2024-03-01,59.87418
인모드,5,all,2024-04-01,53.57409
인모드,5,all,2024-05-01,49.44082
인모드,5,all,2024-06-01,44.28704
인모드,5,all,2024-07-01,47.76794
인모드,5,all,2024-08-01,46.19757
인모드,5,all,2024-09-01,42.5629
인모드,5,all,2024-10-01,39.4315
인모드,5,all,2024-11-01,38.28052
인모드,5,all,2024-12-01,43.35973
인모드,5,all,2025-01-01,50.06523
인모드,5,all,2025-02-01,48.04287
인모드,5,all,2025-03-01,44.60857
인모드,5,all,2025-04-01,42.09226
인모드,5,all,2025-05-01,38.70456
인모드,5,all,2025-06-01,35.20503
인모드,5,all,2025-07-01,34.51537
인모드,5,all,2025-08-01,32.03634
인모드,5,all,2025-09-01,29.91146
인모드,5,all,2025-10-01,28.69058
인모드,5,all,2025-11-01,24.97204
인모드,5,all,2025-12-01,23.38769
인모드,5,f,2016-08-01,0.0061
인모드,5,f,2016-11-01,0.03665
인모드,5,f,2016-12-01,0.05497
인모드,5,f,2017-01-01,0.0794
인모드,5,f,2017-02-01,0.03054
인모드,5,f,2017-03-01,0.17103
인모드,5,f,2017-04-01,0.18325
인모드,5,f,2017-05-01,0.10384
인모드,5,f,2017-06-01,0.11605
인모드,5,f,2017-07-01,0.10995
인모드,5,f,2017-08-01,0.20157
인모드,5,f,2017-09-01,0.27487
인모드,5,f,2017-10-01,0.226
인모드,5,f,2017-11-01,0.18325
인모드,5,f,2017-12-01,0.12216
인모드,5,f,2018-01-01,0.37261
인모드,5,f,2018-02-01,0.50699
인모드,5,f,2018-03-01,0.49477
인모드,5,f,2018-04-01,0.45812
인모드,5,f,2018-05-01,0.40926
인모드,5,f,2018-06-01,0.35428
인모드,5,f,2018-07-01,0.67802
인모드,5,f,2018-08-01,0.77576
인모드,5,f,2018-09-01,0.63526
인모드,5,f,2018-10-01,0.71467
인모드,5,f,2018-11-01,0.74522
인모드,5,f,2018-12-01,0.78187
인모드,5,f,2019-01-01,0.77576
인모드,5,f,2019-02-01,0.87349
인모드,5,f,2019-03-01,0.93457
인모드,5,f,2019-04-01,0.99566
인모드,5,f,2019-05-01,1.85083
인모드,5,f,2019-06-01,3.75664
인모드,5,f,2019-07-01,3.62225
인모드,5,f,2019-08-01,3.48176
인모드,5,f,2019-09-01,3.05418
인모드,5,f,2019-10-01,2.69989
인모드,5,f,2019-11-01,4.94166
인모드,5,f,2019-12-01,11.99682
인모드,5,f,2020-01-01,12.07012
인모드,5,f,2020-02-01,17.25001
인모드,5,f,2020-03-01,12.06401
인모드,5,f,2020-04-01,15.83287
인모드,5,f,2020-05-01,21.39759
인모드,5,f,2020-06-01,19.02144
인모드,5,f,2020-07-01,22.90025
인모드,5,f,2020-08-01,20.74399
인모드,5,f,2020-09-01,20.23089
인모드,5,f,2020-10-01,21.44035
인모드,5,f,2020-11-01,21.9901
인모드,5,f,2020-12-01,31.52525
인모드,5,f,2021-01-01,46.87557
인모드,5,f,2021-02-01,49.35556
인모드,5,f,2021-03-01,68.14489
인모드,5,f,2021-04-01,62.47633
인모드,5,f,2021-05-01,56.40461
인모드,5,f,2021-06-01,68.03493
인모드,5,f,2021-07-01,66.09858
인모드,5,f,2021-08-01,61.30963
인모드,5,f,2021-09-01,63.191
인모드,5,f,2021-10-01,61.27298
인모드,5,f,2021-11-01,63.698
인모드,5,f,2021-12-01,62.98943
인모드,5,f,2022-01-01,75.41994
인모드,5,f,2022-02-01,67.27139
인모드,5,f,2022-03-01,94.20316
인모드,5,f,2022-04-01,74.10054
인모드,5,f,2022-05-01,81.65658
인모드,5,f,2022-06-01,62.94667
인모드,5,f,2022-07-01,63.6247
인모드,5,f,2022-08-01,65.28617
인모드,5,f,2022-09-01,62.67179
인모드,5,f,2022-10-01,72.57345
인모드,5,f,2022-11-01,71.0036
인모드,5,f,2022-12-01,68.8107
인모드,5,f,2023-01-01,94.54523
인모드,5,f,2023-02-01,99.33418
인모드,5,f,2023-03-01,100.0
인모드,5,f,2023-04-01,87.91155
인모드,5,f,2023-05-01,78.18092
인모드,5,f,2023-06-01,69.70252
인모드,5,f,2023-07-01,63.67356
인모드,5,f,2023-08-01,60.99199
인모드,5,f,2023-09-01,60.49111
인모드,5,f,2023-10-01,53.90629
인모드,5,f,2023-11-01,46.77783
인모드,5,f,2023-12-01,47.94453
인모드,5,f,2024-01-01,60.94313
인모드,5,f,2024-02-01,55.86097
인모드,5,f,2024-03-01,56.9055
인모드,5,f,2024-04-01,49.44108
인모드,5,f,2024-05-01,44.70099
인모드,5,f,2024-06-01,40.3946
인모드,5,f,2024-07-01,44.07794
인모드,5,f,2024-08-01,41.84228
인모드,5,f,2024-09-01,39.89982
인모드,5,f,2024-10-01,38.20169
인모드,5,f,2024-11-01,37.59086
인모드,5,f,2024-12-01,41.98888
인모드,5,f,2025-01-01,49.22729
인모드,5,f,2025-02-01,46.83281
인모드,5,f,2025-03-01,43.05784
인모드,5,f,2025-04-01,41.20701
인모드,5,f,2025-05-01,37.5481
인모드,5,f,2025-06-01,32.42929
인모드,5,f,2025-07-01,33.13786
인모드,5,f,2025-08-01,31.00604
인모드,5,f,2025-09-01,29.77215
인모드,5,f,2025-10-01,27.49373
인모드,5,f,2025-11-01,23.54773
인모드,5,f,2025-12-01,23.18734
인모드,5,m,2016-05-01,0.01953
인모드,5,m,2016-09-01,0.07814
인모드,5,m,2016-11-01,0.01953
인모드,5,m,2016-12-01,0.01953
인모드,5,m,2017-01-01,0.01953
인모드,5,m,2017-02-01,0.0586
인모드,5,m,2017-03-01,0.15628
인모드,5,m,2017-04-01,0.03907
인모드,5,m,2017-05-01,0.01953
인모드,5,m,2017-06-01,0.15628
인모드,5,m,2017-07-01,0.23442
인모드,5,m,2017-08-01,0.09767
인모드,5,m,2017-09-01,0.17581
인모드,5,m,2017-10-01,0.15628
인모드,5,m,2017-11-01,0.15628
인모드,5,m,2017-12-01,0.23442
인모드,5,m,2018-01-01,0.23442
인모드,5,m,2018-02-01,0.31256
인모드,5,m,2018-03-01,0.21488
인모드,5,m,2018-04-01,0.23442
인모드,5,m,2018-05-01,0.29302
인모드,5,m,2018-06-01,0.37116
인모드,5,m,2018-07-01,0.50791
인모드,5,m,2018-08-01,0.27349
인모드,5,m,2018-09-01,0.29302
인모드,5,m,2018-10-01,0.46884
인모드,5,m,2018-11-01,0.60558
인모드,5,m,2018-12-01,0.97675
인모드,5,m,2019-01-01,0.29302
인모드,5,m,2019-02-01,0.68372
인모드,5,m,2019-03-01,0.70326
인모드,5,m,2019-04-01,1.93397
인모드,5,m,2019-05-01,1.03535
인모드,5,m,2019-06-01,1.5628
인모드,5,m,2019-07-01,2.55909
인모드,5,m,2019-08-01,2.87165
인모드,5,m,2019-09-01,1.66048
인모드,5,m,2019-10-01,1.60187
인모드,5,m,2019-11-01,2.3442
인모드,5,m,2019-12-01,2.6763
인모드,5,m,2020-01-01,3.96561
인모드,5,m,2020-02-01,5.76284
인모드,5,m,2020-03-01,8.08751
인모드,5,m,2020-04-01,8.40007
인모드,5,m,2020-05-01,9.70892
인모드,5,m,2020-06-01,6.4075
인모드,5,m,2020-07-01,11.74057
인모드,5,m,2020-08-01,9.70892
인모드,5,m,2020-09-01,10.21683
인모드,5,m,2020-10-01,10.5294
인모드,5,m,2020-11-01,10.88103
인모드,5,m,2020-12-01,15.23735
인모드,5,m,2021-01-01,20.57042
인모드,5,m,2021-02-01,21.8988
인모드,5,m,2021-03-01,27.95467
인모드,5,m,2021-04-01,30.18167
인모드,5,m,2021-05-01,29.28306
인모드,5,m,2021-06-01,34.73334
인모드,5,m,2021-07-01,37.29243
인모드,5,m,2021-08-01,36.19847
인모드,5,m,2021-09-01,50.83024
인모드,5,m,2021-10-01,51.29908
인모드,5,m,2021-11-01,46.55206
인모드,5,m,2021-12-01,50.4786
인모드,5,m,2022-01-01,58.54659
인모드,5,m,2022-02-01,45.966
인모드,5,m,2022-03-01,53.87771
인모드,5,m,2022-04-01,62.60988
인모드,5,m,2022-05-01,64.64153
인모드,5,m,2022-06-01,53.87771
인모드,5,m,2022-07-01,54.56143
인모드,5,m,2022-08-01,57.12053
인모드,5,m,2022-09-01,45.06739
인모드,5,m,2022-10-01,49.87302
인모드,5,m,2022-11-01,68.00156
인모드,5,m,2022-12-01,85.77847
인모드,5,m,2023-01-01,93.18226
인모드,5,m,2023-02-01,100.0
인모드,5,m,2023-03-01,99.41394
인모드,5,m,2023-04-01,81.01191
인모드,5,m,2023-05-01,97.10881
인모드,5,m,2023-06-01,91.24829
인모드,5,m,2023-07-01,75.79605
인모드,5,m,2023-08-01,75.2686
인모드,5,m,2023-09-01,68.97831
인모드,5,m,2023-10-01,84.74311
인모드,5,m,2023-11-01,60.79312
인모드,5,m,2023-12-01,67.90388
인모드,5,m,2024-01-01,66.08712
인모드,5,m,2024-02-01,66.26294
인모드,5,m,2024-03-01,69.01738
인모드,5,m,2024-04-01,66.47782
인모드,5,m,2024-05-01,64.30943
인모드,5,m,2024-06-01,56.47587
인모드,5,m,2024-07-01,59.28892
인모드,5,m,2024-08-01,59.85544
인모드,5,m,2024-09-01,50.83024
인모드,5,m,2024-10-01,43.13342
인모드,5,m,2024-11-01,40.26176
인모드,5,m,2024-12-01,47.48974
인모드,5,m,2025-01-01,52.45165
인모드,5,m,2025-02-01,51.63117
인모드,5,m,2025-03-01,49.3065
인모드,5,m,2025-04-01,44.67669
인모드,5,m,2025-05-01,42.1762
인모드,5,m,2025-06-01,43.87575
인모드,5,m,2025-07-01,38.71849
인모드,5,m,2025-08-01,35.14358
인모드,5,m,2025-09-01,30.18167
인모드,5,m,2025-10-01,32.35006
인모드,5,m,2025-11-01,29.38073
인모드,5,m,2025-12-01,23.89138
인모드,6,all,2016-05-01,0.00699
인모드,6,all,2016-06-01,0.01399
인모드,6,all,2016-08-01,0.01399
인모드,6,all,2016-09-01,0.01399
인모드,6,all,2016-10-01,0.00699
인모드,6,all,2016-11-01,0.03498
인모드,6,all,2016-12-01,0.00699
인모드,6,all,2017-01-01,0.13994
인모드,6,all,2017-02-01,0.06997
인모드,6,all,2017-03-01,0.27989
인모드,6,all,2017-04-01,0.46182
인모드,6,all,2017-05-01,0.19592
인모드,6,all,2017-06-01,0.22391
인모드,6,all,2017-07-01,0.20292
인모드,6,all,2017-08-01,0.20292
인모드,6,all,2017-09-01,0.8047
인모드,6,all,2017-10-01,0.32188
인모드,6,all,2017-11-01,0.39185
인모드,6,all,2017-12-01,0.36386
인모드,6,all,2018-01-01,0.74172
인모드,6,all,2018-02-01,0.5248
인모드,6,all,2018-03-01,0.61577
인모드,6,all,2018-04-01,0.77671
인모드,6,all,2018-05-01,1.42047
인모드,6,all,2018-06-01,2.12721
인모드,6,all,2018-07-01,1.44146
인모드,6,all,2018-08-01,0.96564
인모드,6,all,2018-09-01,1.03561
인모드,6,all,2018-10-01,1.04261
인모드,6,all,2018-11-01,1.0566
인모드,6,all,2018-12-01,1.46245
인모드,6,all,2019-01-01,1.11958
인모드,6,all,2019-02-01,1.55342
인모드,6,all,2019-03-01,1.51843
인모드,6,all,2019-04-01,1.80533
인모드,6,all,2019-05-01,2.10622
인모드,6,all,2019-06-01,3.26079
인모드,6,all,2019-07-01,3.60366
인모드,6,all,2019-08-01,3.37974
인모드,6,all,2019-09-01,2.77097
인모드,6,all,2019-10-01,3.07886
인모드,6,all,2019-11-01,4.80722
인모드,6,all,2019-12-01,6.59156
인모드,6,all,2020-01-01,10.76201
인모드,6,all,2020-02-01,18.0883
인모드,6,all,2020-03-01,10.86697
인모드,6,all,2020-04-01,15.24735
인모드,6,all,2020-05-01,19.95661
인모드,6,all,2020-06-01,18.99097
인모드,6,all,2020-07-01,23.67224
인모드,6,all,2020-08-01,19.9916
인모드,6,all,2020-09-01,20.95024
인모드,6,all,2020-10-01,22.02784
인모드,6,all,2020-11-01,23.70023
인모드,6,all,2020-12-01,29.26317
인모드,6,all,2021-01-01,40.89286
인모드,6,all,2021-02-01,39.75928
인모드,6,all,2021-03-01,58.56133
인모드,6,all,2021-04-01,56.62304
인모드,6,all,2021-05-01,49.96151
인모드,6,all,2021-06-01,62.151
인모드,6,all,2021-07-01,59.32405
인모드,6,all,2021-08-01,56.97292
인모드,6,all,2021-09-01,59.83486
인모드,6,all,2021-10-01,61.89209
인모드,6,all,2021-11-01,65.31383
인모드,6,all,2021-12-01,65.75467
인모드,6,all,2022-01-01,69.70121
인모드,6,all,2022-02-01,60.03778
인모드,6,all,2022-03-01,74.29151
인모드,6,all,2022-04-01,73.7807
인모드,6,all,2022-05-01,79.9734
인모드,6,all,2022-06-01,67.24511
인모드,6,all,2022-07-01,66.7553
인모드,6,all,2022-08-01,62.53586
인모드,6,all,2022-09-01,58.79224
인모드,6,all,2022-10-01,69.65922
인모드,6,all,2022-11-01,72.83605
인모드,6,all,2022-12-01,72.4092
인모드,6,all,2023-01-01,91.5961
인모드,6,all,2023-02-01,100.0
인모드,6,all,2023-03-01,99.03435
인모드,6,all,2023-04-01,89.34994
인모드,6,all,2023-05-01,81.84871
인모드,6,all,2023-06-01,74.38947
인모드,6,all,2023-07-01,67.79091
인모드,6,all,2023-08-01,65.95759
인모드,6,all,2023-09-01,63.66244
인모드,6,all,2023-10-01,62.87873
인모드,6,all,2023-11-01,55.87432
인모드,6,all,2023-12-01,57.24581
인모드,6,all,2024-01-01,67.26611
인모드,6,all,2024-02-01,59.38702
인모드,6,all,2024-03-01,59.32405
인모드,6,all,2024-04-01,56.77699
인모드,6,all,2024-05-01,49.96851
인모드,6,all,2024-06-01,44.92337
인모드,6,all,2024-07-01,47.37946
인모드,6,all,2024-08-01,44.44755
인모드,6,all,2024-09-01,41.01182
인모드,6,all,2024-10-01,38.14288
인모드,6,all,2024-11-01,38.40179
인모드,6,all,2024-12-01,44.0277
인모드,6,all,2025-01-01,49.19879
인모드,6,all,2025-02-01,45.71408
인모드,6,all,2025-03-01,42.92211
인모드,6,all,2025-04-01,44.62948
인모드,6,all,2025-05-01,39.89223
인모드,6,all,2025-06-01,37.08627
인모드,6,all,2025-07-01,34.14036
인모드,6,all,2025-08-01,31.6073
인모드,6,all,2025-09-01,30.14484
인모드,6,all,2025-10-01,28.66839
인모드,6,all,2025-11-01,25.68749
인모드,6,all,2025-12-01,24.41396
인모드,6,f,2016-06-01,0.00872
인모드,6,f,2016-09-01,0.00872
인모드,6,f,2016-11-01,0.04363
인모드,6,f,2016-12-01,0.00872
인모드,6,f,2017-01-01,0.01745
인모드,6,f,2017-02-01,0.04363
인모드,6,f,2017-03-01,0.21818
인모드,6,f,2017-04-01,0.37528
인모드,6,f,2017-05-01,0.15709
인모드,6,f,2017-06-01,0.13964
인모드,6,f,2017-07-01,0.12218
인모드,6,f,2017-08-01,0.20946
인모드,6,f,2017-09-01,0.68074
인모드,6,f,2017-10-01,0.33164
인모드,6,f,2017-11-01,0.38401
인모드,6,f,2017-12-01,0.34037
인모드,6,f,2018-01-01,0.66329
인모드,6,f,2018-02-01,0.51492
인모드,6,f,2018-03-01,0.55856
인모드,6,f,2018-04-01,0.78547
인모드,6,f,2018-05-01,1.24803
인모드,6,f,2018-06-01,1.98987
인모드,6,f,2018-07-01,1.50113
인모드,6,f,2018-08-01,0.91639
인모드,6,f,2018-09-01,1.03857
인모드,6,f,2018-10-01,1.08221
인모드,6,f,2018-11-01,0.98621
인모드,6,f,2018-12-01,1.28294
인모드,6,f,2019-01-01,1.09094
인모드,6,f,2019-02-01,1.35276
인모드,6,f,2019-03-01,1.27421
인모드,6,f,2019-04-01,1.63204
인모드,6,f,2019-05-01,1.87641
인모드,6,f,2019-06-01,3.10699
인모드,6,f,2019-07-01,3.395
인모드,6,f,2019-08-01,3.24663
인모드,6,f,2019-09-01,2.46989
인모드,6,f,2019-10-01,3.24663
인모드,6,f,2019-11-01,4.86995
인모드,6,f,2019-12-01,6.87729
인모드,6,f,2020-01-01,11.04032
인모드,6,f,2020-02-01,18.72927
인모드,6,f,2020-03-01,11.01413
인모드,6,f,2020-04-01,15.02007
인모드,6,f,2020-05-01,20.9286
인모드,6,f,2020-06-01,20.6406
인모드,6,f,2020-07-01,25.56292
인모드,6,f,2020-08-01,21.63553
인모드,6,f,2020-09-01,22.32501
인모드,6,f,2020-10-01,23.5905
인모드,6,f,2020-11-01,25.32728
인모드,6,f,2020-12-01,31.2009
인모드,6,f,2021-01-01,44.34456
인모드,6,f,2021-02-01,42.92197
인모드,6,f,2021-03-01,64.80188
인모드,6,f,2021-04-01,61.59888
인모드,6,f,2021-05-01,53.9012
인모드,6,f,2021-06-01,66.28556
인모드,6,f,2021-07-01,63.30075
인모드,6,f,2021-08-01,60.8134
인모드,6,f,2021-09-01,59.73991
인모드,6,f,2021-10-01,62.0178
인모드,6,f,2021-11-01,67.06231
인모드,6,f,2021-12-01,67.68196
인모드,6,f,2022-01-01,68.834
인모드,6,f,2022-02-01,60.26357
인모드,6,f,2022-03-01,76.66259
인모드,6,f,2022-04-01,72.44719
인모드,6,f,2022-05-01,80.01396
인모드,6,f,2022-06-01,66.06737
인모드,6,f,2022-07-01,64.66224
인모드,6,f,2022-08-01,61.30214
인모드,6,f,2022-09-01,60.31593
인모드,6,f,2022-10-01,72.74393
인모드,6,f,2022-11-01,73.97451
인모드,6,f,2022-12-01,70.47477
인모드,6,f,2023-01-01,90.34735
인모드,6,f,2023-02-01,99.06615
인모드,6,f,2023-03-01,100.0
인모드,6,f,2023-04-01,89.8237
인모드,6,f,2023-05-01,77.75353
인모드,6,f,2023-06-01,70.15185
인모드,6,f,2023-07-01,63.90294
인모드,6,f,2023-08-01,61.61633
인모드,6,f,2023-09-01,62.56763
인모드,6,f,2023-10-01,56.07435
인모드,6,f,2023-11-01,53.48228
인모드,6,f,2023-12-01,53.85756
인모드,6,f,2024-01-01,67.26304
인모드,6,f,2024-02-01,57.67149
인모드,6,f,2024-03-01,56.68528
인모드,6,f,2024-04-01,53.299
인모드,6,f,2024-05-01,46.33443
인모드,6,f,2024-06-01,41.62157
인모드,6,f,2024-07-01,44.56275
인모드,6,f,2024-08-01,40.79245
인모드,6,f,2024-09-01,39.41351
인모드,6,f,2024-10-01,36.66433
인모드,6,f,2024-11-01,37.75528
인모드,6,f,2024-12-01,43.65508
인모드,6,f,2025-01-01,48.62105
인모드,6,f,2025-02-01,44.37074
인모드,6,f,2025-03-01,41.22883
인모드,6,f,2025-04-01,42.92197
인모드,6,f,2025-05-01,38.6193
인모드,6,f,2025-06-01,33.78425
인모드,6,f,2025-07-01,32.66713
인모드,6,f,2025-08-01,30.38924
인모드,6,f,2025-09-01,29.28085
인모드,6,f,2025-10-01,27.01169
인모드,6,f,2025-11-01,24.33234
인모드,6,f,2025-12-01,23.86105
인모드,6,m,2016-05-01,0.03401
인모드,6,m,2016-06-01,0.03401
인모드,6,m,2016-08-01,0.06802
인모드,6,m,2016-09-01,0.03401
인모드,6,m,2016-10-01,0.03401
인모드,6,m,2017-01-01,0.61224
인모드,6,m,2017-02-01,0.17006
인모드,6,m,2017-03-01,0.5102
인모드,6,m,2017-04-01,0.78231
인모드,6,m,2017-05-01,0.34013
인모드,6,m,2017-06-01,0.54421
인모드,6,m,2017-07-01,0.5102
인모드,6,m,2017-08-01,0.17006
인모드,6,m,2017-09-01,1.2585
인모드,6,m,2017-10-01,0.2721
인모드,6,m,2017-11-01,0.40816
인모드,6,m,2017-12-01,0.44217
인모드,6,m,2018-01-01,1.0204
인모드,6,m,2018-02-01,0.54421
인모드,6,m,2018-03-01,0.81632
인모드,6,m,2018-04-01,0.71428
인모드,6,m,2018-05-01,2.04081
인모드,6,m,2018-06-01,2.58503
인모드,6,m,2018-07-01,1.15646
인모드,6,m,2018-08-01,1.12244
인모드,6,m,2018-09-01,0.98639
인모드,6,m,2018-10-01,0.85034
인모드,6,m,2018-11-01,1.29251
인모드,6,m,2018-12-01,2.10884
인모드,6,m,2019-01-01,1.19047
인모드,6,m,2019-02-01,2.27891
인모드,6,m,2019-03-01,2.41496
인모드,6,m,2019-04-01,2.41496
인모드,6,m,2019-05-01,2.92517
인모드,6,m,2019-06-01,3.74149
인모드,6,m,2019-07-01,4.28571
인모드,6,m,2019-08-01,3.77551
인모드,6,m,2019-09-01,3.84353
인모드,6,m,2019-10-01,2.31292
인모드,6,m,2019-11-01,4.38775
인모드,6,m,2019-12-01,5.23809
인모드,6,m,2020-01-01,9.28571
인모드,6,m,2020-02-01,14.93197
인모드,6,m,2020-03-01,9.89795
인모드,6,m,2020-04-01,15.57823
인모드,6,m,2020-05-01,15.44217
인모드,6,m,2020-06-01,11.87074
인모드,6,m,2020-07-01,15.44217
인모드,6,m,2020-08-01,12.85714
인모드,6,m,2020-09-01,14.82993
인모드,6,m,2020-10-01,15.13605
인모드,6,m,2020-11-01,16.49659
인모드,6,m,2020-12-01,20.64625
인모드,6,m,2021-01-01,25.95238
인모드,6,m,2021-02-01,25.98639
인모드,6,m,2021-03-01,32.10884
인모드,6,m,2021-04-01,35.17006
인모드,6,m,2021-05-01,32.78911
인모드,6,m,2021-06-01,43.77551
인모드,6,m,2021-07-01,41.66666
인모드,6,m,2021-08-01,39.93197
인모드,6,m,2021-09-01,58.02721
인모드,6,m,2021-10-01,59.14965
인모드,6,m,2021-11-01,56.12244
인모드,6,m,2021-12-01,55.85034
인모드,6,m,2022-01-01,70.54421
인모드,6,m,2022-02-01,56.97278
인모드,6,m,2022-03-01,62.34693
인모드,6,m,2022-04-01,76.29251
인모드,6,m,2022-05-01,76.90476
인모드,6,m,2022-06-01,69.38775
인모드,6,m,2022-07-01,72.48299
인모드,6,m,2022-08-01,65.06802
인모드,6,m,2022-09-01,50.71428
인모드,6,m,2022-10-01,55.10204
인모드,6,m,2022-11-01,65.74829
인모드,6,m,2022-12-01,77.31292
인모드,6,m,2023-01-01,93.12925
인모드,6,m,2023-02-01,100.0
인모드,6,m,2023-03-01,91.66666
인모드,6,m,2023-04-01,84.2517
인모드,6,m,2023-05-01,94.82993
인모드,6,m,2023-06-01,88.19727
인모드,6,m,2023-07-01,80.47619
인모드,6,m,2023-08-01,80.47619
인모드,6,m,2023-09-01,65.61224
인모드,6,m,2023-10-01,87.10884
인모드,6,m,2023-11-01,63.16326
인모드,6,m,2023-12-01,68.36734
인모드,6,m,2024-01-01,64.82993
인모드,6,m,2024-02-01,63.91156
인모드,6,m,2024-03-01,67.44897
인모드,6,m,2024-04-01,68.2653
인모드,6,m,2024-05-01,62.31292
인모드,6,m,2024-06-01,56.15646
인모드,6,m,2024-07-01,56.63265
인모드,6,m,2024-08-01,57.07482
인모드,6,m,2024-09-01,45.74829
인모드,6,m,2024-10-01,42.517
인모드,6,m,2024-11-01,39.5238
인모드,6,m,2024-12-01,43.87755
인모드,6,m,2025-01-01,49.65986
인모드,6,m,2025-02-01,49.28571
인모드,6,m,2025-03-01,47.95918
인모드,6,m,2025-04-01,49.65986
인모드,6,m,2025-05-01,43.40136
인모드,6,m,2025-06-01,48.60544
인모드,6,m,2025-07-01,38.63945
인모드,6,m,2025-08-01,35.20408
인모드,6,m,2025-09-01,32.41496
인모드,6,m,2025-10-01,34.08163
인모드,6,m,2025-11-01,30.03401
인모드,6,m,2025-12-01,25.68027
인모드,7,all,2016-09-01,0.04937
인모드,7,all,2016-10-01,0.00822
인모드,7,all,2016-11-01,0.03291
인모드,7,all,2017-01-01,0.13989
인모드,7,all,2017-02-01,0.17281
인모드,7,all,2017-03-01,0.69947
인모드,7,all,2017-04-01,0.44437
인모드,7,all,2017-05-01,0.23041
인모드,7,all,2017-06-01,0.46082
인모드,7,all,2017-07-01,0.23864
인모드,7,all,2017-08-01,0.23864
인모드,7,all,2017-09-01,0.38676
인모드,7,all,2017-10-01,0.18926
인모드,7,all,2017-11-01,0.33739
인모드,7,all,2017-12-01,0.41968
인모드,7,all,2018-01-01,0.97103
인모드,7,all,2018-02-01,0.63364
인모드,7,all,2018-03-01,0.49374
인모드,7,all,2018-04-01,0.48551
인모드,7,all,2018-05-01,0.2551
인모드,7,all,2018-06-01,0.65832
인모드,7,all,2018-07-01,0.65832
인모드,7,all,2018-08-01,0.55957
인모드,7,all,2018-09-01,0.74884
인모드,7,all,2018-10-01,0.66655
인모드,7,all,2018-11-01,1.11092
인모드,7,all,2018-12-01,0.9052
인모드,7,all,2019-01-01,0.88874
인모드,7,all,2019-02-01,1.32488
인모드,7,all,2019-03-01,1.30842
인모드,7,all,2019-04-01,1.53884
인모드,7,all,2019-05-01,1.4154
인모드,7,all,2019-06-01,2.23008
인모드,7,all,2019-07-01,2.31237
인모드,7,all,2019-08-01,1.84331
인모드,7,all,2019-09-01,1.81863
인모드,7,all,2019-10-01,1.91737
인모드,7,all,2019-11-01,3.35747
인모드,7,all,2019-12-01,4.09809
인모드,7,all,2020-01-01,7.02764
인모드,7,all,2020-02-01,11.1998
인모드,7,all,2020-03-01,6.69025
인모드,7,all,2020-04-01,10.46741
인모드,7,all,2020-05-01,12.96905
인모드,7,all,2020-06-01,12.39302
인모드,7,all,2020-07-01,16.01382
인모드,7,all,2020-08-01,13.81665
인모드,7,all,2020-09-01,14.8782
인모드,7,all,2020-10-01,16.77913
인모드,7,all,2020-11-01,18.58953
인모드,7,all,2020-12-01,18.98452
인모드,7,all,2021-01-01,31.24588
인모드,7,all,2021-02-01,32.15931
인모드,7,all,2021-03-01,47.60533
인모드,7,all,2021-04-01,46.7495
인모드,7,all,2021-05-01,40.65174
인모드,7,all,2021-06-01,50.24687
인모드,7,all,2021-07-01,47.75345
인모드,7,all,2021-08-01,46.79065
인모드,7,all,2021-09-01,49.21
인모드,7,all,2021-10-01,54.3861
인모드,7,all,2021-11-01,51.29196
인모드,7,all,2021-12-01,54.13923
인모드,7,all,2022-01-01,58.31961
인모드,7,all,2022-02-01,49.13594
인모드,7,all,2022-03-01,62.6152
인모드,7,all,2022-04-01,69.50296
인모드,7,all,2022-05-01,79.68235
인모드,7,all,2022-06-01,65.93976
인모드,7,all,2022-07-01,62.70572
인모드,7,all,2022-08-01,56.74786
인모드,7,all,2022-09-01,54.28736
인모드,7,all,2022-10-01,67.07537
인모드,7,all,2022-11-01,69.39598
인모드,7,all,2022-12-01,67.36339
인모드,7,all,2023-01-01,90.4131
인모드,7,all,2023-02-01,99.10302
인모드,7,all,2023-03-01,100.0
인모드,7,all,2023-04-01,87.24489
인모드,7,all,2023-05-01,77.29591
인모드,7,all,2023-06-01,71.19815
인모드,7,all,2023-07-01,65.44601
인모드,7,all,2023-08-01,60.12179
인모드,7,all,2023-09-01,65.56945
인모드,7,all,2023-10-01,66.9684
인모드,7,all,2023-11-01,60.37689
인모드,7,all,2023-12-01,58.8545
인모드,7,all,2024-01-01,70.21066
인모드,7,all,2024-02-01,60.52501
인모드,7,all,2024-03-01,59.04377
인모드,7,all,2024-04-01,57.23337
인모드,7,all,2024-05-01,50.16458
인모드,7,all,2024-06-01,46.25576
인모드,7,all,2024-07-01,48.00032
인모드,7,all,2024-08-01,46.63429
인모드,7,all,2024-09-01,41.92725
인모드,7,all,2024-10-01,38.27353
인모드,7,all,2024-11-01,39.3104
인모드,7,all,2024-12-01,44.19848
인모드,7,all,2025-01-01,47.10335
인모드,7,all,2025-02-01,45.11191
인모드,7,all,2025-03-01,40.79986
인모드,7,all,2025-04-01,42.61026
인모드,7,all,2025-05-01,38.72613
인모드,7,all,2025-06-01,35.55793
인모드,7,all,2025-07-01,32.34035
인모드,7,all,2025-08-01,30.90849
인모드,7,all,2025-09-01,30.42297
인모드,7,all,2025-10-01,28.17643
인모드,7,all,2025-11-01,26.15207
인모드,7,all,2025-12-01,25.09052
인모드,7,f,2016-09-01,0.02869
인모드,7,f,2016-11-01,0.03825
인모드,7,f,2017-01-01,0.03825
인모드,7,f,2017-02-01,0.01912
인모드,7,f,2017-03-01,0.19129
인모드,7,f,2017-04-01,0.11477
인모드,7,f,2017-05-01,0.17216
인모드,7,f,2017-06-01,0.37302
인모드,7,f,2017-07-01,0.22955
인모드,7,f,2017-08-01,0.21042
인모드,7,f,2017-09-01,0.38259
인모드,7,f,2017-10-01,0.1626
인모드,7,f,2017-11-01,0.28694
인모드,7,f,2017-12-01,0.33476
인모드,7,f,2018-01-01,0.66953
인모드,7,f,2018-02-01,0.59301
인모드,7,f,2018-03-01,0.37302
인모드,7,f,2018-04-01,0.43998
인모드,7,f,2018-05-01,0.22955
인모드,7,f,2018-06-01,0.57388
인모드,7,f,2018-07-01,0.60258
인모드,7,f,2018-08-01,0.52606
인모드,7,f,2018-09-01,0.72692
인모드,7,f,2018-10-01,0.6504
인모드,7,f,2018-11-01,1.03299
인모드,7,f,2018-12-01,0.75561
인모드,7,f,2019-01-01,0.76518
인모드,7,f,2019-02-01,1.03299
인모드,7,f,2019-03-01,1.12864
인모드,7,f,2019-04-01,1.40602
인모드,7,f,2019-05-01,1.3582
인모드,7,f,2019-06-01,2.1712
인모드,7,f,2019-07-01,2.14251
인모드,7,f,2019-08-01,1.74079
인모드,7,f,2019-09-01,1.75035
인모드,7,f,2019-10-01,1.95121
인모드,7,f,2019-11-01,3.15638
인모드,7,f,2019-12-01,3.86417
인모드,7,f,2020-01-01,6.40841
인모드,7,f,2020-02-01,10.45432
인모드,7,f,2020-03-01,6.07364
인모드,7,f,2020-04-01,10.00478
인모드,7,f,2020-05-01,12.40554
인모드,7,f,2020-06-01,12.13773
인모드,7,f,2020-07-01,15.53323
인모드,7,f,2020-08-01,13.52462
인모드,7,f,2020-09-01,14.75848
인모드,7,f,2020-10-01,16.48971
인모드,7,f,2020-11-01,18.60353
인모드,7,f,2020-12-01,19.18699
인모드,7,f,2021-01-01,31.7647
인모드,7,f,2021-02-01,32.68292
인모드,7,f,2021-03-01,49.12482
인모드,7,f,2021-04-01,47.93878
인모드,7,f,2021-05-01,41.57819
인모드,7,f,2021-06-01,50.03347
인모드,7,f,2021-07-01,48.49354
인모드,7,f,2021-08-01,46.47537
인모드,7,f,2021-09-01,46.51362
인모드,7,f,2021-10-01,50.65518
인모드,7,f,2021-11-01,49.36394
인모드,7,f,2021-12-01,52.09947
인모드,7,f,2022-01-01,56.02104
인모드,7,f,2022-02-01,48.11095
인모드,7,f,2022-03-01,62.21903
인모드,7,f,2022-04-01,64.50502
인모드,7,f,2022-05-01,73.13247
인모드,7,f,2022-06-01,60.74605
인모드,7,f,2022-07-01,59.30176
인모드,7,f,2022-08-01,53.46724
인모드,7,f,2022-09-01,53.34289
인모드,7,f,2022-10-01,67.07795
인모드,7,f,2022-11-01,68.59875
인모드,7,f,2022-12-01,65.19368
인모드,7,f,2023-01-01,86.4658
인모드,7,f,2023-02-01,97.29316
인모드,7,f,2023-03-01,100.0
인모드,7,f,2023-04-01,87.6901
인모드,7,f,2023-05-01,77.47489
인모드,7,f,2023-06-01,68.23529
인모드,7,f,2023-07-01,62.89813
인모드,7,f,2023-08-01,58.50789
인모드,7,f,2023-09-01,64.22764
인모드,7,f,2023-10-01,59.58871
인모드,7,f,2023-11-01,58.52702
인모드,7,f,2023-12-01,56.08799
인모드,7,f,2024-01-01,69.97608
인모드,7,f,2024-02-01,58.68005
인모드,7,f,2024-03-01,56.901
인모드,7,f,2024-04-01,54.06025
인모드,7,f,2024-05-01,47.27881
인모드,7,f,2024-06-01,44.01721
인모드,7,f,2024-07-01,44.10329
인모드,7,f,2024-08-01,43.15638
인모드,7,f,2024-09-01,40.2965
인모드,7,f,2024-10-01,36.09756
인모드,7,f,2024-11-01,37.70444
인모드,7,f,2024-12-01,43.19464
인모드,7,f,2025-01-01,45.70062
인모드,7,f,2025-02-01,44.47632
인모드,7,f,2025-03-01,39.84696
인모드,7,f,2025-04-01,42.44858
인모드,7,f,2025-05-01,38.49832
인모드,7,f,2025-06-01,34.07938
인모드,7,f,2025-07-01,31.69775
인모드,7,f,2025-08-01,30.38737
인모드,7,f,2025-09-01,30.06217
인모드,7,f,2025-10-01,27.23098
인모드,7,f,2025-11-01,25.96843
인모드,7,f,2025-12-01,24.7537
인모드,7,m,2016-09-01,0.14727
인모드,7,m,2016-10-01,0.04909
인모드,7,m,2017-01-01,0.63819
인모드,7,m,2017-02-01,0.93274
인모드,7,m,2017-03-01,3.19096
인모드,7,m,2017-04-01,2.06185
인모드,7,m,2017-05-01,0.49091
인모드,7,m,2017-06-01,0.83456
인모드,7,m,2017-07-01,0.24545
인모드,7,m,2017-08-01,0.34364
인모드,7,m,2017-09-01,0.34364
인모드,7,m,2017-10-01,0.29455
인모드,7,m,2017-11-01,0.54
인모드,7,m,2017-12-01,0.78546
인모드,7,m,2018-01-01,2.3564
인모드,7,m,2018-02-01,0.73637
인모드,7,m,2018-03-01,1.03092
인모드,7,m,2018-04-01,0.63819
인모드,7,m,2018-05-01,0.34364
인모드,7,m,2018-06-01,0.98183
인모드,7,m,2018-07-01,0.83456
인모드,7,m,2018-08-01,0.63819
인모드,7,m,2018-09-01,0.73637
인모드,7,m,2018-10-01,0.63819
인모드,7,m,2018-11-01,1.32547
인모드,7,m,2018-12-01,1.52184
인모드,7,m,2019-01-01,1.37457
인모드,7,m,2019-02-01,2.60186
인모드,7,m,2019-03-01,2.01276
인모드,7,m,2019-04-01,1.96367
인모드,7,m,2019-05-01,1.47275
인모드,7,m,2019-06-01,2.16003
인모드,7,m,2019-07-01,2.79823
인모드,7,m,2019-08-01,2.06185
인모드,7,m,2019-09-01,1.86548
인모드,7,m,2019-10-01,1.42366
인모드,7,m,2019-11-01,3.82916
인모드,7,m,2019-12-01,4.61462
인모드,7,m,2020-01-01,9.03289
인모드,7,m,2020-02-01,13.1566
인모드,7,m,2020-03-01,8.73834
인모드,7,m,2020-04-01,11.09474
인모드,7,m,2020-05-01,13.69661
인모드,7,m,2020-06-01,11.63475
인모드,7,m,2020-07-01,15.80756
인모드,7,m,2020-08-01,13.00932
인모드,7,m,2020-09-01,13.00932
인모드,7,m,2020-10-01,15.46391
인모드,7,m,2020-11-01,15.41482
인모드,7,m,2020-12-01,14.77663
인모드,7,m,2021-01-01,23.36769
인모드,7,m,2021-02-01,24.10407
인모드,7,m,2021-03-01,31.86057
인모드,7,m,2021-04-01,32.84241
인모드,7,m,2021-05-01,29.11143
인모드,7,m,2021-06-01,42.95532
인모드,7,m,2021-07-01,35.98429
인모드,7,m,2021-08-01,40.59891
인모드,7,m,2021-09-01,54.83554
인모드,7,m,2021-10-01,64.45753
인모드,7,m,2021-11-01,52.62641
인모드,7,m,2021-12-01,55.57191
인모드,7,m,2022-01-01,60.38291
인모드,7,m,2022-02-01,46.19538
인모드,7,m,2022-03-01,54.19734
인모드,7,m,2022-04-01,83.55424
인모드,7,m,2022-05-01,100.0
인모드,7,m,2022-06-01,81.59057
인모드,7,m,2022-07-01,69.71035
인모드,7,m,2022-08-01,64.11389
인모드,7,m,2022-09-01,50.07363
인모드,7,m,2022-10-01,55.86647
인모드,7,m,2022-11-01,61.90476
인모드,7,m,2022-12-01,67.25576
인모드,7,m,2023-01-01,95.58173
인모드,7,m,2023-02-01,91.85076
인모드,7,m,2023-03-01,83.30878
인모드,7,m,2023-04-01,70.39764
인모드,7,m,2023-05-01,63.47569
인모드,7,m,2023-06-01,74.52135
인모드,7,m,2023-07-01,67.59941
인모드,7,m,2023-08-01,58.37015
인모드,7,m,2023-09-01,61.51202
인모드,7,m,2023-10-01,93.66715
인모드,7,m,2023-11-01,59.79381
인모드,7,m,2023-12-01,63.23024
인모드,7,m,2024-01-01,59.69563
인모드,7,m,2024-02-01,59.89199
인모드,7,m,2024-03-01,60.18654
인모드,7,m,2024-04-01,63.96661
인모드,7,m,2024-05-01,56.60284
인모드,7,m,2024-06-01,50.02454
인모드,7,m,2024-07-01,59.99018
인모드,7,m,2024-08-01,56.70103
인모드,7,m,2024-09-01,43.29896
인모드,7,m,2024-10-01,43.05351
인모드,7,m,2024-11-01,40.99165
인모드,7,m,2024-12-01,41.97349
인모드,7,m,2025-01-01,46.44084
인모드,7,m,2025-02-01,40.84437
인모드,7,m,2025-03-01,38.8807
인모드,7,m,2025-04-01,36.32793
인모드,7,m,2025-05-01,33.43151
인모드,7,m,2025-06-01,37.21158
인모드,7,m,2025-07-01,30.24054
인모드,7,m,2025-08-01,28.42415
인모드,7,m,2025-09-01,27.19685
인모드,7,m,2025-10-01,28.32596
인모드,7,m,2025-11-01,22.7295
인모드,7,m,2025-12-01,22.63132
인모드,8,all,2016-09-01,0.06934
인모드,8,all,2016-12-01,0.01386
인모드,8,all,2017-01-01,0.05547
인모드,8,all,2017-02-01,0.11095
인모드,8,all,2017-03-01,0.16643
인모드,8,all,2017-04-01,0.20804
인모드,8,all,2017-05-01,0.11095
인모드,8,all,2017-06-01,0.23578
인모드,8,all,2017-07-01,0.09708
인모드,8,all,2017-08-01,0.12482
인모드,8,all,2017-09-01,0.22191
인모드,8,all,2017-10-01,0.13869
인모드,8,all,2017-11-01,0.38834
인모드,8,all,2017-12-01,0.40221
인모드,8,all,2018-01-01,0.38834
인모드,8,all,2018-02-01,0.30513
인모드,8,all,2018-03-01,0.26352
인모드,8,all,2018-04-01,0.37447
인모드,8,all,2018-05-01,0.44382
인모드,8,all,2018-06-01,0.66574
인모드,8,all,2018-07-01,0.83217
인모드,8,all,2018-08-01,0.55478
인모드,8,all,2018-09-01,0.87378
인모드,8,all,2018-10-01,0.91539
인모드,8,all,2018-11-01,1.05409
인모드,8,all,2018-12-01,0.99861
인모드,8,all,2019-01-01,0.79056
인모드,8,all,2019-02-01,1.51178
인모드,8,all,2019-03-01,1.48404
인모드,8,all,2019-04-01,1.56726
인모드,8,all,2019-05-01,1.35922
인모드,8,all,2019-06-01,2.42718
인모드,8,all,2019-07-01,2.38557
인모드,8,all,2019-08-01,2.60748
인모드,8,all,2019-09-01,1.40083
인모드,8,all,2019-10-01,2.6907
인모드,8,all,2019-11-01,3.50901
인모드,8,all,2019-12-01,4.71567
인모드,8,all,2020-01-01,7.69764
인모드,8,all,2020-02-01,11.65048
인모드,8,all,2020-03-01,7.00416
인모드,8,all,2020-04-01,10.12482
인모드,8,all,2020-05-01,13.4674
인모드,8,all,2020-06-01,10.67961
인모드,8,all,2020-07-01,14.50762
인모드,8,all,2020-08-01,13.49514
인모드,8,all,2020-09-01,15.22884
인모드,8,all,2020-10-01,17.55894
인모드,8,all,2020-11-01,17.64216
인모드,8,all,2020-12-01,19.76421
인모드,8,all,2021-01-01,29.8613
인모드,8,all,2021-02-01,30.13869
인모드,8,all,2021-03-01,43.67545
인모드,8,all,2021-04-01,43.57836
인모드,8,all,2021-05-01,40.54091
인모드,8,all,2021-06-01,51.49791
인모드,8,all,2021-07-01,46.99029
인모드,8,all,2021-08-01,46.35228
인모드,8,all,2021-09-01,45.40915
인모드,8,all,2021-10-01,51.20665
인모드,8,all,2021-11-01,50.97087
인모드,8,all,2021-12-01,53.4674
인모드,8,all,2022-01-01,62.59361
인모드,8,all,2022-02-01,53.05131
인모드,8,all,2022-03-01,59.7226
인모드,8,all,2022-04-01,68.82108
인모드,8,all,2022-05-01,79.80582
인모드,8,all,2022-06-01,69.05686
인모드,8,all,2022-07-01,63.64771
인모드,8,all,2022-08-01,59.20943
인모드,8,all,2022-09-01,53.88349
인모드,8,all,2022-10-01,76.61581
인모드,8,all,2022-11-01,70.83217
인모드,8,all,2022-12-01,69.05686
인모드,8,all,2023-01-01,86.15811
인모드,8,all,2023-02-01,100.0
인모드,8,all,2023-03-01,95.39528
인모드,8,all,2023-04-01,88.52981
인모드,8,all,2023-05-01,84.82662
인모드,8,all,2023-06-01,75.10402
인모드,8,all,2023-07-01,66.36615
인모드,8,all,2023-08-01,65.93619
인모드,8,all,2023-09-01,65.58945
인모드,8,all,2023-10-01,71.48404
인모드,8,all,2023-11-01,68.18307
인모드,8,all,2023-12-01,66.68515
인모드,8,all,2024-01-01,76.51872
인모드,8,all,2024-02-01,64.36893
인모드,8,all,2024-03-01,62.30235
인모드,8,all,2024-04-01,58.87656
인모드,8,all,2024-05-01,54.71567
인모드,8,all,2024-06-01,52.55201
인모드,8,all,2024-07-01,51.37309
인모드,8,all,2024-08-01,50.30513
인모드,8,all,2024-09-01,42.38557
인모드,8,all,2024-10-01,41.60887
인모드,8,all,2024-11-01,43.95284
인모드,8,all,2024-12-01,47.76699
인모드,8,all,2025-01-01,48.98751
인모드,8,all,2025-02-01,51.28987
인모드,8,all,2025-03-01,47.36477
인모드,8,all,2025-04-01,45.96393
인모드,8,all,2025-05-01,42.92649
인모드,8,all,2025-06-01,39.50069
인모드,8,all,2025-07-01,36.40776
인모드,8,all,2025-08-01,38.22468
인모드,8,all,2025-09-01,34.09153
인모드,8,all,2025-10-01,34.57697
인모드,8,all,2025-11-01,31.77531
인모드,8,all,2025-12-01,30.83217
인모드,8,f,2016-09-01,0.0629
인모드,8,f,2017-01-01,0.0629
인모드,8,f,2017-02-01,0.1258
인모드,8,f,2017-03-01,0.07862
인모드,8,f,2017-04-01,0.1887
인모드,8,f,2017-05-01,0.1258
인모드,8,f,2017-06-01,0.1258
인모드,8,f,2017-07-01,0.07862
인모드,8,f,2017-08-01,0.07862
인모드,8,f,2017-09-01,0.14153
인모드,8,f,2017-10-01,0.09435
인모드,8,f,2017-11-01,0.26733
인모드,8,f,2017-12-01,0.26733
인모드,8,f,2018-01-01,0.36169
인모드,8,f,2018-02-01,0.25161
인모드,8,f,2018-03-01,0.23588
인모드,8,f,2018-04-01,0.36169
인모드,8,f,2018-05-01,0.33024
인모드,8,f,2018-06-01,0.56612
인모드,8,f,2018-07-01,0.66048
인모드,8,f,2018-08-01,0.40886
인모드,8,f,2018-09-01,0.83346
인모드,8,f,2018-10-01,0.77056
인모드,8,f,2018-11-01,0.94354
인모드,8,f,2018-12-01,0.83346
인모드,8,f,2019-01-01,0.62902
인모드,8,f,2019-02-01,1.1637
인모드,8,f,2019-03-01,1.32096
인모드,8,f,2019-04-01,1.52539
인모드,8,f,2019-05-01,1.21088
인모드,8,f,2019-06-01,2.09152
인모드,8,f,2019-07-01,2.02862
인모드,8,f,2019-08-01,2.40603
인모드,8,f,2019-09-01,1.25805
인모드,8,f,2019-10-01,2.73627
인모드,8,f,2019-11-01,3.45966
인모드,8,f,2019-12-01,4.37175
인모드,8,f,2020-01-01,6.99795
인모드,8,f,2020-02-01,10.94511
인모드,8,f,2020-03-01,6.60481
인모드,8,f,2020-04-01,9.34109
인모드,8,f,2020-05-01,13.03664
인모드,8,f,2020-06-01,10.31608
인모드,8,f,2020-07-01,14.02736
인모드,8,f,2020-08-01,13.2568
인모드,8,f,2020-09-01,14.9709
인모드,8,f,2020-10-01,17.1096
인모드,8,f,2020-11-01,17.34549
인모드,8,f,2020-12-01,19.09105
인모드,8,f,2021-01-01,28.95109
인모드,8,f,2021-02-01,29.24988
인모드,8,f,2021-03-01,44.0478
인모드,8,f,2021-04-01,43.23006
인모드,8,f,2021-05-01,39.75467
인모드,8,f,2021-06-01,49.81915
인모드,8,f,2021-07-01,45.98207
인모드,8,f,2021-08-01,46.0607
인모드,8,f,2021-09-01,43.68611
인모드,8,f,2021-10-01,49.33165
인모드,8,f,2021-11-01,49.28447
인모드,8,f,2021-12-01,51.72196
인모드,8,f,2022-01-01,59.53766
인모드,8,f,2022-02-01,51.91067
인모드,8,f,2022-03-01,58.83
인모드,8,f,2022-04-01,62.6199
인모드,8,f,2022-05-01,71.20616
인모드,8,f,2022-06-01,61.25176
인모드,8,f,2022-07-01,58.46831
인모드,8,f,2022-08-01,55.77921
인모드,8,f,2022-09-01,51.06148
인모드,8,f,2022-10-01,72.33841
인모드,8,f,2022-11-01,68.98883
인모드,8,f,2022-12-01,67.35335
인모드,8,f,2023-01-01,85.40651
인모드,8,f,2023-02-01,100.0
인모드,8,f,2023-03-01,96.3359
인모드,8,f,2023-04-01,88.75609
인모드,8,f,2023-05-01,84.63594
인모드,8,f,2023-06-01,72.84164
인모드,8,f,2023-07-01,64.79006
인모드,8,f,2023-08-01,65.23038
인모드,8,f,2023-09-01,64.82151
인모드,8,f,2023-10-01,64.45982
인모드,8,f,2023-11-01,66.48844
인모드,8,f,2023-12-01,64.12958
인모드,8,f,2024-01-01,76.67872
인모드,8,f,2024-02-01,63.37474
인모드,8,f,2024-03-01,61.06306
인모드,8,f,2024-04-01,57.66629
인모드,8,f,2024-05-01,52.52398
인모드,8,f,2024-06-01,51.94212
인모드,8,f,2024-07-01,49.47318
인모드,8,f,2024-08-01,48.29375
인모드,8,f,2024-09-01,40.43088
인모드,8,f,2024-10-01,39.7075
인모드,8,f,2024-11-01,42.71111
인모드,8,f,2024-12-01,47.31876
인모드,8,f,2025-01-01,48.16795
인모드,8,f,2025-02-01,51.89495
인모드,8,f,2025-03-01,47.7748
인모드,8,f,2025-04-01,46.21795
인모드,8,f,2025-05-01,43.74901
인모드,8,f,2025-06-01,38.32363
인모드,8,f,2025-07-01,35.93332
인모드,8,f,2025-08-01,38.92121
인모드,8,f,2025-09-01,34.48655
인모드,8,f,2025-10-01,34.36074
인모드,8,f,2025-11-01,31.90753
인모드,8,f,2025-12-01,30.93253
인모드,8,m,2016-09-01,0.08156
인모드,8,m,2016-12-01,0.08156
인모드,8,m,2017-03-01,0.57096
인모드,8,m,2017-04-01,0.24469
인모드,8,m,2017-06-01,0.73409
인모드,8,m,2017-07-01,0.16313
인모드,8,m,2017-08-01,0.32626
인모드,8,m,2017-09-01,0.57096
인모드,8,m,2017-10-01,0.32626
인모드,8,m,2017-11-01,0.89722
인모드,8,m,2017-12-01,0.97879
인모드,8,m,2018-01-01,0.40783
인모드,8,m,2018-02-01,0.48939
인모드,8,m,2018-03-01,0.32626
인모드,8,m,2018-04-01,0.32626
인모드,8,m,2018-05-01,0.89722
인모드,8,m,2018-06-01,0.97879
인모드,8,m,2018-07-01,1.46818
인모드,8,m,2018-08-01,1.14192
인모드,8,m,2018-09-01,0.81566
인모드,8,m,2018-10-01,1.38662
인모드,8,m,2018-11-01,1.30505
인모드,8,m,2018-12-01,1.54975
인모드,8,m,2019-01-01,1.38662
인모드,8,m,2019-02-01,2.85481
인모드,8,m,2019-03-01,1.87601
인모드,8,m,2019-04-01,1.30505
인모드,8,m,2019-05-01,1.71288
인모드,8,m,2019-06-01,3.42577
인모드,8,m,2019-07-01,3.50734
인모드,8,m,2019-08-01,2.85481
인모드,8,m,2019-09-01,1.71288
인모드,8,m,2019-10-01,1.63132
인모드,8,m,2019-11-01,2.69168
인모드,8,m,2019-12-01,5.05709
인모드,8,m,2020-01-01,8.97226
인모드,8,m,2020-02-01,11.74551
인모드,8,m,2020-03-01,6.93311
인모드,8,m,2020-04-01,11.09298
인모드,8,m,2020-05-01,11.58238
인모드,8,m,2020-06-01,9.29853
인모드,8,m,2020-07-01,12.56117
인모드,8,m,2020-08-01,10.60358
인모드,8,m,2020-09-01,11.90864
인모드,8,m,2020-10-01,14.51876
인모드,8,m,2020-11-01,13.78466
인모드,8,m,2020-12-01,17.21044
인모드,8,m,2021-01-01,25.44861
인모드,8,m,2021-02-01,25.53017
인모드,8,m,2021-03-01,28.38499
인모드,8,m,2021-04-01,32.05546
인모드,8,m,2021-05-01,32.21859
인모드,8,m,2021-06-01,44.4535
인모드,8,m,2021-07-01,37.84665
인모드,8,m,2021-08-01,33.68678
인모드,8,m,2021-09-01,40.45676
인모드,8,m,2021-10-01,45.26916
인모드,8,m,2021-11-01,44.12724
인모드,8,m,2021-12-01,46.16639
인모드,8,m,2022-01-01,59.29853
인모드,8,m,2022-02-01,42.74061
인모드,8,m,2022-03-01,46.08482
인모드,8,m,2022-04-01,79.93474
인모드,8,m,2022-05-01,100.0
인모드,8,m,2022-06-01,88.41761
인모드,8,m,2022-07-01,71.04404
인모드,8,m,2022-08-01,58.8907
인모드,8,m,2022-09-01,52.03915
인모드,8,m,2022-10-01,75.36704
인모드,8,m,2022-11-01,58.72756
인모드,8,m,2022-12-01,56.76998
인모드,8,m,2023-01-01,63.70309
인모드,8,m,2023-02-01,69.41272
인모드,8,m,2023-03-01,61.33768
인모드,8,m,2023-04-01,60.27732
인모드,8,m,2023-05-01,59.86949
인모드,8,m,2023-06-01,63.86623
인모드,8,m,2023-07-01,54.24143
인모드,8,m,2023-08-01,49.42903
인모드,8,m,2023-09-01,49.5106
인모드,8,m,2023-10-01,86.0522
인모드,8,m,2023-11-01,56.11745
인모드,8,m,2023-12-01,59.54323
인모드,8,m,2024-01-01,52.28384
인모드,8,m,2024-02-01,49.83686
인모드,8,m,2024-03-01,49.67373
인모드,8,m,2024-04-01,47.14518
인모드,8,m,2024-05-01,49.34747
인모드,8,m,2024-06-01,39.6411
인모드,8,m,2024-07-01,45.51386
인모드,8,m,2024-08-01,45.35073
인모드,8,m,2024-09-01,39.55954
인모드,8,m,2024-10-01,38.74388
인모드,8,m,2024-11-01,36.94942
인모드,8,m,2024-12-01,35.48123
인모드,8,m,2025-01-01,38.25448
인모드,8,m,2025-02-01,32.46329
인모드,8,m,2025-03-01,30.7504
인모드,8,m,2025-04-01,30.58727
인모드,8,m,2025-05-01,25.53017
인모드,8,m,2025-06-01,33.52365
인모드,8,m,2025-07-01,27.73246
인모드,8,m,2025-08-01,22.92006
인모드,8,m,2025-09-01,21.615
인모드,8,m,2025-10-01,25.12234
인모드,8,m,2025-11-01,21.3703
인모드,8,m,2025-12-01,20.88091
인모드,9,all,2016-02-01,0.11827
인모드,9,all,2016-11-01,0.01971
인모드,9,all,2016-12-01,0.07884
인모드,9,all,2017-01-01,0.03942
인모드,9,all,2017-02-01,0.01971
인모드,9,all,2017-03-01,0.03942
인모드,9,all,2017-04-01,0.09856
인모드,9,all,2017-05-01,0.03942
인모드,9,all,2017-06-01,0.11827
인모드,9,all,2017-08-01,0.05913
인모드,9,all,2017-09-01,0.05913
인모드,9,all,2017-10-01,0.05913
인모드,9,all,2017-11-01,0.13798
인모드,9,all,2017-12-01,0.39424
인모드,9,all,2018-01-01,0.27597
인모드,9,all,2018-02-01,0.31539
인모드,9,all,2018-03-01,0.1774
인모드,9,all,2018-04-01,0.3351
인모드,9,all,2018-05-01,0.31539
인모드,9,all,2018-06-01,0.67021
인모드,9,all,2018-07-01,0.55194
인모드,9,all,2018-08-01,0.68992
인모드,9,all,2018-09-01,0.55194
인모드,9,all,2018-10-01,0.57165
인모드,9,all,2018-11-01,0.51251
인모드,9,all,2018-12-01,0.39424
인모드,9,all,2019-01-01,0.6505
인모드,9,all,2019-02-01,1.06445
인모드,9,all,2019-03-01,1.1433
인모드,9,all,2019-04-01,0.96589
인모드,9,all,2019-05-01,1.26158
인모드,9,all,2019-06-01,1.39956
인모드,9,all,2019-07-01,1.6164
인모드,9,all,2019-08-01,1.18273
인모드,9,all,2019-09-01,1.00532
인모드,9,all,2019-10-01,2.05006
인모드,9,all,2019-11-01,2.16834
인모드,9,all,2019-12-01,3.82416
인모드,9,all,2020-01-01,6.40646
인모드,9,all,2020-02-01,7.98344
인모드,9,all,2020-03-01,5.02661
인모드,9,all,2020-04-01,7.19495
인모드,9,all,2020-05-01,9.65897
인모드,9,all,2020-06-01,8.16085
인모드,9,all,2020-07-01,10.46717
인모드,9,all,2020-08-01,8.61423
인모드,9,all,2020-09-01,9.5407
인모드,9,all,2020-10-01,10.72343
인모드,9,all,2020-11-01,13.83796
인모드,9,all,2020-12-01,16.45968
인모드,9,all,2021-01-01,24.58111
인모드,9,all,2021-02-01,26.63118
인모드,9,all,2021-03-01,35.18628
인모드,9,all,2021-04-01,37.21663
인모드,9,all,2021-05-01,34.59491
인모드,9,all,2021-06-01,43.54425
인모드,9,all,2021-07-01,40.86339
인모드,9,all,2021-08-01,37.84742
인모드,9,all,2021-09-01,40.13404
인모드,9,all,2021-10-01,43.44569
인모드,9,all,2021-11-01,46.12655
인모드,9,all,2021-12-01,45.55489
인모드,9,all,2022-01-01,52.80898
인모드,9,all,2022-02-01,44.19475
인모드,9,all,2022-03-01,54.18884
인모드,9,all,2022-04-01,60.71358
인모드,9,all,2022-05-01,70.62881
인모드,9,all,2022-06-01,61.65976
인모드,9,all,2022-07-01,59.64912
인모드,9,all,2022-08-01,52.27675
인모드,9,all,2022-09-01,46.08712
인모드,9,all,2022-10-01,63.65069
인모드,9,all,2022-11-01,66.7258
인모드,9,all,2022-12-01,67.59314
인모드,9,all,2023-01-01,91.58288
인모드,9,all,2023-02-01,96.86575
인모드,9,all,2023-03-01,100.0
인모드,9,all,2023-04-01,91.95742
인모드,9,all,2023-05-01,86.33944
인모드,9,all,2023-06-01,71.12162
인모드,9,all,2023-07-01,68.22393
인모드,9,all,2023-08-01,64.83343
인모드,9,all,2023-09-01,64.22235
인모드,9,all,2023-10-01,75.59629
인모드,9,all,2023-11-01,63.92667
인모드,9,all,2023-12-01,64.32091
인모드,9,all,2024-01-01,71.8904
인모드,9,all,2024-02-01,65.48393
인모드,9,all,2024-03-01,66.54839
인모드,9,all,2024-04-01,57.38221
인모드,9,all,2024-05-01,53.40035
인모드,9,all,2024-06-01,49.73388
인모드,9,all,2024-07-01,50.93632
인모드,9,all,2024-08-01,49.37906
인모드,9,all,2024-09-01,40.0749
인모드,9,all,2024-10-01,39.44411
인모드,9,all,2024-11-01,41.849
인모드,9,all,2024-12-01,45.69288
인모드,9,all,2025-01-01,48.29489
인모드,9,all,2025-02-01,50.7392
인모드,9,all,2025-03-01,45.18036
인모드,9,all,2025-04-01,44.45101
인모드,9,all,2025-05-01,41.06051
인모드,9,all,2025-06-01,37.6503
인모드,9,all,2025-07-01,35.95505
인모드,9,all,2025-08-01,35.00887
인모드,9,all,2025-09-01,33.27419
인모드,9,all,2025-10-01,31.027
인모드,9,all,2025-11-01,31.24383
인모드,9,all,2025-12-01,28.97693
인모드,9,f,2016-12-01,0.08886
인모드,9,f,2017-01-01,0.04443
인모드,9,f,2017-02-01,0.02221
인모드,9,f,2017-03-01,0.04443
인모드,9,f,2017-04-01,0.04443
인모드,9,f,2017-05-01,0.02221
인모드,9,f,2017-06-01,0.1333
인모드,9,f,2017-08-01,0.02221
인모드,9,f,2017-09-01,0.06665
인모드,9,f,2017-10-01,0.06665
인모드,9,f,2017-11-01,0.1333
인모드,9,f,2017-12-01,0.1333
인모드,9,f,2018-01-01,0.15552
인모드,9,f,2018-02-01,0.24439
인모드,9,f,2018-03-01,0.19995
인모드,9,f,2018-04-01,0.33325
인모드,9,f,2018-05-01,0.28882
인모드,9,f,2018-06-01,0.62208
인모드,9,f,2018-07-01,0.46656
인모드,9,f,2018-08-01,0.6443
인모드,9,f,2018-09-01,0.55543
인모드,9,f,2018-10-01,0.55543
인모드,9,f,2018-11-01,0.48878
인모드,9,f,2018-12-01,0.44434
인모드,9,f,2019-01-01,0.73317
인모드,9,f,2019-02-01,0.93312
인모드,9,f,2019-03-01,1.06642
인모드,9,f,2019-04-01,0.88869
인모드,9,f,2019-05-01,1.24416
인모드,9,f,2019-06-01,1.26638
인모드,9,f,2019-07-01,1.51077
인모드,9,f,2019-08-01,1.13308
인모드,9,f,2019-09-01,0.88869
인모드,9,f,2019-10-01,1.88846
인모드,9,f,2019-11-01,1.97733
인모드,9,f,2019-12-01,3.46589
인모드,9,f,2020-01-01,4.35458
인모드,9,f,2020-02-01,7.465
인모드,9,f,2020-03-01,4.31015
인모드,9,f,2020-04-01,6.39857
인모드,9,f,2020-05-01,9.42012
인모드,9,f,2020-06-01,7.53165
인모드,9,f,2020-07-01,10.50877
인모드,9,f,2020-08-01,8.17596
인모드,9,f,2020-09-01,9.28682
인모드,9,f,2020-10-01,10.19773
인모드,9,f,2020-11-01,13.59697
인모드,9,f,2020-12-01,16.30748
인모드,9,f,2021-01-01,22.92823
인모드,9,f,2021-02-01,25.63874
인모드,9,f,2021-03-01,33.99244
인모드,9,f,2021-04-01,35.96978
인모드,9,f,2021-05-01,33.59253
인모드,9,f,2021-06-01,40.27993
인모드,9,f,2021-07-01,37.1473
인모드,9,f,2021-08-01,36.28082
인모드,9,f,2021-09-01,37.21395
인모드,9,f,2021-10-01,40.03554
인모드,9,f,2021-11-01,42.56831
인모드,9,f,2021-12-01,42.74605
인모드,9,f,2022-01-01,49.70006
인모드,9,f,2022-02-01,43.07931
인모드,9,f,2022-03-01,51.78849
인모드,9,f,2022-04-01,52.14396
인모드,9,f,2022-05-01,57.98711
인모드,9,f,2022-06-01,53.27704
인모드,9,f,2022-07-01,51.69962
인모드,9,f,2022-08-01,44.05687
인모드,9,f,2022-09-01,44.96778
인모드,9,f,2022-10-01,63.89691
인모드,9,f,2022-11-01,66.27416
인모드,9,f,2022-12-01,65.51877
인모드,9,f,2023-01-01,89.11353
인모드,9,f,2023-02-01,96.22306
인모드,9,f,2023-03-01,100.0
인모드,9,f,2023-04-01,92.40168
인모드,9,f,2023-05-01,85.93645
인모드,9,f,2023-06-01,68.22928
인모드,9,f,2023-07-01,64.2746
인모드,9,f,2023-08-01,61.51966
인모드,9,f,2023-09-01,61.78626
인모드,9,f,2023-10-01,66.91846
인모드,9,f,2023-11-01,62.14174
인모드,9,f,2023-12-01,61.74183
인모드,9,f,2024-01-01,71.18418
인모드,9,f,2024-02-01,64.96334
인모드,9,f,2024-03-01,63.09708
인모드,9,f,2024-04-01,56.12086
인모드,9,f,2024-05-01,51.98844
인모드,9,f,2024-06-01,48.8558
인모드,9,f,2024-07-01,48.5892
인모드,9,f,2024-08-01,47.16729
인모드,9,f,2024-09-01,39.34681
인모드,9,f,2024-10-01,38.32481
인모드,9,f,2024-11-01,40.05776
인모드,9,f,2024-12-01,44.43457
인모드,9,f,2025-01-01,47.63385
인모드,9,f,2025-02-01,49.94445
인모드,9,f,2025-03-01,45.56765
인모드,9,f,2025-04-01,44.10131
인모드,9,f,2025-05-01,41.5241
인모드,9,f,2025-06-01,36.43634
인모드,9,f,2025-07-01,35.81426
인모드,9,f,2025-08-01,35.25883
인모드,9,f,2025-09-01,33.23705
인모드,9,f,2025-10-01,30.83759
인모드,9,f,2025-11-01,31.97067
인모드,9,f,2025-12-01,29.68229
인모드,9,m,2016-02-01,0.61664
인모드,9,m,2016-11-01,0.10277
인모드,9,m,2017-04-01,0.30832
인모드,9,m,2017-05-01,0.10277
인모드,9,m,2017-08-01,0.20554
인모드,9,m,2017-11-01,0.10277
인모드,9,m,2017-12-01,1.43884
인모드,9,m,2018-01-01,0.71942
인모드,9,m,2018-02-01,0.51387
인모드,9,m,2018-04-01,0.20554
인모드,9,m,2018-05-01,0.30832
인모드,9,m,2018-06-01,0.61664
인모드,9,m,2018-07-01,0.71942
인모드,9,m,2018-08-01,0.61664
인모드,9,m,2018-09-01,0.30832
인모드,9,m,2018-10-01,0.41109
인모드,9,m,2018-11-01,0.41109
인모드,9,m,2019-02-01,1.23329
인모드,9,m,2019-03-01,1.02774
인모드,9,m,2019-04-01,0.92497
인모드,9,m,2019-05-01,0.82219
인모드,9,m,2019-06-01,1.43884
인모드,9,m,2019-07-01,1.43884
인모드,9,m,2019-08-01,0.92497
인모드,9,m,2019-09-01,1.13052
인모드,9,m,2019-10-01,1.95272
인모드,9,m,2019-11-01,2.15827
인모드,9,m,2019-12-01,3.90544
인모드,9,m,2020-01-01,13.25796
인모드,9,m,2020-02-01,7.09146
인모드,9,m,2020-03-01,6.26927
인모드,9,m,2020-04-01,7.91366
인모드,9,m,2020-05-01,6.78314
인모드,9,m,2020-06-01,7.70811
인모드,9,m,2020-07-01,5.96094
인모드,9,m,2020-08-01,7.09146
인모드,9,m,2020-09-01,6.78314
인모드,9,m,2020-10-01,8.73586
인모드,9,m,2020-11-01,9.24974
인모드,9,m,2020-12-01,10.38026
인모드,9,m,2021-01-01,22.0966
인모드,9,m,2021-02-01,20.24665
인모드,9,m,2021-03-01,26.2076
인모드,9,m,2021-04-01,27.64645
인모드,9,m,2021-05-01,24.9743
인모드,9,m,2021-06-01,40.69886
인모드,9,m,2021-07-01,41.21274
인모드,9,m,2021-08-01,29.4964
인모드,9,m,2021-09-01,37.10174
인모드,9,m,2021-10-01,41.31551
인모드,9,m,2021-11-01,43.57656
인모드,9,m,2021-12-01,39.77389
인모드,9,m,2022-01-01,45.42651
인모드,9,m,2022-02-01,31.1408
인모드,9,m,2022-03-01,42.95991
인모드,9,m,2022-04-01,75.33401
인모드,9,m,2022-05-01,100.0
인모드,9,m,2022-06-01,75.02569
인모드,9,m,2022-07-01,71.83967
인모드,9,m,2022-08-01,68.75642
인모드,9,m,2022-09-01,32.27132
인모드,9,m,2022-10-01,36.27954
인모드,9,m,2022-11-01,41.31551
인모드,9,m,2022-12-01,49.33196
인모드,9,m,2023-01-01,65.26207
인모드,9,m,2023-02-01,59.91778
인모드,9,m,2023-03-01,58.78725
인모드,9,m,2023-04-01,52.00411
인모드,9,m,2023-05-01,52.62076
인모드,9,m,2023-06-01,55.19013
인모드,9,m,2023-07-01,58.37615
인모드,9,m,2023-08-01,53.44295
인모드,9,m,2023-09-01,49.02363
인모드,9,m,2023-10-01,84.58376
인모드,9,m,2023-11-01,45.83761
인모드,9,m,2023-12-01,49.74306
인모드,9,m,2024-01-01,45.52929
인모드,9,m,2024-02-01,40.90441
인모드,9,m,2024-03-01,55.08735
인모드,9,m,2024-04-01,39.56834
인모드,9,m,2024-05-01,37.92394
인모드,9,m,2024-06-01,33.29907
인모드,9,m,2024-07-01,40.80164
인모드,9,m,2024-08-01,39.26002
인모드,9,m,2024-09-01,26.92702
인모드,9,m,2024-10-01,28.36587
인모드,9,m,2024-11-01,32.88797
인모드,9,m,2024-12-01,32.68242
인모드,9,m,2025-01-01,31.44912
인모드,9,m,2025-02-01,33.50462
인모드,9,m,2025-03-01,24.76875
인모드,9,m,2025-04-01,27.74922
인모드,9,m,2025-05-01,21.99383
인모드,9,m,2025-06-01,27.74922
인모드,9,m,2025-07-01,21.78828
인모드,9,m,2025-08-01,19.42446
인모드,9,m,2025-09-01,19.73278
인모드,9,m,2025-10-01,19.11613
인모드,9,m,2025-11-01,15.00513
인모드,9,m,2025-12-01,13.77183
인모드,10,all,2017-03-01,0.04789
인모드,10,all,2017-04-01,0.09578
인모드,10,all,2017-05-01,0.09578
인모드,10,all,2017-06-01,0.04789
인모드,10,all,2017-08-01,0.04789
인모드,10,all,2017-09-01,0.09578
인모드,10,all,2017-10-01,0.28735
인모드,10,all,2017-12-01,0.04789
인모드,10,all,2018-01-01,0.09578
인모드,10,all,2018-02-01,0.19157
인모드,10,all,2018-03-01,0.23946
인모드,10,all,2018-04-01,0.19157
인모드,10,all,2018-05-01,0.38314
인모드,10,all,2018-06-01,0.47892
인모드,10,all,2018-07-01,0.38314
인모드,10,all,2018-08-01,0.28735
인모드,10,all,2018-09-01,0.19157
인모드,10,all,2018-10-01,0.71839
인모드,10,all,2018-11-01,0.57471
인모드,10,all,2018-12-01,1.05363
인모드,10,all,2019-01-01,0.43103
인모드,10,all,2019-02-01,0.67049
인모드,10,all,2019-03-01,1.81992
인모드,10,all,2019-04-01,1.10153
인모드,10,all,2019-05-01,1.24521
인모드,10,all,2019-06-01,1.9157
인모드,10,all,2019-07-01,5.12452
인모드,10,all,2019-08-01,2.05938
인모드,10,all,2019-09-01,1.62835
인모드,10,all,2019-10-01,2.25095
인모드,10,all,2019-11-01,2.44252
인모드,10,all,2019-12-01,3.9272
인모드,10,all,2020-01-01,6.60919
인모드,10,all,2020-02-01,8.04597
인모드,10,all,2020-03-01,5.74712
인모드,10,all,2020-04-01,7.42337
인모드,10,all,2020-05-01,11.159
인모드,10,all,2020-06-01,8.18965
인모드,10,all,2020-07-01,10.39272
인모드,10,all,2020-08-01,9.29118
인모드,10,all,2020-09-01,10.91954
인모드,10,all,2020-10-01,12.02107
인모드,10,all,2020-11-01,14.60727
인모드,10,all,2020-12-01,13.02681
인모드,10,all,2021-01-01,26.67624
인모드,10,all,2021-02-01,23.18007
인모드,10,all,2021-03-01,34.8659
인모드,10,all,2021-04-01,37.83524
인모드,10,all,2021-05-01,32.99808
인모드,10,all,2021-06-01,39.55938
인모드,10,all,2021-07-01,45.40229
인모드,10,all,2021-08-01,40.90038
인모드,10,all,2021-09-01,40.22988
인모드,10,all,2021-10-01,42.00191
인모드,10,all,2021-11-01,46.0249
인모드,10,all,2021-12-01,49.61685
인모드,10,all,2022-01-01,59.62643
인모드,10,all,2022-02-01,50.57471
인모드,10,all,2022-03-01,59.1475
인모드,10,all,2022-04-01,69.25287
인모드,10,all,2022-05-01,76.43678
인모드,10,all,2022-06-01,64.55938
인모드,10,all,2022-07-01,61.68582
인모드,10,all,2022-08-01,63.88888
인모드,10,all,2022-09-01,53.30459
인모드,10,all,2022-10-01,76.2931
인모드,10,all,2022-11-01,68.86973
인모드,10,all,2022-12-01,64.03256
인모드,10,all,2023-01-01,86.92528
인모드,10,all,2023-02-01,100.0
인모드,10,all,2023-03-01,98.13218
인모드,10,all,2023-04-01,82.8544
인모드,10,all,2023-05-01,84.77011
인모드,10,all,2023-06-01,76.38888
인모드,10,all,2023-07-01,66.81034
인모드,10,all,2023-08-01,67.24137
인모드,10,all,2023-09-01,71.16858
인모드,10,all,2023-10-01,79.83716
인모드,10,all,2023-11-01,65.37356
인모드,10,all,2023-12-01,68.29501
인모드,10,all,2024-01-01,76.34099
인모드,10,all,2024-02-01,69.49233
인모드,10,all,2024-03-01,67.0977
인모드,10,all,2024-04-01,61.73371
인모드,10,all,2024-05-01,56.17816
인모드,10,all,2024-06-01,51.67624
인모드,10,all,2024-07-01,51.77203
인모드,10,all,2024-08-01,51.9157
인모드,10,all,2024-09-01,43.05555
인모드,10,all,2024-10-01,42.24137
인모드,10,all,2024-11-01,46.21647
인모드,10,all,2024-12-01,47.41379
인모드,10,all,2025-01-01,49.90421
인모드,10,all,2025-02-01,54.16666
인모드,10,all,2025-03-01,48.37164
인모드,10,all,2025-04-01,46.88697
인모드,10,all,2025-05-01,43.96551
인모드,10,all,2025-06-01,38.69731
인모드,10,all,2025-07-01,38.26628
인모드,10,all,2025-08-01,43.86973
인모드,10,all,2025-09-01,36.20689
인모드,10,all,2025-10-01,33.42911
인모드,10,all,2025-11-01,35.87164
인모드,10,all,2025-12-01,33.28544
인모드,10,f,2017-05-01,0.1128
인모드,10,f,2017-06-01,0.0564
인모드,10,f,2017-09-01,0.1128
인모드,10,f,2017-10-01,0.3384
인모드,10,f,2018-01-01,0.1128
인모드,10,f,2018-02-01,0.2256
인모드,10,f,2018-03-01,0.282
인모드,10,f,2018-04-01,0.2256
인모드,10,f,2018-05-01,0.39481
인모드,10,f,2018-06-01,0.56401
인모드,10,f,2018-07-01,0.39481
인모드,10,f,2018-08-01,0.1692
인모드,10,f,2018-09-01,0.2256
인모드,10,f,2018-10-01,0.50761
인모드,10,f,2018-11-01,0.3384
인모드,10,f,2018-12-01,1.01522
인모드,10,f,2019-01-01,0.50761
인모드,10,f,2019-02-01,0.3384
인모드,10,f,2019-03-01,1.74844
인모드,10,f,2019-04-01,0.90242
인모드,10,f,2019-05-01,1.07163
인모드,10,f,2019-06-01,1.46644
인모드,10,f,2019-07-01,1.46644
인모드,10,f,2019-08-01,1.18443
인모드,10,f,2019-09-01,1.12803
인모드,10,f,2019-10-01,2.03045
인모드,10,f,2019-11-01,2.19966
인모드,10,f,2019-12-01,3.7225
인모드,10,f,2020-01-01,6.09137
인모드,10,f,2020-02-01,7.61421
인모드,10,f,2020-03-01,5.35815
인모드,10,f,2020-04-01,6.20417
인모드,10,f,2020-05-01,9.47546
인모드,10,f,2020-06-01,7.78341
인모드,10,f,2020-07-01,9.41906
인모드,10,f,2020-08-01,9.30626
인모드,10,f,2020-09-01,10.32148
인모드,10,f,2020-10-01,11.84433
인모드,10,f,2020-11-01,13.02876
인모드,10,f,2020-12-01,10.8855
인모드,10,f,2021-01-01,24.70389
인모드,10,f,2021-02-01,21.37619
인모드,10,f,2021-03-01,32.1489
인모드,10,f,2021-04-01,34.85617
인모드,10,f,2021-05-01,28.8776
인모드,10,f,2021-06-01,34.40496
인모드,10,f,2021-07-01,37.22504
인모드,10,f,2021-08-01,33.84094
인모드,10,f,2021-09-01,33.67174
인모드,10,f,2021-10-01,34.63056
인모드,10,f,2021-11-01,38.35307
인모드,10,f,2021-12-01,41.96277
인모드,10,f,2022-01-01,50.0846
인모드,10,f,2022-02-01,43.0908
인모드,10,f,2022-03-01,55.10434
인모드,10,f,2022-04-01,53.41229
인모드,10,f,2022-05-01,61.47772
인모드,10,f,2022-06-01,53.01748
인모드,10,f,2022-07-01,43.76762
인모드,10,f,2022-08-01,45.96728
인모드,10,f,2022-09-01,39.4247
인모드,10,f,2022-10-01,60.68809
인모드,10,f,2022-11-01,56.45798
인모드,10,f,2022-12-01,61.98533
인모드,10,f,2023-01-01,83.53073
인모드,10,f,2023-02-01,100.0
인모드,10,f,2023-03-01,99.04117
인모드,10,f,2023-04-01,79.97743
인모드,10,f,2023-05-01,84.99717
인모드,10,f,2023-06-01,70.16356
인모드,10,f,2023-07-01,62.43654
인모드,10,f,2023-08-01,65.93344
인모드,10,f,2023-09-01,68.52791
인모드,10,f,2023-10-01,70.89678
인모드,10,f,2023-11-01,62.83135
인모드,10,f,2023-12-01,67.06147
인모드,10,f,2024-01-01,74.56288
인모드,10,f,2024-02-01,68.47151
인모드,10,f,2024-03-01,65.65143
인모드,10,f,2024-04-01,59.78567
인모드,10,f,2024-05-01,53.5815
인모드,10,f,2024-06-01,51.15623
인모드,10,f,2024-07-01,49.46418
인모드,10,f,2024-08-01,50.81782
인모드,10,f,2024-09-01,41.45516
인모드,10,f,2024-10-01,40.27072
인모드,10,f,2024-11-01,45.79808
인모드,10,f,2024-12-01,44.95205
인모드,10,f,2025-01-01,48.27975
인모드,10,f,2025-02-01,54.37112
인모드,10,f,2025-03-01,48.16694
인모드,10,f,2025-04-01,45.91088
인모드,10,f,2025-05-01,44.21883
인모드,10,f,2025-06-01,37.11223
인모드,10,f,2025-07-01,38.07106
인모드,10,f,2025-08-01,44.61364
인모드,10,f,2025-09-01,36.83023
인모드,10,f,2025-10-01,34.01015
인모드,10,f,2025-11-01,36.15341
인모드,10,f,2025-12-01,33.61534
인모드,10,m,2017-03-01,0.19267
인모드,10,m,2017-04-01,0.38535
인모드,10,m,2017-08-01,0.19267
인모드,10,m,2017-12-01,0.19267
인모드,10,m,2018-05-01,0.19267
인모드,10,m,2018-07-01,0.19267
인모드,10,m,2018-08-01,0.57803
인모드,10,m,2018-10-01,1.15606
인모드,10,m,2018-11-01,1.15606
인모드,10,m,2018-12-01,0.77071
인모드,10,m,2019-02-01,1.54142
인모드,10,m,2019-03-01,1.34874
인모드,10,m,2019-04-01,1.34874
인모드,10,m,2019-05-01,1.34874
인모드,10,m,2019-06-01,2.69749
인모드,10,m,2019-07-01,15.60693
인모드,10,m,2019-08-01,4.23892
인모드,10,m,2019-09-01,2.69749
인모드,10,m,2019-10-01,2.11946
인모드,10,m,2019-11-01,2.31213
인모드,10,m,2019-12-01,3.08285
인모드,10,m,2020-01-01,5.78034
인모드,10,m,2020-02-01,6.35838
인모드,10,m,2020-03-01,4.81695
인모드,10,m,2020-04-01,8.67052
인모드,10,m,2020-05-01,12.52408
인모드,10,m,2020-06-01,6.35838
인모드,10,m,2020-07-01,9.63391
인모드,10,m,2020-08-01,5.58766
인모드,10,m,2020-09-01,8.67052
인모드,10,m,2020-10-01,7.8998
인모드,10,m,2020-11-01,14.25818
인모드,10,m,2020-12-01,15.22157
인모드,10,m,2021-01-01,22.9287
인모드,10,m,2021-02-01,20.23121
인모드,10,m,2021-03-01,30.44315
인모드,10,m,2021-04-01,33.14065
인모드,10,m,2021-05-01,34.10404
인모드,10,m,2021-06-01,41.61849
인모드,10,m,2021-07-01,55.49132
인모드,10,m,2021-08-01,48.94026
인모드,10,m,2021-09-01,46.8208
인모드,10,m,2021-10-01,50.67437
인모드,10,m,2021-11-01,54.14258
인모드,10,m,2021-12-01,56.26204
인모드,10,m,2022-01-01,68.78612
인모드,10,m,2022-02-01,56.26204
인모드,10,m,2022-03-01,49.71098
인모드,10,m,2022-04-01,96.14643
인모드,10,m,2022-05-01,97.49518
인모드,10,m,2022-06-01,78.61271
인모드,10,m,2022-07-01,98.65125
인모드,10,m,2022-08-01,100.0
인모드,10,m,2022-09-01,79.76878
인모드,10,m,2022-10-01,99.61464
인모드,10,m,2022-11-01,84.20038
인모드,10,m,2022-12-01,45.85741
인모드,10,m,2023-01-01,64.35452
인모드,10,m,2023-02-01,60.69364
인모드,10,m,2023-03-01,56.45472
인모드,10,m,2023-04-01,60.1156
인모드,10,m,2023-05-01,50.67437
인모드,10,m,2023-06-01,67.63005
인모드,10,m,2023-07-01,55.49132
인모드,10,m,2023-08-01,45.27938
인모드,10,m,2023-09-01,52.21579
인모드,10,m,2023-10-01,78.99807
인모드,10,m,2023-11-01,48.36223
인모드,10,m,2023-12-01,45.66473
인모드,10,m,2024-01-01,52.40847
인모드,10,m,2024-02-01,45.66473
인모드,10,m,2024-03-01,45.66473
인모드,10,m,2024-04-01,44.12331
인모드,10,m,2024-05-01,42.96724
인모드,10,m,2024-06-01,33.14065
인모드,10,m,2024-07-01,39.30635
인모드,10,m,2024-08-01,35.26011
인모드,10,m,2024-09-01,31.59922
인모드,10,m,2024-10-01,32.36994
인모드,10,m,2024-11-01,29.47976
인모드,10,m,2024-12-01,37.18689
인모드,10,m,2025-01-01,35.83815
인모드,10,m,2025-02-01,32.17726
인모드,10,m,2025-03-01,30.0578
인모드,10,m,2025-04-01,31.7919
인모드,10,m,2025-05-01,25.81888
인모드,10,m,2025-06-01,28.90173
인모드,10,m,2025-07-01,23.8921
인모드,10,m,2025-08-01,24.08477
인모드,10,m,2025-09-01,19.84585
인모드,10,m,2025-10-01,18.30443
인모드,10,m,2025-11-01,20.80924
인모드,10,m,2025-12-01,19.07514
인모드,11,all,2016-05-01,0.13976
인모드,11,all,2017-01-01,0.3494
인모드,11,all,2017-02-01,0.20964
인모드,11,all,2017-03-01,0.06988
인모드,11,all,2017-05-01,0.06988
인모드,11,all,2017-07-01,0.13976
인모드,11,all,2017-08-01,0.3494
인모드,11,all,2017-09-01,0.13976
인모드,11,all,2017-10-01,0.06988
인모드,11,all,2017-11-01,0.20964
인모드,11,all,2017-12-01,0.06988
인모드,11,all,2018-02-01,0.20964
인모드,11,all,2018-03-01,0.06988
인모드,11,all,2018-04-01,0.27952
인모드,11,all,2018-05-01,0.27952
인모드,11,all,2018-06-01,0.48916
인모드,11,all,2018-07-01,0.69881
인모드,11,all,2018-08-01,0.20964
인모드,11,all,2018-09-01,0.3494
인모드,11,all,2018-10-01,0.41928
인모드,11,all,2018-11-01,0.3494
인모드,11,all,2018-12-01,0.69881
인모드,11,all,2019-01-01,0.90845
인모드,11,all,2019-02-01,1.11809
인모드,11,all,2019-03-01,1.32774
인모드,11,all,2019-04-01,1.32774
인모드,11,all,2019-05-01,2.93501
인모드,11,all,2019-06-01,2.16631
인모드,11,all,2019-07-01,3.28441
인모드,11,all,2019-08-01,2.51572
인모드,11,all,2019-09-01,1.67714
인모드,11,all,2019-10-01,1.74703
인모드,11,all,2019-11-01,3.56394
인모드,11,all,2019-12-01,5.31097
인모드,11,all,2020-01-01,5.03144
인모드,11,all,2020-02-01,7.96645
인모드,11,all,2020-03-01,9.01467
인모드,11,all,2020-04-01,7.058
인모드,11,all,2020-05-01,12.50873
인모드,11,all,2020-06-01,9.15443
인모드,11,all,2020-07-01,12.85814
인모드,11,all,2020-08-01,10.90146
인모드,11,all,2020-09-01,11.60027
인모드,11,all,2020-10-01,14.04612
인모드,11,all,2020-11-01,11.94968
인모드,11,all,2020-12-01,14.74493
인모드,11,all,2021-01-01,25.85604
인모드,11,all,2021-02-01,26.34521
인모드,11,all,2021-03-01,35.91893
인모드,11,all,2021-04-01,36.68763
인모드,11,all,2021-05-01,38.85394
인모드,11,all,2021-06-01,37.73584
인모드,11,all,2021-07-01,51.08315
인모드,11,all,2021-08-01,39.83228
인모드,11,all,2021-09-01,41.78895
인모드,11,all,2021-10-01,43.88539
인모드,11,all,2021-11-01,47.30957
인모드,11,all,2021-12-01,55.83508
인모드,11,all,2022-01-01,69.81132
인모드,11,all,2022-02-01,55.06638
인모드,11,all,2022-03-01,56.32424
인모드,11,all,2022-04-01,79.1754
인모드,11,all,2022-05-01,72.4668
인모드,11,all,2022-06-01,91.89378
인모드,11,all,2022-07-01,75.05241
인모드,11,all,2022-08-01,96.92522
인모드,11,all,2022-09-01,63.10272
인모드,11,all,2022-10-01,62.0545
인모드,11,all,2022-11-01,61.77498
인모드,11,all,2022-12-01,64.64011
인모드,11,all,2023-01-01,88.74912
인모드,11,all,2023-02-01,96.36617
인모드,11,all,2023-03-01,100.0
인모드,11,all,2023-04-01,84.69601
인모드,11,all,2023-05-01,81.69112
인모드,11,all,2023-06-01,78.89587
인모드,11,all,2023-07-01,68.90286
인모드,11,all,2023-08-01,65.89797
인모드,11,all,2023-09-01,74.56324
인모드,11,all,2023-10-01,76.72955
인모드,11,all,2023-11-01,71.48846
인모드,11,all,2023-12-01,64.22082
인모드,11,all,2024-01-01,71.83787
인모드,11,all,2024-02-01,66.66666
인모드,11,all,2024-03-01,74.56324
인모드,11,all,2024-04-01,61.42557
인모드,11,all,2024-05-01,57.37246
인모드,11,all,2024-06-01,53.17959
인모드,11,all,2024-07-01,51.92173
인모드,11,all,2024-08-01,49.82529
인모드,11,all,2024-09-01,47.65897
인모드,11,all,2024-10-01,49.75541
인모드,11,all,2024-11-01,44.79385
인모드,11,all,2024-12-01,47.09993
인모드,11,all,2025-01-01,45.49266
인모드,11,all,2025-02-01,47.37945
인모드,11,all,2025-03-01,46.26135
인모드,11,all,2025-04-01,42.41788
인모드,11,all,2025-05-01,41.71907
인모드,11,all,2025-06-01,38.36477
인모드,11,all,2025-07-01,37.59608
인모드,11,all,2025-08-01,38.57442
인모드,11,all,2025-09-01,34.66107
인모드,11,all,2025-10-01,29.76939
인모드,11,all,2025-11-01,27.81271
인모드,11,all,2025-12-01,29.3501
인모드,11,f,2016-05-01,0.19569
인모드,11,f,2017-01-01,0.39138
인모드,11,f,2017-02-01,0.29354
인모드,11,f,2017-07-01,0.19569
인모드,11,f,2017-08-01,0.19569
인모드,11,f,2017-09-01,0.09784
인모드,11,f,2017-10-01,0.09784
인모드,11,f,2017-11-01,0.29354
인모드,11,f,2018-02-01,0.09784
인모드,11,f,2018-03-01,0.09784
인모드,11,f,2018-04-01,0.29354
인모드,11,f,2018-05-01,0.09784
인모드,11,f,2018-06-01,0.68493
인모드,11,f,2018-07-01,0.78277
인모드,11,f,2018-08-01,0.19569
인모드,11,f,2018-09-01,0.39138
인모드,11,f,2018-10-01,0.29354
인모드,11,f,2018-11-01,0.09784
인모드,11,f,2018-12-01,0.48923
인모드,11,f,2019-01-01,0.58708
인모드,11,f,2019-02-01,0.88062
인모드,11,f,2019-03-01,1.17416
인모드,11,f,2019-04-01,1.17416
인모드,11,f,2019-05-01,3.42465
인모드,11,f,2019-06-01,2.05479
인모드,11,f,2019-07-01,2.83757
인모드,11,f,2019-08-01,2.34833
인모드,11,f,2019-09-01,1.76125
인모드,11,f,2019-10-01,1.56555
인모드,11,f,2019-11-01,3.81604
인모드,11,f,2019-12-01,5.3816
인모드,11,f,2020-01-01,4.40313
인모드,11,f,2020-02-01,8.31702
인모드,11,f,2020-03-01,8.70841
인모드,11,f,2020-04-01,6.16438
인모드,11,f,2020-05-01,12.03522
인모드,11,f,2020-06-01,9.19765
인모드,11,f,2020-07-01,12.32876
인모드,11,f,2020-08-01,10.37181
인모드,11,f,2020-09-01,11.15459
인모드,11,f,2020-10-01,15.26418
인모드,11,f,2020-11-01,12.72015
인모드,11,f,2020-12-01,15.26418
인모드,11,f,2021-01-01,23.38551
인모드,11,f,2021-02-01,25.92954
인모드,11,f,2021-03-01,33.46379
인모드,11,f,2021-04-01,35.81213
인모드,11,f,2021-05-01,39.13894
인모드,11,f,2021-06-01,38.55185
인모드,11,f,2021-07-01,46.86888
인모드,11,f,2021-08-01,40.21526
인모드,11,f,2021-09-01,37.57338
인모드,11,f,2021-10-01,42.95499
인모드,11,f,2021-11-01,41.87866
인모드,11,f,2021-12-01,53.32681
인모드,11,f,2022-01-01,61.54598
인모드,11,f,2022-02-01,54.79452
인모드,11,f,2022-03-01,54.50097
인모드,11,f,2022-04-01,66.92759
인모드,11,f,2022-05-01,60.86105
인모드,11,f,2022-06-01,68.00391
인모드,11,f,2022-07-01,59.88258
인모드,11,f,2022-08-01,91.48727
인모드,11,f,2022-09-01,63.99217
인모드,11,f,2022-10-01,59.39334
인모드,11,f,2022-11-01,63.69863
인모드,11,f,2022-12-01,67.71037
인모드,11,f,2023-01-01,90.41095
인모드,11,f,2023-02-01,94.227
인모드,11,f,2023-03-01,100.0
인모드,11,f,2023-04-01,89.92172
인모드,11,f,2023-05-01,85.90998
인모드,11,f,2023-06-01,75.04892
인모드,11,f,2023-07-01,70.93933
인모드,11,f,2023-08-01,70.45009
인모드,11,f,2023-09-01,75.44031
인모드,11,f,2023-10-01,69.27592
인모드,11,f,2023-11-01,75.636
인모드,11,f,2023-12-01,67.22113
인모드,11,f,2024-01-01,75.636
인모드,11,f,2024-02-01,69.56947
인모드,11,f,2024-03-01,77.88649
인모드,11,f,2024-04-01,58.80626
인모드,11,f,2024-05-01,54.79452
인모드,11,f,2024-06-01,55.57729
인모드,11,f,2024-07-01,53.42465
인모드,11,f,2024-08-01,51.36986
인모드,11,f,2024-09-01,50.09784
인모드,11,f,2024-10-01,50.39138
인모드,11,f,2024-11-01,46.0861
인모드,11,f,2024-12-01,47.45596
인모드,11,f,2025-01-01,45.49902
인모드,11,f,2025-02-01,49.60861
인모드,11,f,2025-03-01,50.78277
인모드,11,f,2025-04-01,43.24853
인모드,11,f,2025-05-01,43.83561
인모드,11,f,2025-06-01,38.8454
인모드,11,f,2025-07-01,39.82387
인모드,11,f,2025-08-01,42.66144
인모드,11,f,2025-09-01,35.81213
인모드,11,f,2025-10-01,32.68101
인모드,11,f,2025-11-01,31.80039
인모드,11,f,2025-12-01,32.68101
인모드,11,m,2017-01-01,0.16129
인모드,11,m,2017-03-01,0.16129
인모드,11,m,2017-05-01,0.16129
인모드,11,m,2017-08-01,0.48387
인모드,11,m,2017-09-01,0.16129
인모드,11,m,2017-12-01,0.16129
인모드,11,m,2018-02-01,0.32258
인모드,11,m,2018-04-01,0.16129
인모드,11,m,2018-05-01,0.48387
인모드,11,m,2018-07-01,0.32258
인모드,11,m,2018-08-01,0.16129
인모드,11,m,2018-09-01,0.16129
인모드,11,m,2018-10-01,0.48387
인모드,11,m,2018-11-01,0.64516
인모드,11,m,2018-12-01,0.80645
인모드,11,m,2019-01-01,1.12903
인모드,11,m,2019-02-01,1.12903
인모드,11,m,2019-03-01,1.12903
인모드,11,m,2019-04-01,1.12903
인모드,11,m,2019-05-01,1.12903
인모드,11,m,2019-06-01,1.6129
인모드,11,m,2019-07-01,2.90322
인모드,11,m,2019-08-01,1.93548
인모드,11,m,2019-09-01,0.96774
인모드,11,m,2019-10-01,1.45161
인모드,11,m,2019-11-01,1.93548
인모드,11,m,2019-12-01,3.38709
인모드,11,m,2020-01-01,4.35483
인모드,11,m,2020-02-01,4.67741
인모드,11,m,2020-03-01,6.45161
인모드,11,m,2020-04-01,6.12903
인모드,11,m,2020-05-01,9.03225
인모드,11,m,2020-06-01,5.96774
인모드,11,m,2020-07-01,9.35483
인모드,11,m,2020-08-01,8.06451
인모드,11,m,2020-09-01,8.38709
인모드,11,m,2020-10-01,7.25806
인모드,11,m,2020-11-01,6.6129
인모드,11,m,2020-12-01,8.87096
인모드,11,m,2021-01-01,21.12903
인모드,11,m,2021-02-01,18.06451
인모드,11,m,2021-03-01,27.74193
인모드,11,m,2021-04-01,25.64516
인모드,11,m,2021-05-01,25.16129
인모드,11,m,2021-06-01,23.54838
인모드,11,m,2021-07-01,40.64516
인모드,11,m,2021-08-01,25.64516
인모드,11,m,2021-09-01,34.51612
인모드,11,m,2021-10-01,30.48387
인모드,11,m,2021-11-01,40.16129
인모드,11,m,2021-12-01,40.96774
인모드,11,m,2022-01-01,59.67741
인모드,11,m,2022-02-01,36.77419
인모드,11,m,2022-03-01,40.16129
인모드,11,m,2022-04-01,72.41935
인모드,11,m,2022-05-01,66.93548
인모드,11,m,2022-06-01,100.0
인모드,11,m,2022-07-01,74.51612
인모드,11,m,2022-08-01,72.90322
인모드,11,m,2022-09-01,40.16129
인모드,11,m,2022-10-01,45.32258
인모드,11,m,2022-11-01,37.58064
인모드,11,m,2022-12-01,37.58064
인모드,11,m,2023-01-01,55.80645
인모드,11,m,2023-02-01,67.09677
인모드,11,m,2023-03-01,65.96774
인모드,11,m,2023-04-01,47.25806
인모드,11,m,2023-05-01,46.93548
인모드,11,m,2023-06-01,58.38709
인모드,11,m,2023-07-01,42.09677
인모드,11,m,2023-08-01,35.96774
인모드,11,m,2023-09-01,47.74193
인모드,11,m,2023-10-01,62.90322
인모드,11,m,2023-11-01,40.32258
인모드,11,m,2023-12-01,37.41935
인모드,11,m,2024-01-01,41.12903
인모드,11,m,2024-02-01,39.19354
인모드,11,m,2024-03-01,43.70967
인모드,11,m,2024-04-01,44.8387
인모드,11,m,2024-05-01,42.09677
인모드,11,m,2024-06-01,31.12903
인모드,11,m,2024-07-01,31.77419
인모드,11,m,2024-08-01,30.32258
인모드,11,m,2024-09-01,27.41935
인모드,11,m,2024-10-01,31.77419
인모드,11,m,2024-11-01,27.41935
인모드,11,m,2024-12-01,30.48387
인모드,11,m,2025-01-01,30.0
인모드,11,m,2025-02-01,27.58064
인모드,11,m,2025-03-01,23.06451
인모드,11,m,2025-04-01,26.6129
인모드,11,m,2025-05-01,24.03225
인모드,11,m,2025-06-01,24.51612
인모드,11,m,2025-07-01,21.12903
인모드,11,m,2025-08-01,18.70967
인모드,11,m,2025-09-01,20.96774
인모드,11,m,2025-10-01,14.8387
인모드,11,m,2025-11-01,11.77419
인모드,11,m,2025-12-01,13.87096
리프팅시술,all,all,2016-01-01,9.50783
리프팅시술,all,all,2016-02-01,16.19165
리프팅시술,all,all,2016-03-01,22.6833
리프팅시술,all,all,2016-04-01,51.96573
리프팅시술,all,all,2016-05-01,17.75837
리프팅시술,all,all,2016-06-01,6.53398
리프팅시술,all,all,2016-07-01,9.38405
리프팅시술,all,all,2016-08-01,16.57926
리프팅시술,all,all,2016-09-01,4.55034
리프팅시술,all,all,2016-10-01,16.35125
리프팅시술,all,all,2016-11-01,26.29881
리프팅시술,all,all,2016-12-01,20.07752
리프팅시술,all,all,2017-01-01,23.84612
리프팅시술,all,all,2017-02-01,28.2336
리프팅시술,all,all,2017-03-01,24.37379
리프팅시술,all,all,2017-04-01,19.06126
리프팅시술,all,all,2017-05-01,18.64434
리프팅시술,all,all,2017-06-01,28.77756
리프팅시술,all,all,2017-07-01,35.7415
리프팅시술,all,all,2017-08-01,75.71414
리프팅시술,all,all,2017-09-01,50.60421
리프팅시술,all,all,2017-10-01,52.9657
리프팅시술,all,all,2017-11-01,66.29425
리프팅시술,all,all,2017-12-01,76.30696
리프팅시술,all,all,2018-01-01,79.98436
리프팅시술,all,all,2018-02-01,100.0
리프팅시술,all,all,2018-03-01,80.24168
리프팅시술,all,all,2018-04-01,87.62255
리프팅시술,all,all,2018-05-01,76.56753
리프팅시술,all,all,2018-06-01,67.47011
리프팅시술,all,all,2018-07-01,47.95934
리프팅시술,all,all,2018-08-01,36.53626
리프팅시술,all,all,2018-09-01,45.62066
리프팅시술,all,all,2018-10-01,70.55796
리프팅시술,all,all,2018-11-01,20.62473
리프팅시술,all,all,2018-12-01,19.93746
리프팅시술,all,all,2019-01-01,22.72564
리프팅시술,all,all,2019-02-01,17.30888
리프팅시술,all,all,2019-03-01,16.61835
리프팅시술,all,all,2019-04-01,16.23725
리프팅시술,all,all,2019-05-01,13.29924
리프팅시술,all,all,2019-06-01,13.40672
리프팅시술,all,all,2019-07-01,13.69662
리프팅시술,all,all,2019-08-01,13.1266
리프팅시술,all,all,2019-09-01,12.57288
리프팅시술,all,all,2019-10-01,14.28943
리프팅시술,all,all,2019-11-01,16.8887
리프팅시술,all,all,2019-12-01,17.98638
리프팅시술,all,all,2020-01-01,18.31862
리프팅시술,all,all,2020-02-01,14.34806
리프팅시술,all,all,2020-03-01,14.0484
리프팅시술,all,all,2020-04-01,15.79427
리프팅시술,all,all,2020-05-01,15.30243
리프팅시술,all,all,2020-06-01,12.43933
리프팅시술,all,all,2020-07-01,13.12335
리프팅시술,all,all,2020-08-01,12.61848
리프팅시술,all,all,2020-09-01,12.66733
리프팅시술,all,all,2020-10-01,13.3937
리프팅시술,all,all,2020-11-01,13.5989
리프팅시술,all,all,2020-12-01,12.36767
리프팅시술,all,all,2021-01-01,16.53366
리프팅시술,all,all,2021-02-01,13.3937
리프팅시술,all,all,2021-03-01,14.81384
리프팅시술,all,all,2021-04-01,13.49141
리프팅시술,all,all,2021-05-01,13.35135
리프팅시술,all,all,2021-06-01,13.50444
리프팅시술,all,all,2021-07-01,12.98003
리프팅시술,all,all,2021-08-01,13.31552
리프팅시술,all,all,2021-09-01,14.93436
리프팅시술,all,all,2021-10-01,14.76499
리프팅시술,all,all,2021-11-01,17.14927
리프팅시술,all,all,2021-12-01,16.42617
리프팅시술,all,all,2022-01-01,18.92772
리프팅시술,all,all,2022-02-01,16.4848
리프팅시술,all,all,2022-03-01,16.77469
리프팅시술,all,all,2022-04-01,17.6802
리프팅시술,all,all,2022-05-01,18.49451
리프팅시술,all,all,2022-06-01,16.26331
리프팅시술,all,all,2022-07-01,15.30243
리프팅시술,all,all,2022-08-01,15.10699
리프팅시술,all,all,2022-09-01,20.82994
리프팅시술,all,all,2022-10-01,17.95706
리프팅시술,all,all,2022-11-01,25.74183
리프팅시술,all,all,2022-12-01,18.83651
리프팅시술,all,all,2023-01-01,20.6345
리프팅시술,all,all,2023-02-01,21.75499
리프팅시술,all,all,2023-03-01,22.77124
리프팅시술,all,all,2023-04-01,20.01889
리프팅시술,all,all,2023-05-01,19.56939
리프팅시술,all,all,2023-06-01,18.3349
리프팅시술,all,all,2023-07-01,16.82029
리프팅시술,all,all,2023-08-01,17.84632
리프팅시술,all,all,2023-09-01,15.97016
리프팅시술,all,all,2023-10-01,16.10045
리프팅시술,all,all,2023-11-01,15.46529
리프팅시술,all,all,2023-12-01,17.15579
리프팅시술,all,all,2024-01-01,20.15895
리프팅시술,all,all,2024-02-01,18.78114
리프팅시술,all,all,2024-03-01,18.70623
리프팅시술,all,all,2024-04-01,21.23057
리프팅시술,all,all,2024-05-01,17.0711
리프팅시술,all,all,2024-06-01,15.83336
리프팅시술,all,all,2024-07-01,17.45871
리프팅시술,all,all,2024-08-01,15.74867
리프팅시술,all,all,2024-09-01,14.3448
리프팅시술,all,all,2024-10-01,17.91798
리프팅시술,all,all,2024-11-01,18.8072
리프팅시술,all,all,2024-12-01,20.59867
리프팅시술,all,all,2025-01-01,22.35106
리프팅시술,all,all,2025-02-01,20.13289
리프팅시술,all,all,2025-03-01,21.96345
리프팅시술,all,all,2025-04-01,22.36409
리프팅시술,all,all,2025-05-01,18.29907
리프팅시술,all,all,2025-06-01,18.1753
리프팅시술,all,all,2025-07-01,16.50434
리프팅시술,all,all,2025-08-01,19.2567
리프팅시술,all,all,2025-09-01,20.48467
리프팅시술,all,all,2025-10-01,18.67365
리프팅시술,all,all,2025-11-01,19.05149
리프팅시술,all,all,2025-12-01,21.51721
리프팅시술,all,f,2016-01-01,10.813
리프팅시술,all,f,2016-02-01,16.00271
리프팅시술,all,f,2016-03-01,14.64769
리프팅시술,all,f,2016-04-01,73.86178
리프팅시술,all,f,2016-05-01,22.99457
리프팅시술,all,f,2016-06-01,14.41734
리프팅시술,all,f,2016-07-01,17.24932
리프팅시술,all,f,2016-08-01,39.55284
리프팅시술,all,f,2016-09-01,8.15718
리프팅시술,all,f,2016-10-01,25.4878
리프팅시술,all,f,2016-11-01,38.13008
리프팅시술,all,f,2016-12-01,23.08943
리프팅시술,all,f,2017-01-01,36.21951
리프팅시술,all,f,2017-02-01,41.32791
리프팅시술,all,f,2017-03-01,32.53387
리프팅시술,all,f,2017-04-01,19.18699
리프팅시술,all,f,2017-05-01,15.74525
리프팅시술,all,f,2017-06-01,29.02439
리프팅시술,all,f,2017-07-01,38.03523
리프팅시술,all,f,2017-08-01,29.85094
리프팅시술,all,f,2017-09-01,33.13008
리프팅시술,all,f,2017-10-01,32.26287
리프팅시술,all,f,2017-11-01,84.85094
리프팅시술,all,f,2017-12-01,58.65853
리프팅시술,all,f,2018-01-01,29.91869
리프팅시술,all,f,2018-02-01,33.64498
리프팅시술,all,f,2018-03-01,56.72086
리프팅시술,all,f,2018-04-01,87.38482
리프팅시술,all,f,2018-05-01,100.0
리프팅시술,all,f,2018-06-01,80.3523
리프팅시술,all,f,2018-07-01,59.06504
리프팅시술,all,f,2018-08-01,57.57452
리프팅시술,all,f,2018-09-01,58.46883
리프팅시술,all,f,2018-10-01,65.63685
리프팅시술,all,f,2018-11-01,50.2168
리프팅시술,all,f,2018-12-01,50.7317
리프팅시술,all,f,2019-01-01,67.60162
리프팅시술,all,f,2019-02-01,52.92682
리프팅시술,all,f,2019-03-01,54.20054
리프팅시술,all,f,2019-04-01,51.31436
리프팅시술,all,f,2019-05-01,40.3252
리프팅시술,all,f,2019-06-01,39.40379
리프팅시술,all,f,2019-07-01,39.85094
리프팅시술,all,f,2019-08-01,37.79132
리프팅시술,all,f,2019-09-01,38.68563
리프팅시술,all,f,2019-10-01,44.94579
리프팅시술,all,f,2019-11-01,52.07317
리프팅시술,all,f,2019-12-01,56.09756
리프팅시술,all,f,2020-01-01,58.46883
리프팅시술,all,f,2020-02-01,44.43089
리프팅시술,all,f,2020-03-01,43.71273
리프팅시술,all,f,2020-04-01,51.50406
리프팅시술,all,f,2020-05-01,47.31707
리프팅시술,all,f,2020-06-01,36.46341
리프팅시술,all,f,2020-07-01,40.4878
리프팅시술,all,f,2020-08-01,40.5149
리프팅시술,all,f,2020-09-01,39.47154
리프팅시술,all,f,2020-10-01,42.53387
리프팅시술,all,f,2020-11-01,41.84281
리프팅시술,all,f,2020-12-01,38.50948
리프팅시술,all,f,2021-01-01,51.65311
리프팅시술,all,f,2021-02-01,42.22222
리프팅시술,all,f,2021-03-01,47.08672
리프팅시술,all,f,2021-04-01,42.57452
리프팅시술,all,f,2021-05-01,41.05691
리프팅시술,all,f,2021-06-01,42.22222
리프팅시술,all,f,2021-07-01,40.66395
리프팅시술,all,f,2021-08-01,41.72086
리프팅시술,all,f,2021-09-01,46.69376
리프팅시술,all,f,2021-10-01,46.53116
리프팅시술,all,f,2021-11-01,54.51219
리프팅시술,all,f,2021-12-01,51.65311
리프팅시술,all,f,2022-01-01,61.81571
리프팅시술,all,f,2022-02-01,52.07317
리프팅시술,all,f,2022-03-01,52.68292
리프팅시술,all,f,2022-04-01,54.94579
리프팅시술,all,f,2022-05-01,57.87262
리프팅시술,all,f,2022-06-01,49.75609
리프팅시술,all,f,2022-07-01,46.15176
리프팅시술,all,f,2022-08-01,44.11924
리프팅시술,all,f,2022-09-01,46.38211
리프팅시술,all,f,2022-10-01,50.52845
리프팅시술,all,f,2022-11-01,78.75338
리프팅시술,all,f,2022-12-01,57.46612
리프팅시술,all,f,2023-01-01,63.55013
리프팅시술,all,f,2023-02-01,67.46612
리프팅시술,all,f,2023-03-01,68.23848
리프팅시술,all,f,2023-04-01,63.27913
리프팅시술,all,f,2023-05-01,61.15176
리프팅시술,all,f,2023-06-01,54.98644
리프팅시술,all,f,2023-07-01,51.30081
리프팅시술,all,f,2023-08-01,53.44173
리프팅시술,all,f,2023-09-01,48.45528
리프팅시술,all,f,2023-10-01,50.4336
리프팅시술,all,f,2023-11-01,47.58807
리프팅시술,all,f,2023-12-01,52.66937
리프팅시술,all,f,2024-01-01,62.50677
리프팅시술,all,f,2024-02-01,58.71273
리프팅시술,all,f,2024-03-01,58.18428
리프팅시술,all,f,2024-04-01,60.0271
리프팅시술,all,f,2024-05-01,51.43631
리프팅시술,all,f,2024-06-01,46.12466
리프팅시술,all,f,2024-07-01,49.34959
리프팅시술,all,f,2024-08-01,47.89972
리프팅시술,all,f,2024-09-01,44.98644
리프팅시술,all,f,2024-10-01,56.08401
리프팅시술,all,f,2024-11-01,57.96747
리프팅시술,all,f,2024-12-01,61.88346
리프팅시술,all,f,2025-01-01,70.4607
리프팅시술,all,f,2025-02-01,61.69376
리프팅시술,all,f,2025-03-01,66.69376
리프팅시술,all,f,2025-04-01,67.38482
리프팅시술,all,f,2025-05-01,55.8672
리프팅시술,all,f,2025-06-01,52.16802
리프팅시술,all,f,2025-07-01,49.21409
리프팅시술,all,f,2025-08-01,60.79945
리프팅시술,all,f,2025-09-01,64.41734
리프팅시술,all,f,2025-10-01,55.9756
리프팅시술,all,f,2025-11-01,57.12737
리프팅시술,all,f,2025-12-01,62.75067
리프팅시술,all,m,2016-01-01,5.14679
리프팅시술,all,m,2016-02-01,10.00362
리프팅시술,all,m,2016-03-01,7.32149
리프팅시술,all,m,2016-04-01,32.33055
리프팅시술,all,m,2016-05-01,10.54729
리프팅시술,all,m,2016-06-01,8.33635
리프팅시술,all,m,2016-07-01,8.08263
리프팅시술,all,m,2016-08-01,19.31859
리프팅시술,all,m,2016-09-01,4.05944
리프팅시술,all,m,2016-10-01,14.498
리프팅시술,all,m,2016-11-01,42.18919
리프팅시술,all,m,2016-12-01,26.45886
리프팅시술,all,m,2017-01-01,20.84088
리프팅시술,all,m,2017-02-01,23.84922
리프팅시술,all,m,2017-03-01,16.89017
리프팅시술,all,m,2017-04-01,13.48314
리프팅시술,all,m,2017-05-01,8.40884
리프팅시술,all,m,2017-06-01,17.25262
리프팅시술,all,m,2017-07-01,21.67451
리프팅시술,all,m,2017-08-01,25.73396
리프팅시술,all,m,2017-09-01,25.444
리프팅시술,all,m,2017-10-01,17.47009
리프팅시술,all,m,2017-11-01,46.57484
리프팅시술,all,m,2017-12-01,49.90938
리프팅시술,all,m,2018-01-01,22.29068
리프팅시술,all,m,2018-02-01,32.40304
리프팅시술,all,m,2018-03-01,48.38709
리프팅시술,all,m,2018-04-01,90.21384
리프팅시술,all,m,2018-05-01,60.49293
리프팅시술,all,m,2018-06-01,39.07212
리프팅시술,all,m,2018-07-01,50.99673
리프팅시술,all,m,2018-08-01,43.09532
리프팅시술,all,m,2018-09-01,71.9826
리프팅시술,all,m,2018-10-01,100.0
리프팅시술,all,m,2018-11-01,38.4922
리프팅시술,all,m,2018-12-01,33.92533
리프팅시술,all,m,2019-01-01,32.22181
리프팅시술,all,m,2019-02-01,24.97281
리프팅시술,all,m,2019-03-01,26.31388
리프팅시술,all,m,2019-04-01,25.26277
리프팅시술,all,m,2019-05-01,21.81949
리프팅시술,all,m,2019-06-01,23.05183
리프팅시술,all,m,2019-07-01,25.80645
리프팅시술,all,m,2019-08-01,22.97934
리프팅시술,all,m,2019-09-01,18.5212
리프팅시술,all,m,2019-10-01,23.37803
리프팅시술,all,m,2019-11-01,27.00253
리프팅시술,all,m,2019-12-01,30.22834
리프팅시술,all,m,2020-01-01,28.23486
리프팅시술,all,m,2020-02-01,23.34179
리프팅시술,all,m,2020-03-01,24.3204
리프팅시술,all,m,2020-04-01,21.27582
리프팅시술,all,m,2020-05-01,24.86408
리프팅시술,all,m,2020-06-01,20.94961
리프팅시술,all,m,2020-07-01,19.53606
리프팅시술,all,m,2020-08-01,15.73033
리프팅시술,all,m,2020-09-01,15.33164
리프팅시술,all,m,2020-10-01,17.28887
리프팅시술,all,m,2020-11-01,18.19499
리프팅시술,all,m,2020-12-01,18.33997
리프팅시술,all,m,2021-01-01,24.06669
리프팅시술,all,m,2021-02-01,18.33997
리프팅시술,all,m,2021-03-01,21.31206
리프팅시술,all,m,2021-04-01,19.78977
리프팅시술,all,m,2021-05-01,22.58064
리프팅시술,all,m,2021-06-01,20.65965
리프팅시술,all,m,2021-07-01,19.35483
리프팅시술,all,m,2021-08-01,18.8474
리프팅시술,all,m,2021-09-01,23.48677
리프팅시술,all,m,2021-10-01,20.91337
리프팅시술,all,m,2021-11-01,23.9942
리프팅시술,all,m,2021-12-01,24.17542
리프팅시술,all,m,2022-01-01,26.20514
리프팅시술,all,m,2022-02-01,24.46538
리프팅시술,all,m,2022-03-01,24.68285
리프팅시술,all,m,2022-04-01,26.45886
리프팅시술,all,m,2022-05-01,26.60384
리프팅시술,all,m,2022-06-01,24.21167
리프팅시술,all,m,2022-07-01,22.21819
리프팅시술,all,m,2022-08-01,22.50815
리프팅시술,all,m,2022-09-01,21.05835
리프팅시술,all,m,2022-10-01,24.50163
리프팅시술,all,m,2022-11-01,42.95034
리프팅시술,all,m,2022-12-01,31.06197
리프팅시술,all,m,2023-01-01,34.57774
리프팅시술,all,m,2023-02-01,35.73758
리프팅시술,all,m,2023-03-01,36.46248
리프팅시술,all,m,2023-04-01,30.59079
리프팅시술,all,m,2023-05-01,28.63356
리프팅시술,all,m,2023-06-01,31.5694
리프팅시술,all,m,2023-07-01,27.79992
리프팅시술,all,m,2023-08-01,31.17071
리프팅시술,all,m,2023-09-01,24.50163
리프팅시술,all,m,2023-10-01,22.72562
리프팅시술,all,m,2023-11-01,24.24791
리프팅시술,all,m,2023-12-01,28.81478
리프팅시술,all,m,2024-01-01,31.67814
리프팅시술,all,m,2024-02-01,28.27111
리프팅시술,all,m,2024-03-01,27.25625
리프팅시술,all,m,2024-04-01,32.693
리프팅시술,all,m,2024-05-01,32.00434
리프팅시술,all,m,2024-06-01,30.62703
리프팅시술,all,m,2024-07-01,35.81007
리프팅시술,all,m,2024-08-01,25.08155
리프팅시술,all,m,2024-09-01,21.52953
리프팅시술,all,m,2024-10-01,26.06016
리프팅시술,all,m,2024-11-01,28.88727
리프팅시술,all,m,2024-12-01,34.57774
리프팅시술,all,m,2025-01-01,33.05545
리프팅시술,all,m,2025-02-01,28.95976
리프팅시술,all,m,2025-03-01,36.57122
리프팅시술,all,m,2025-04-01,39.86951
리프팅시술,all,m,2025-05-01,30.48205
리프팅시술,all,m,2025-06-01,37.4411
리프팅시술,all,m,2025-07-01,29.46719
리프팅시술,all,m,2025-08-01,29.35846
리프팅시술,all,m,2025-09-01,28.23486
리프팅시술,all,m,2025-10-01,28.99601
리프팅시술,all,m,2025-11-01,28.59731
리프팅시술,all,m,2025-12-01,28.59731
리프팅시술,3,all,2016-01-01,9.69957
리프팅시술,3,all,2016-02-01,16.30901
리프팅시술,3,all,2016-03-01,10.98712
리프팅시술,3,all,2016-04-01,72.27467
리프팅시술,3,all,2016-05-01,22.06008
리프팅시술,3,all,2016-06-01,13.90557
리프팅시술,3,all,2016-07-01,18.02575
리프팅시술,3,all,2016-08-01,40.0
리프팅시술,3,all,2016-09-01,5.66523
리프팅시술,3,all,2016-10-01,22.83261
리프팅시술,3,all,2016-11-01,36.73819
리프팅시술,3,all,2016-12-01,20.17167
리프팅시술,3,all,2017-01-01,25.66523
리프팅시술,3,all,2017-02-01,31.84549
리프팅시술,3,all,2017-03-01,23.17596
리프팅시술,3,all,2017-04-01,15.3648
리프팅시술,3,all,2017-05-01,12.36051
리프팅시술,3,all,2017-06-01,28.58369
리프팅시술,3,all,2017-07-01,37.85407
리프팅시술,3,all,2017-08-01,32.78969
리프팅시술,3,all,2017-09-01,40.77253
리프팅시술,3,all,2017-10-01,31.50214
리프팅시술,3,all,2017-11-01,100.0
리프팅시술,3,all,2017-12-01,65.06437
리프팅시술,3,all,2018-01-01,27.89699
리프팅시술,3,all,2018-02-01,38.45493
리프팅시술,3,all,2018-03-01,62.48927
리프팅시술,3,all,2018-04-01,86.43776
리프팅시술,3,all,2018-05-01,70.30042
리프팅시술,3,all,2018-06-01,77.08154
리프팅시술,3,all,2018-07-01,85.23605
리프팅시술,3,all,2018-08-01,70.72961
리프팅시술,3,all,2018-09-01,58.6266
리프팅시술,3,all,2018-10-01,84.8927
리프팅시술,3,all,2018-11-01,58.45493
리프팅시술,3,all,2018-12-01,57.16738
리프팅시술,3,all,2019-01-01,61.71673
리프팅시술,3,all,2019-02-01,49.18454
리프팅시술,3,all,2019-03-01,46.78111
리프팅시술,3,all,2019-04-01,41.28755
리프팅시술,3,all,2019-05-01,36.73819
리프팅시술,3,all,2019-06-01,34.76394
리프팅시술,3,all,2019-07-01,33.99141
리프팅시술,3,all,2019-08-01,35.19313
리프팅시술,3,all,2019-09-01,36.65236
리프팅시술,3,all,2019-10-01,37.25321
리프팅시술,3,all,2019-11-01,41.97424
리프팅시술,3,all,2019-12-01,58.54077
리프팅시술,3,all,2020-01-01,49.61373
리프팅시술,3,all,2020-02-01,40.08583
리프팅시술,3,all,2020-03-01,39.39914
리프팅시술,3,all,2020-04-01,28.06866
리프팅시술,3,all,2020-05-01,27.89699
리프팅시술,3,all,2020-06-01,26.69527
리프팅시술,3,all,2020-07-01,30.98712
리프팅시술,3,all,2020-08-01,26.26609
리프팅시술,3,all,2020-09-01,23.51931
리프팅시술,3,all,2020-10-01,25.32188
리프팅시술,3,all,2020-11-01,19.74248
리프팅시술,3,all,2020-12-01,20.9442
리프팅시술,3,all,2021-01-01,21.03004
리프팅시술,3,all,2021-02-01,18.54077
리프팅시술,3,all,2021-03-01,24.12017
리프팅시술,3,all,2021-04-01,20.51502
리프팅시술,3,all,2021-05-01,21.6309
리프팅시술,3,all,2021-06-01,20.60085
리프팅시술,3,all,2021-07-01,21.45922
리프팅시술,3,all,2021-08-01,20.68669
리프팅시술,3,all,2021-09-01,23.17596
리프팅시술,3,all,2021-10-01,20.08583
리프팅시술,3,all,2021-11-01,21.97424
리프팅시술,3,all,2021-12-01,25.75107
리프팅시술,3,all,2022-01-01,20.9442
리프팅시술,3,all,2022-02-01,17.76824
리프팅시술,3,all,2022-03-01,21.28755
리프팅시술,3,all,2022-04-01,20.08583
리프팅시술,3,all,2022-05-01,21.37339
리프팅시술,3,all,2022-06-01,18.71244
리프팅시술,3,all,2022-07-01,20.17167
리프팅시술,3,all,2022-08-01,19.82832
리프팅시술,3,all,2022-09-01,17.76824
리프팅시술,3,all,2022-10-01,21.03004
리프팅시술,3,all,2022-11-01,40.08583
리프팅시술,3,all,2022-12-01,29.09871
리프팅시술,3,all,2023-01-01,34.67811
리프팅시술,3,all,2023-02-01,31.84549
리프팅시술,3,all,2023-03-01,26.86695
리프팅시술,3,all,2023-04-01,23.09012
리프팅시술,3,all,2023-05-01,25.40772
리프팅시술,3,all,2023-06-01,26.35193
리프팅시술,3,all,2023-07-01,29.27038
리프팅시술,3,all,2023-08-01,26.18025
리프팅시술,3,all,2023-09-01,22.48927
리프팅시술,3,all,2023-10-01,25.66523
리프팅시술,3,all,2023-11-01,21.11587
리프팅시술,3,all,2023-12-01,30.04291
리프팅시술,3,all,2024-01-01,32.61802
리프팅시술,3,all,2024-02-01,31.4163
리프팅시술,3,all,2024-03-01,28.75536
리프팅시술,3,all,2024-04-01,32.96137
리프팅시술,3,all,2024-05-01,29.61373
리프팅시술,3,all,2024-06-01,28.8412
리프팅시술,3,all,2024-07-01,35.02145
리프팅시술,3,all,2024-08-01,33.99141
리프팅시술,3,all,2024-09-01,24.80686
리프팅시술,3,all,2024-10-01,28.32618
리프팅시술,3,all,2024-11-01,33.30472
리프팅시술,3,all,2024-12-01,33.21888
리프팅시술,3,all,2025-01-01,40.17167
리프팅시술,3,all,2025-02-01,37.59656
리프팅시술,3,all,2025-03-01,32.78969
리프팅시술,3,all,2025-04-01,35.19313
리프팅시술,3,all,2025-05-01,32.61802
리프팅시술,3,all,2025-06-01,30.12875
리프팅시술,3,all,2025-07-01,34.50643
리프팅시술,3,all,2025-08-01,36.48068
리프팅시술,3,all,2025-09-01,33.90557
리프팅시술,3,all,2025-10-01,31.67381
리프팅시술,3,all,2025-11-01,27.98283
리프팅시술,3,all,2025-12-01,31.58798
리프팅시술,3,f,2016-01-01,9.32798
리프팅시술,3,f,2016-02-01,16.04814
리프팅시술,3,f,2016-03-01,10.73219
리프팅시술,3,f,2016-04-01,74.82447
리프팅시술,3,f,2016-05-01,22.7683
리프팅시술,3,f,2016-06-01,13.34002
리프팅시술,3,f,2016-07-01,17.45235
리프팅시술,3,f,2016-08-01,41.12337
리프팅시술,3,f,2016-09-01,5.21564
리프팅시술,3,f,2016-10-01,21.86559
리프팅시술,3,f,2016-11-01,30.89267
리프팅시술,3,f,2016-12-01,15.64694
리프팅시술,3,f,2017-01-01,25.07522
리프팅시술,3,f,2017-02-01,30.69207
리프팅시술,3,f,2017-03-01,22.2668
리프팅시술,3,f,2017-04-01,13.64092
리프팅시술,3,f,2017-05-01,12.33701
리프팅시술,3,f,2017-06-01,28.58575
리프팅시술,3,f,2017-07-01,37.31193
리프팅시술,3,f,2017-08-01,28.28485
리프팅시술,3,f,2017-09-01,38.21464
리프팅시술,3,f,2017-10-01,29.98996
리프팅시술,3,f,2017-11-01,100.0
리프팅시술,3,f,2017-12-01,62.28686
리프팅시술,3,f,2018-01-01,24.87462
리프팅시술,3,f,2018-02-01,35.00501
리프팅시술,3,f,2018-03-01,55.26579
리프팅시술,3,f,2018-04-01,74.92477
리프팅시술,3,f,2018-05-01,61.38415
리프팅시술,3,f,2018-06-01,76.52958
리프팅시술,3,f,2018-07-01,65.59679
리프팅시술,3,f,2018-08-01,61.88565
리프팅시술,3,f,2018-09-01,47.54262
리프팅시술,3,f,2018-10-01,56.4694
리프팅시술,3,f,2018-11-01,52.55767
리프팅시술,3,f,2018-12-01,54.06218
리프팅시술,3,f,2019-01-01,60.18054
리프팅시술,3,f,2019-02-01,46.53961
리프팅시술,3,f,2019-03-01,45.1354
리프팅시술,3,f,2019-04-01,38.61584
리프팅시술,3,f,2019-05-01,32.79839
리프팅시술,3,f,2019-06-01,29.58876
리프팅시술,3,f,2019-07-01,31.19358
리프팅시술,3,f,2019-08-01,30.69207
리프팅시술,3,f,2019-09-01,35.90772
리프팅시술,3,f,2019-10-01,33.6008
리프팅시술,3,f,2019-11-01,38.71614
리프팅시술,3,f,2019-12-01,53.56068
리프팅시술,3,f,2020-01-01,46.63991
리프팅시술,3,f,2020-02-01,35.60682
리프팅시술,3,f,2020-03-01,34.60381
리프팅시술,3,f,2020-04-01,25.47642
리프팅시술,3,f,2020-05-01,24.67402
리프팅시술,3,f,2020-06-01,24.47342
리프팅시술,3,f,2020-07-01,29.68906
리프팅시술,3,f,2020-08-01,25.67703
리프팅시술,3,f,2020-09-01,21.96589
리프팅시술,3,f,2020-10-01,23.87161
리프팅시술,3,f,2020-11-01,18.45536
리프팅시술,3,f,2020-12-01,19.75927
리프팅시술,3,f,2021-01-01,19.45837
리프팅시술,3,f,2021-02-01,17.45235
리프팅시술,3,f,2021-03-01,23.47041
리프팅시술,3,f,2021-04-01,17.55265
리프팅시술,3,f,2021-05-01,18.55566
리프팅시술,3,f,2021-06-01,18.25476
리프팅시술,3,f,2021-07-01,18.75626
리프팅시술,3,f,2021-08-01,19.75927
리프팅시술,3,f,2021-09-01,20.36108
리프팅시술,3,f,2021-10-01,17.45235
리프팅시술,3,f,2021-11-01,17.65295
리프팅시술,3,f,2021-12-01,22.06619
리프팅시술,3,f,2022-01-01,19.15747
리프팅시술,3,f,2022-02-01,15.54663
리프팅시술,3,f,2022-03-01,18.95687
리프팅시술,3,f,2022-04-01,18.65596
리프팅시술,3,f,2022-05-01,18.35506
리프팅시술,3,f,2022-06-01,15.94784
리프팅시술,3,f,2022-07-01,18.55566
리프팅시술,3,f,2022-08-01,17.85356
리프팅시술,3,f,2022-09-01,17.25175
리프팅시술,3,f,2022-10-01,17.75325
리프팅시술,3,f,2022-11-01,29.88966
리프팅시술,3,f,2022-12-01,22.8686
리프팅시술,3,f,2023-01-01,26.88064
리프팅시술,3,f,2023-02-01,24.17251
리프팅시술,3,f,2023-03-01,22.5677
리프팅시술,3,f,2023-04-01,17.95386
리프팅시술,3,f,2023-05-01,22.2668
리프팅시술,3,f,2023-06-01,23.2698
리프팅시술,3,f,2023-07-01,26.27883
리프팅시술,3,f,2023-08-01,22.16649
리프팅시술,3,f,2023-09-01,21.16349
리프팅시술,3,f,2023-10-01,23.1695
리프팅시술,3,f,2023-11-01,19.35807
리프팅시술,3,f,2023-12-01,26.27883
리프팅시술,3,f,2024-01-01,29.78936
리프팅시술,3,f,2024-02-01,28.18455
리프팅시술,3,f,2024-03-01,27.68304
리프팅시술,3,f,2024-04-01,29.58876
리프팅시술,3,f,2024-05-01,27.48244
리프팅시술,3,f,2024-06-01,26.07823
리프팅시술,3,f,2024-07-01,31.59478
리프팅시술,3,f,2024-08-01,32.99899
리프팅시술,3,f,2024-09-01,25.17552
리프팅시술,3,f,2024-10-01,28.18455
리프팅시술,3,f,2024-11-01,32.69809
리프팅시술,3,f,2024-12-01,32.39719
리프팅시술,3,f,2025-01-01,39.51855
리프팅시술,3,f,2025-02-01,36.40922
리프팅시술,3,f,2025-03-01,31.39418
리프팅시술,3,f,2025-04-01,33.7011
리프팅시술,3,f,2025-05-01,32.59779
리프팅시술,3,f,2025-06-01,30.99297
리프팅시술,3,f,2025-07-01,35.30591
리프팅시술,3,f,2025-08-01,38.31494
리프팅시술,3,f,2025-09-01,34.4032
리프팅시술,3,f,2025-10-01,30.19057
리프팅시술,3,f,2025-11-01,29.08726
리프팅시술,3,f,2025-12-01,30.79237
리프팅시술,3,m,2016-01-01,4.69483
리프팅시술,3,m,2016-02-01,7.04225
리프팅시술,3,m,2016-03-01,4.92957
리프팅시술,3,m,2016-04-01,22.53521
리프팅시술,3,m,2016-05-01,7.04225
리프팅시술,3,m,2016-06-01,6.80751
리프팅시술,3,m,2016-07-01,8.4507
리프팅시술,3,m,2016-08-01,13.14553
리프팅시술,3,m,2016-09-01,3.28638
리프팅시술,3,m,2016-10-01,11.2676
리프팅시술,3,m,2016-11-01,28.16901
리프팅시술,3,m,2016-12-01,18.5446
리프팅시술,3,m,2017-01-01,11.50234
리프팅시술,3,m,2017-02-01,15.25821
리프팅시술,3,m,2017-03-01,11.2676
리프팅시술,3,m,2017-04-01,10.09389
리프팅시술,3,m,2017-05-01,4.92957
리프팅시술,3,m,2017-06-01,11.2676
리프팅시술,3,m,2017-07-01,16.19718
리프팅시술,3,m,2017-08-01,23.47417
리프팅시술,3,m,2017-09-01,22.06572
리프팅시술,3,m,2017-10-01,15.96244
리프팅시술,3,m,2017-11-01,39.43661
리프팅시술,3,m,2017-12-01,32.15962
리프팅시술,3,m,2018-01-01,18.07511
리프팅시술,3,m,2018-02-01,23.23943
리프팅시술,3,m,2018-03-01,41.54929
리프팅시술,3,m,2018-04-01,61.03286
리프팅시술,3,m,2018-05-01,48.59154
리프팅시술,3,m,2018-06-01,31.69014
리프팅시술,3,m,2018-07-01,79.57746
리프팅시술,3,m,2018-08-01,48.59154
리프팅시술,3,m,2018-09-01,49.06103
리프팅시술,3,m,2018-10-01,100.0
리프팅시술,3,m,2018-11-01,36.85446
리프팅시술,3,m,2018-12-01,29.8122
리프팅시술,3,m,2019-01-01,27.93427
리프팅시술,3,m,2019-02-01,25.58685
리프팅시술,3,m,2019-03-01,22.30046
리프팅시술,3,m,2019-04-01,22.53521
리프팅시술,3,m,2019-05-01,23.70892
리프팅시술,3,m,2019-06-01,25.82159
리프팅시술,3,m,2019-07-01,19.95305
리프팅시술,3,m,2019-08-01,24.41314
리프팅시술,3,m,2019-09-01,16.19718
리프팅시술,3,m,2019-10-01,23.23943
리프팅시술,3,m,2019-11-01,24.1784
리프팅시술,3,m,2019-12-01,34.74178
리프팅시술,3,m,2020-01-01,26.52582
리프팅시술,3,m,2020-02-01,26.29107
리프팅시술,3,m,2020-03-01,26.76056
리프팅시술,3,m,2020-04-01,17.13615
리프팅시술,3,m,2020-05-01,18.5446
리프팅시술,3,m,2020-06-01,15.72769
리프팅시술,3,m,2020-07-01,15.25821
리프팅시술,3,m,2020-08-01,11.73708
리프팅시술,3,m,2020-09-01,12.91079
리프팅시술,3,m,2020-10-01,13.38028
리프팅시술,3,m,2020-11-01,10.79812
리프팅시술,3,m,2020-12-01,11.03286
리프팅시술,3,m,2021-01-01,11.97183
리프팅시술,3,m,2021-02-01,9.85915
리프팅시술,3,m,2021-03-01,11.03286
리프팅시술,3,m,2021-04-01,15.02347
리프팅시술,3,m,2021-05-01,15.72769
리프팅시술,3,m,2021-06-01,13.61502
리프팅시술,3,m,2021-07-01,14.78873
리프팅시술,3,m,2021-08-01,10.32863
리프팅시술,3,m,2021-09-01,15.72769
리프팅시술,3,m,2021-10-01,14.0845
리프팅시술,3,m,2021-11-01,18.77934
리프팅시술,3,m,2021-12-01,18.77934
리프팅시술,3,m,2022-01-01,12.44131
리프팅시술,3,m,2022-02-01,12.20657
리프팅시술,3,m,2022-03-01,13.84976
리프팅시술,3,m,2022-04-01,11.2676
리프팅시술,3,m,2022-05-01,15.49295
리프팅시술,3,m,2022-06-01,13.84976
리프팅시술,3,m,2022-07-01,11.73708
리프팅시술,3,m,2022-08-01,12.44131
리프팅시술,3,m,2022-09-01,8.21596
리프팅시술,3,m,2022-10-01,15.96244
리프팅시술,3,m,2022-11-01,39.67136
리프팅시술,3,m,2022-12-01,26.05633
리프팅시술,3,m,2023-01-01,31.92488
리프팅시술,3,m,2023-02-01,30.51643
리프팅시술,3,m,2023-03-01,20.65727
리프팅시술,3,m,2023-04-01,21.12676
리프팅시술,3,m,2023-05-01,17.37089
리프팅시술,3,m,2023-06-01,17.60563
리프팅시술,3,m,2023-07-01,18.5446
리프팅시술,3,m,2023-08-01,19.7183
리프팅시술,3,m,2023-09-01,11.97183
리프팅시술,3,m,2023-10-01,15.96244
리프팅시술,3,m,2023-11-01,12.44131
리프팅시술,3,m,2023-12-01,20.65727
리프팅시술,3,m,2024-01-01,19.48356
리프팅시술,3,m,2024-02-01,19.95305
리프팅시술,3,m,2024-03-01,13.84976
리프팅시술,3,m,2024-04-01,20.89201
리프팅시술,3,m,2024-05-01,16.66666
리프팅시술,3,m,2024-06-01,17.84037
리프팅시술,3,m,2024-07-01,21.83098
리프팅시술,3,m,2024-08-01,15.72769
리프팅시술,3,m,2024-09-01,8.92018
리프팅시술,3,m,2024-10-01,11.50234
리프팅시술,3,m,2024-11-01,14.55399
리프팅시술,3,m,2024-12-01,15.02347
리프팅시술,3,m,2025-01-01,17.37089
리프팅시술,3,m,2025-02-01,17.60563
리프팅시술,3,m,2025-03-01,16.19718
리프팅시술,3,m,2025-04-01,17.37089
리프팅시술,3,m,2025-05-01,12.91079
리프팅시술,3,m,2025-06-01,9.85915
리프팅시술,3,m,2025-07-01,11.73708
리프팅시술,3,m,2025-08-01,10.09389
리프팅시술,3,m,2025-09-01,12.20657
리프팅시술,3,m,2025-10-01,15.96244
리프팅시술,3,m,2025-11-01,8.4507
리프팅시술,3,m,2025-12-01,14.31924
리프팅시술,4,all,2016-01-01,13.34259
리프팅시술,4,all,2016-02-01,20.63933
리프팅시술,4,all,2016-03-01,17.30368
리프팅시술,4,all,2016-04-01,85.61501
리프팅시술,4,all,2016-05-01,24.04447
리프팅시술,4,all,2016-06-01,18.0681
리프팅시술,4,all,2016-07-01,20.29186
리프팅시술,4,all,2016-08-01,46.56011
리프팅시술,4,all,2016-09-01,10.63238
리프팅시술,4,all,2016-10-01,30.4378
리프팅시술,4,all,2016-11-01,43.84989
리프팅시술,4,all,2016-12-01,27.51911
리프팅시술,4,all,2017-01-01,37.52605
리프팅시술,4,all,2017-02-01,40.30576
리프팅시술,4,all,2017-03-01,34.88533
리프팅시술,4,all,2017-04-01,21.8902
리프팅시술,4,all,2017-05-01,17.99861
리프팅시술,4,all,2017-06-01,33.77345
리프팅시술,4,all,2017-07-01,44.54482
리프팅시술,4,all,2017-08-01,36.97011
리프팅시술,4,all,2017-09-01,43.7804
리프팅시술,4,all,2017-10-01,38.29047
리프팅시술,4,all,2017-11-01,96.94232
리프팅시술,4,all,2017-12-01,82.34885
리프팅시술,4,all,2018-01-01,34.05142
리프팅시술,4,all,2018-02-01,41.62612
리프팅시술,4,all,2018-03-01,70.95205
리프팅시술,4,all,2018-04-01,98.33217
리프팅시술,4,all,2018-05-01,80.12508
리프팅시술,4,all,2018-06-01,75.67755
리프팅시술,4,all,2018-07-01,79.29117
리프팅시술,4,all,2018-08-01,71.64697
리프팅시술,4,all,2018-09-01,69.42321
리프팅시술,4,all,2018-10-01,100.0
리프팅시술,4,all,2018-11-01,62.26546
리프팅시술,4,all,2018-12-01,56.01111
리프팅시술,4,all,2019-01-01,72.13342
리프팅시술,4,all,2019-02-01,54.34329
리프팅시술,4,all,2019-03-01,61.50104
리프팅시술,4,all,2019-04-01,56.01111
리프팅시술,4,all,2019-05-01,40.44475
리프팅시술,4,all,2019-06-01,38.49895
리프팅시술,4,all,2019-07-01,42.8075
리프팅시술,4,all,2019-08-01,42.94649
리프팅시술,4,all,2019-09-01,39.61084
리프팅시술,4,all,2019-10-01,46.35163
리프팅시술,4,all,2019-11-01,47.94996
리프팅시술,4,all,2019-12-01,52.67546
리프팅시술,4,all,2020-01-01,52.25851
리프팅시술,4,all,2020-02-01,40.09728
리프팅시술,4,all,2020-03-01,44.05837
리프팅시술,4,all,2020-04-01,39.05489
리프팅시술,4,all,2020-05-01,37.17859
리프팅시술,4,all,2020-06-01,32.52258
리프팅시술,4,all,2020-07-01,32.52258
리프팅시술,4,all,2020-08-01,31.27171
리프팅시술,4,all,2020-09-01,28.492
리프팅시술,4,all,2020-10-01,30.15983
리프팅시술,4,all,2020-11-01,31.06323
리프팅시술,4,all,2020-12-01,29.25642
리프팅시술,4,all,2021-01-01,32.59207
리프팅시술,4,all,2021-02-01,29.81236
리프팅시술,4,all,2021-03-01,31.89715
리프팅시술,4,all,2021-04-01,36.20569
리프팅시술,4,all,2021-05-01,30.64628
리프팅시술,4,all,2021-06-01,27.31063
리프팅시술,4,all,2021-07-01,27.93606
리프팅시술,4,all,2021-08-01,30.36831
리프팅시술,4,all,2021-09-01,31.75816
리프팅시술,4,all,2021-10-01,31.3412
리프팅시술,4,all,2021-11-01,34.88533
리프팅시술,4,all,2021-12-01,34.67685
리프팅시술,4,all,2022-01-01,38.35997
리프팅시술,4,all,2022-02-01,28.76997
리프팅시술,4,all,2022-03-01,31.89715
리프팅시술,4,all,2022-04-01,33.77345
리프팅시술,4,all,2022-05-01,34.46838
리프팅시술,4,all,2022-06-01,29.39541
리프팅시술,4,all,2022-07-01,28.42251
리프팅시술,4,all,2022-08-01,27.38012
리프팅시술,4,all,2022-09-01,29.4649
리프팅시술,4,all,2022-10-01,32.73106
리프팅시술,4,all,2022-11-01,58.51285
리프팅시술,4,all,2022-12-01,41.34815
리프팅시술,4,all,2023-01-01,43.57192
리프팅시술,4,all,2023-02-01,43.57192
리프팅시술,4,all,2023-03-01,59.83321
리프팅시술,4,all,2023-04-01,44.54482
리프팅시술,4,all,2023-05-01,41.00069
리프팅시술,4,all,2023-06-01,36.55316
리프팅시술,4,all,2023-07-01,39.68033
리프팅시술,4,all,2023-08-01,37.31758
리프팅시술,4,all,2023-09-01,34.39888
리프팅시술,4,all,2023-10-01,34.46838
리프팅시술,4,all,2023-11-01,35.30229
리프팅시술,4,all,2023-12-01,39.19388
리프팅시술,4,all,2024-01-01,45.37873
리프팅시술,4,all,2024-02-01,45.03127
리프팅시술,4,all,2024-03-01,50.93815
리프팅시술,4,all,2024-04-01,44.89228
리프팅시술,4,all,2024-05-01,42.94649
리프팅시술,4,all,2024-06-01,40.30576
리프팅시술,4,all,2024-07-01,42.87699
리프팅시술,4,all,2024-08-01,41.62612
리프팅시술,4,all,2024-09-01,38.49895
리프팅시술,4,all,2024-10-01,45.6567
리프팅시술,4,all,2024-11-01,47.04656
리프팅시술,4,all,2024-12-01,52.11952
리프팅시술,4,all,2025-01-01,59.06879
리프팅시술,4,all,2025-02-01,54.2043
리프팅시술,4,all,2025-03-01,54.89923
리프팅시술,4,all,2025-04-01,51.84155
리프팅시술,4,all,2025-05-01,48.5059
리프팅시술,4,all,2025-06-01,40.37526
리프팅시술,4,all,2025-07-01,44.40583
리프팅시술,4,all,2025-08-01,49.4788
리프팅시술,4,all,2025-09-01,44.96177
리프팅시술,4,all,2025-10-01,45.44822
리프팅시술,4,all,2025-11-01,46.56011
리프팅시술,4,all,2025-12-01,38.35997
리프팅시술,4,f,2016-01-01,14.84716
리프팅시술,4,f,2016-02-01,21.57205
리프팅시술,4,f,2016-03-01,18.16593
리프팅시술,4,f,2016-04-01,93.97379
리프팅시술,4,f,2016-05-01,24.97816
리프팅시술,4,f,2016-06-01,18.95196
리프팅시술,4,f,2016-07-01,21.92139
리프팅시술,4,f,2016-08-01,48.90829
리프팅시술,4,f,2016-09-01,11.17903
리프팅시술,4,f,2016-10-01,30.74235
리프팅시술,4,f,2016-11-01,40.69868
리프팅시술,4,f,2016-12-01,25.32751
리프팅시술,4,f,2017-01-01,40.17467
리프팅시술,4,f,2017-02-01,42.35807
리프팅시술,4,f,2017-03-01,37.55458
리프팅시술,4,f,2017-04-01,22.53275
리프팅시술,4,f,2017-05-01,18.68995
리프팅시술,4,f,2017-06-01,35.02183
리프팅시술,4,f,2017-07-01,48.47161
리프팅시술,4,f,2017-08-01,37.29257
리프팅시술,4,f,2017-09-01,43.66812
리프팅시술,4,f,2017-10-01,40.52401
리프팅시술,4,f,2017-11-01,100.0
리프팅시술,4,f,2017-12-01,86.20087
리프팅시술,4,f,2018-01-01,32.48908
리프팅시술,4,f,2018-02-01,37.72925
리프팅시술,4,f,2018-03-01,64.71615
리프팅시술,4,f,2018-04-01,89.95633
리프팅시술,4,f,2018-05-01,79.30131
리프팅시술,4,f,2018-06-01,80.78602
리프팅시술,4,f,2018-07-01,72.57641
리프팅시술,4,f,2018-08-01,69.25764
리프팅시술,4,f,2018-09-01,60.87336
리프팅시술,4,f,2018-10-01,63.66812
리프팅시술,4,f,2018-11-01,57.72925
리프팅시술,4,f,2018-12-01,54.06113
리프팅시술,4,f,2019-01-01,76.1572
리프팅시술,4,f,2019-02-01,57.90393
리프팅시술,4,f,2019-03-01,65.24017
리프팅시술,4,f,2019-04-01,57.46724
리프팅시술,4,f,2019-05-01,42.09606
리프팅시술,4,f,2019-06-01,38.95196
리프팅시술,4,f,2019-07-01,43.75545
리프팅시술,4,f,2019-08-01,43.05676
리프팅시술,4,f,2019-09-01,41.13537
리프팅시술,4,f,2019-10-01,48.2096
리프팅시술,4,f,2019-11-01,47.42358
리프팅시술,4,f,2019-12-01,50.82969
리프팅시술,4,f,2020-01-01,53.2751
리프팅시술,4,f,2020-02-01,39.65065
리프팅시술,4,f,2020-03-01,44.36681
리프팅시술,4,f,2020-04-01,41.74672
리프팅시술,4,f,2020-05-01,37.20524
리프팅시술,4,f,2020-06-01,31.96506
리프팅시술,4,f,2020-07-01,32.57641
리프팅시술,4,f,2020-08-01,31.96506
리프팅시술,4,f,2020-09-01,30.131
리프팅시술,4,f,2020-10-01,32.0524
리프팅시술,4,f,2020-11-01,30.91703
리프팅시술,4,f,2020-12-01,30.56768
리프팅시술,4,f,2021-01-01,33.97379
리프팅시술,4,f,2021-02-01,30.04366
리프팅시술,4,f,2021-03-01,32.40174
리프팅시술,4,f,2021-04-01,38.60262
리프팅시술,4,f,2021-05-01,29.25764
리프팅시술,4,f,2021-06-01,26.11353
리프팅시술,4,f,2021-07-01,27.51091
리프팅시술,4,f,2021-08-01,30.56768
리프팅시술,4,f,2021-09-01,29.86899
리프팅시술,4,f,2021-10-01,31.00436
리프팅시술,4,f,2021-11-01,36.24454
리프팅시술,4,f,2021-12-01,34.06113
리프팅시술,4,f,2022-01-01,38.0786
리프팅시술,4,f,2022-02-01,28.47161
리프팅시술,4,f,2022-03-01,32.13973
리프팅시술,4,f,2022-04-01,34.32314
리프팅시술,4,f,2022-05-01,36.41921
리프팅시술,4,f,2022-06-01,30.74235
리프팅시술,4,f,2022-07-01,28.29694
리프팅시술,4,f,2022-08-01,27.51091
리프팅시술,4,f,2022-09-01,30.65502
리프팅시술,4,f,2022-10-01,32.48908
리프팅시술,4,f,2022-11-01,57.90393
리프팅시술,4,f,2022-12-01,39.56331
리프팅시술,4,f,2023-01-01,42.96943
리프팅시술,4,f,2023-02-01,43.58078
리프팅시술,4,f,2023-03-01,50.131
리프팅시술,4,f,2023-04-01,44.97816
리프팅시술,4,f,2023-05-01,40.78602
리프팅시술,4,f,2023-06-01,37.81659
리프팅시술,4,f,2023-07-01,42.88209
리프팅시술,4,f,2023-08-01,37.55458
리프팅시술,4,f,2023-09-01,37.03056
리프팅시술,4,f,2023-10-01,37.03056
리프팅시술,4,f,2023-11-01,36.76855
리프팅시술,4,f,2023-12-01,39.56331
리프팅시술,4,f,2024-01-01,48.82096
리프팅시술,4,f,2024-02-01,48.38427
리프팅시술,4,f,2024-03-01,54.84716
리프팅시술,4,f,2024-04-01,48.38427
리프팅시술,4,f,2024-05-01,45.58951
리프팅시술,4,f,2024-06-01,40.17467
리프팅시술,4,f,2024-07-01,43.84279
리프팅시술,4,f,2024-08-01,44.89082
리프팅시술,4,f,2024-09-01,39.82532
리프팅시술,4,f,2024-10-01,48.2096
리프팅시술,4,f,2024-11-01,50.82969
리프팅시술,4,f,2024-12-01,55.37117
리프팅시술,4,f,2025-01-01,64.54148
리프팅시술,4,f,2025-02-01,59.12663
리프팅시술,4,f,2025-03-01,59.91266
리프팅시술,4,f,2025-04-01,55.45851
리프팅시술,4,f,2025-05-01,51.17903
리프팅시술,4,f,2025-06-01,43.1441
리프팅시술,4,f,2025-07-01,47.2489
리프팅시술,4,f,2025-08-01,54.84716
리프팅시술,4,f,2025-09-01,49.1703
리프팅시술,4,f,2025-10-01,50.04366
리프팅시술,4,f,2025-11-01,50.74235
리프팅시술,4,f,2025-12-01,42.27074
리프팅시술,4,m,2016-01-01,3.09859
리프팅시술,4,m,2016-02-01,7.04225
리프팅시술,4,m,2016-03-01,5.77464
리프팅시술,4,m,2016-04-01,21.97183
리프팅시술,4,m,2016-05-01,8.4507
리프팅시술,4,m,2016-06-01,6.05633
리프팅시술,4,m,2016-07-01,5.77464
리프팅시술,4,m,2016-08-01,15.49295
리프팅시술,4,m,2016-09-01,3.52112
리프팅시술,4,m,2016-10-01,12.11267
리프팅시술,4,m,2016-11-01,23.23943
리프팅시술,4,m,2016-12-01,14.92957
리프팅시술,4,m,2017-01-01,11.2676
리프팅시술,4,m,2017-02-01,13.38028
리프팅시술,4,m,2017-03-01,10.14084
리프팅시술,4,m,2017-04-01,8.02816
리프팅시술,4,m,2017-05-01,6.33802
리프팅시술,4,m,2017-06-01,11.97183
리프팅시술,4,m,2017-07-01,12.11267
리프팅시술,4,m,2017-08-01,14.78873
리프팅시술,4,m,2017-09-01,18.30985
리프팅시술,4,m,2017-10-01,12.25352
리프팅시술,4,m,2017-11-01,35.21126
리프팅시술,4,m,2017-12-01,27.88732
리프팅시술,4,m,2018-01-01,16.61971
리프팅시술,4,m,2018-02-01,23.52112
리프팅시술,4,m,2018-03-01,39.43661
리프팅시술,4,m,2018-04-01,54.22535
리프팅시술,4,m,2018-05-01,34.50704
리프팅시술,4,m,2018-06-01,23.09859
리프팅시술,4,m,2018-07-01,43.66197
리프팅시술,4,m,2018-08-01,33.52112
리프팅시술,4,m,2018-09-01,42.53521
리프팅시술,4,m,2018-10-01,100.0
리프팅시술,4,m,2018-11-01,33.09859
리프팅시술,4,m,2018-12-01,26.33802
리프팅시술,4,m,2019-01-01,23.38028
리프팅시술,4,m,2019-02-01,16.76056
리프팅시술,4,m,2019-03-01,19.43661
리프팅시술,4,m,2019-04-01,20.84507
리프팅시술,4,m,2019-05-01,14.0845
리프팅시술,4,m,2019-06-01,15.21126
리프팅시술,4,m,2019-07-01,16.19718
리프팅시술,4,m,2019-08-01,17.60563
리프팅시술,4,m,2019-09-01,13.94366
리프팅시술,4,m,2019-10-01,16.19718
리프팅시술,4,m,2019-11-01,20.70422
리프팅시술,4,m,2019-12-01,24.78873
리프팅시술,4,m,2020-01-01,20.0
리프팅시술,4,m,2020-02-01,17.32394
리프팅시술,4,m,2020-03-01,17.74647
리프팅시술,4,m,2020-04-01,11.83098
리프팅시술,4,m,2020-05-01,15.35211
리프팅시술,4,m,2020-06-01,14.36619
리프팅시술,4,m,2020-07-01,13.38028
리프팅시술,4,m,2020-08-01,11.83098
리프팅시술,4,m,2020-09-01,9.15492
리프팅시술,4,m,2020-10-01,9.43661
리프팅시술,4,m,2020-11-01,13.09859
리프팅시술,4,m,2020-12-01,10.0
리프팅시술,4,m,2021-01-01,11.2676
리프팅시술,4,m,2021-02-01,11.97183
리프팅시술,4,m,2021-03-01,12.39436
리프팅시술,4,m,2021-04-01,11.12676
리프팅시술,4,m,2021-05-01,14.92957
리프팅시술,4,m,2021-06-01,13.23943
리프팅시술,4,m,2021-07-01,12.25352
리프팅시술,4,m,2021-08-01,12.25352
리프팅시술,4,m,2021-09-01,16.19718
리프팅시술,4,m,2021-10-01,13.52112
리프팅시술,4,m,2021-11-01,12.25352
리프팅시술,4,m,2021-12-01,15.35211
리프팅시술,4,m,2022-01-01,16.33802
리프팅시술,4,m,2022-02-01,12.39436
리프팅시술,4,m,2022-03-01,12.8169
리프팅시술,4,m,2022-04-01,13.09859
리프팅시술,4,m,2022-05-01,11.12676
리프팅시술,4,m,2022-06-01,10.0
리프팅시술,4,m,2022-07-01,11.97183
리프팅시술,4,m,2022-08-01,11.12676
리프팅시술,4,m,2022-09-01,10.28169
리프팅시술,4,m,2022-10-01,13.94366
리프팅시술,4,m,2022-11-01,25.21126
리프팅시술,4,m,2022-12-01,20.0
리프팅시술,4,m,2023-01-01,19.01408
리프팅시술,4,m,2023-02-01,18.02816
리프팅시술,4,m,2023-03-01,40.42253
리프팅시술,4,m,2023-04-01,17.74647
리프팅시술,4,m,2023-05-01,17.32394
리프팅시술,4,m,2023-06-01,13.09859
리프팅시술,4,m,2023-07-01,11.2676
리프팅시술,4,m,2023-08-01,15.07042
리프팅시술,4,m,2023-09-01,10.0
리프팅시술,4,m,2023-10-01,10.14084
리프팅시술,4,m,2023-11-01,12.25352
리프팅시술,4,m,2023-12-01,15.6338
리프팅시술,4,m,2024-01-01,13.23943
리프팅시술,4,m,2024-02-01,13.23943
리프팅시술,4,m,2024-03-01,14.78873
리프팅시술,4,m,2024-04-01,12.95774
리프팅시술,4,m,2024-05-01,13.52112
리프팅시술,4,m,2024-06-01,16.9014
리프팅시술,4,m,2024-07-01,16.19718
리프팅시술,4,m,2024-08-01,11.97183
리프팅시술,4,m,2024-09-01,13.80281
리프팅시술,4,m,2024-10-01,14.78873
리프팅시술,4,m,2024-11-01,13.38028
리프팅시술,4,m,2024-12-01,16.33802
리프팅시술,4,m,2025-01-01,15.6338
리프팅시술,4,m,2025-02-01,14.50704
리프팅시술,4,m,2025-03-01,14.64788
리프팅시술,4,m,2025-04-01,15.6338
리프팅시술,4,m,2025-05-01,15.77464
리프팅시술,4,m,2025-06-01,12.25352
리프팅시술,4,m,2025-07-01,13.80281
리프팅시술,4,m,2025-08-01,11.83098
리프팅시술,4,m,2025-09-01,11.83098
리프팅시술,4,m,2025-10-01,11.40845
리프팅시술,4,m,2025-11-01,12.53521
리프팅시술,4,m,2025-12-01,9.57746
리프팅시술,5,all,2016-01-01,12.38832
리프팅시술,5,all,2016-02-01,16.37879
리프팅시술,5,all,2016-03-01,17.3913
리프팅시술,5,all,2016-04-01,80.70279
리프팅시술,5,all,2016-05-01,26.62298
리프팅시술,5,all,2016-06-01,17.15306
리프팅시술,5,all,2016-07-01,19.41631
리프팅시술,5,all,2016-08-01,40.38117
리프팅시술,5,all,2016-09-01,10.24419
리프팅시술,5,all,2016-10-01,29.06491
리프팅시술,5,all,2016-11-01,49.91066
리프팅시술,5,all,2016-12-01,27.15902
리프팅시술,5,all,2017-01-01,37.9988
리프팅시술,5,all,2017-02-01,42.28707
리프팅시술,5,all,2017-03-01,33.94877
리프팅시술,5,all,2017-04-01,20.54794
리프팅시술,5,all,2017-05-01,15.84276
리프팅시술,5,all,2017-06-01,29.18403
리프팅시술,5,all,2017-07-01,39.72602
리프팅시술,5,all,2017-08-01,33.94877
리프팅시술,5,all,2017-09-01,35.73555
리프팅시술,5,all,2017-10-01,31.98332
리프팅시술,5,all,2017-11-01,77.54615
리프팅시술,5,all,2017-12-01,56.99821
리프팅시술,5,all,2018-01-01,33.71054
리프팅시술,5,all,2018-02-01,38.23704
리프팅시술,5,all,2018-03-01,57.41512
리프팅시술,5,all,2018-04-01,100.0
리프팅시술,5,all,2018-05-01,83.74032
리프팅시술,5,all,2018-06-01,66.76593
리프팅시술,5,all,2018-07-01,59.38058
리프팅시술,5,all,2018-08-01,59.44014
리프팅시술,5,all,2018-09-01,97.61762
리프팅시술,5,all,2018-10-01,72.3645
리프팅시술,5,all,2018-11-01,49.8511
리프팅시술,5,all,2018-12-01,51.69743
리프팅시술,5,all,2019-01-01,63.25193
리프팅시술,5,all,2019-02-01,47.88564
리프팅시술,5,all,2019-03-01,48.00476
리프팅시술,5,all,2019-04-01,48.18344
리프팅시술,5,all,2019-05-01,36.21203
리프팅시술,5,all,2019-06-01,40.2025
리프팅시술,5,all,2019-07-01,38.53484
리프팅시술,5,all,2019-08-01,34.42525
리프팅시술,5,all,2019-09-01,35.0804
리프팅시술,5,all,2019-10-01,38.23704
리프팅시술,5,all,2019-11-01,39.07087
리프팅시술,5,all,2019-12-01,41.03633
리프팅시술,5,all,2020-01-01,47.05181
리프팅시술,5,all,2020-02-01,36.86718
리프팅시술,5,all,2020-03-01,36.56938
리프팅시술,5,all,2020-04-01,40.44073
리프팅시술,5,all,2020-05-01,39.84514
리프팅시술,5,all,2020-06-01,31.50684
리프팅시술,5,all,2020-07-01,29.36271
리프팅시술,5,all,2020-08-01,30.31566
리프팅시술,5,all,2020-09-01,25.7296
리프팅시술,5,all,2020-10-01,32.162
리프팅시술,5,all,2020-11-01,27.63549
리프팅시술,5,all,2020-12-01,26.02739
리프팅시술,5,all,2021-01-01,34.24657
리프팅시술,5,all,2021-02-01,25.67004
리프팅시술,5,all,2021-03-01,31.74508
리프팅시술,5,all,2021-04-01,27.75461
리프팅시술,5,all,2021-05-01,27.87373
리프팅시술,5,all,2021-06-01,28.17153
리프팅시술,5,all,2021-07-01,28.3502
리프팅시술,5,all,2021-08-01,28.648
리프팅시술,5,all,2021-09-01,29.12447
리프팅시술,5,all,2021-10-01,29.72007
리프팅시술,5,all,2021-11-01,34.60393
리프팅시술,5,all,2021-12-01,34.24657
리프팅시술,5,all,2022-01-01,41.63192
리프팅시술,5,all,2022-02-01,34.12745
리프팅시술,5,all,2022-03-01,35.61643
리프팅시술,5,all,2022-04-01,35.3782
리프팅시술,5,all,2022-05-01,35.97379
리프팅시술,5,all,2022-06-01,34.42525
리프팅시술,5,all,2022-07-01,32.75759
리프팅시술,5,all,2022-08-01,31.8642
리프팅시술,5,all,2022-09-01,34.84216
리프팅시술,5,all,2022-10-01,34.24657
리프팅시술,5,all,2022-11-01,63.49017
리프팅시술,5,all,2022-12-01,43.53782
리프팅시술,5,all,2023-01-01,46.69446
리프팅시술,5,all,2023-02-01,49.91066
리프팅시술,5,all,2023-03-01,51.81655
리프팅시술,5,all,2023-04-01,45.50327
리프팅시술,5,all,2023-05-01,45.14592
리프팅시술,5,all,2023-06-01,38.77307
리프팅시술,5,all,2023-07-01,42.58487
리프팅시술,5,all,2023-08-01,39.54734
리프팅시술,5,all,2023-09-01,36.80762
리프팅시술,5,all,2023-10-01,34.18701
리프팅시술,5,all,2023-11-01,34.54437
리프팅시술,5,all,2023-12-01,37.87969
리프팅시술,5,all,2024-01-01,44.31209
리프팅시술,5,all,2024-02-01,48.18344
리프팅시술,5,all,2024-03-01,44.13341
리프팅시술,5,all,2024-04-01,43.29958
리프팅시술,5,all,2024-05-01,48.42167
리프팅시술,5,all,2024-06-01,38.89219
리프팅시술,5,all,2024-07-01,40.67897
리프팅시술,5,all,2024-08-01,38.65396
리프팅시술,5,all,2024-09-01,36.03335
리프팅시술,5,all,2024-10-01,40.79809
리프팅시술,5,all,2024-11-01,47.29005
리프팅시술,5,all,2024-12-01,46.09886
리프팅시술,5,all,2025-01-01,55.03275
리프팅시술,5,all,2025-02-01,51.51876
리프팅시술,5,all,2025-03-01,56.46217
리프팅시술,5,all,2025-04-01,49.91066
리프팅시술,5,all,2025-05-01,41.215
리프팅시술,5,all,2025-06-01,40.08338
리프팅시술,5,all,2025-07-01,40.26206
리프팅시술,5,all,2025-08-01,47.34961
리프팅시술,5,all,2025-09-01,47.46873
리프팅시술,5,all,2025-10-01,44.90768
리프팅시술,5,all,2025-11-01,46.39666
리프팅시술,5,all,2025-12-01,44.60988
리프팅시술,5,f,2016-01-01,15.21381
리프팅시술,5,f,2016-02-01,18.66776
리프팅시술,5,f,2016-03-01,20.80592
리프팅시술,5,f,2016-04-01,96.875
리프팅시술,5,f,2016-05-01,33.47039
리프팅시술,5,f,2016-06-01,20.3125
리프팅시술,5,f,2016-07-01,23.84868
리프팅시술,5,f,2016-08-01,48.35526
리프팅시술,5,f,2016-09-01,13.07565
리프팅시술,5,f,2016-10-01,33.79934
리프팅시술,5,f,2016-11-01,51.80921
리프팅시술,5,f,2016-12-01,26.23355
리프팅시술,5,f,2017-01-01,43.75
리프팅시술,5,f,2017-02-01,49.91776
리프팅시술,5,f,2017-03-01,40.29605
리프팅시술,5,f,2017-04-01,23.93092
리프팅시술,5,f,2017-05-01,18.99671
리프팅시술,5,f,2017-06-01,33.96381
리프팅시술,5,f,2017-07-01,43.33881
리프팅시술,5,f,2017-08-01,35.2796
리프팅시술,5,f,2017-09-01,39.14473
리프팅시술,5,f,2017-10-01,37.25328
리프팅시술,5,f,2017-11-01,90.29605
리프팅시술,5,f,2017-12-01,64.88486
리프팅시술,5,f,2018-01-01,39.80263
리프팅시술,5,f,2018-02-01,39.14473
리프팅시술,5,f,2018-03-01,59.86842
리프팅시술,5,f,2018-04-01,100.0
리프팅시술,5,f,2018-05-01,94.73684
리프팅시술,5,f,2018-06-01,79.52302
리프팅시술,5,f,2018-07-01,64.22697
리프팅시술,5,f,2018-08-01,63.32236
리프팅시술,5,f,2018-09-01,83.79934
리프팅시술,5,f,2018-10-01,59.53947
리프팅시술,5,f,2018-11-01,53.53618
리프팅시술,5,f,2018-12-01,56.08552
리프팅시술,5,f,2019-01-01,72.86184
리프팅시술,5,f,2019-02-01,56.74342
리프팅시술,5,f,2019-03-01,55.92105
리프팅시술,5,f,2019-04-01,56.08552
리프팅시술,5,f,2019-05-01,42.02302
리프팅시술,5,f,2019-06-01,45.39473
리프팅시술,5,f,2019-07-01,44.32565
리프팅시술,5,f,2019-08-01,38.32236
리프팅시술,5,f,2019-09-01,41.44736
리프팅시술,5,f,2019-10-01,42.68092
리프팅시술,5,f,2019-11-01,45.3125
리프팅시술,5,f,2019-12-01,47.36842
리프팅시술,5,f,2020-01-01,52.13815
리프팅시술,5,f,2020-02-01,41.94078
리프팅시술,5,f,2020-03-01,40.13157
리프팅시술,5,f,2020-04-01,47.94407
리프팅시술,5,f,2020-05-01,43.42105
리프팅시술,5,f,2020-06-01,34.78618
리프팅시술,5,f,2020-07-01,33.79934
리프팅시술,5,f,2020-08-01,35.85526
리프팅시술,5,f,2020-09-01,29.52302
리프팅시술,5,f,2020-10-01,37.91118
리프팅시술,5,f,2020-11-01,31.57894
리프팅시술,5,f,2020-12-01,29.60526
리프팅시술,5,f,2021-01-01,39.55592
리프팅시술,5,f,2021-02-01,30.34539
리프팅시술,5,f,2021-03-01,36.8421
리프팅시술,5,f,2021-04-01,31.90789
리프팅시술,5,f,2021-05-01,30.67434
리프팅시술,5,f,2021-06-01,31.49671
리프팅시술,5,f,2021-07-01,32.07236
리프팅시술,5,f,2021-08-01,33.30592
리프팅시술,5,f,2021-09-01,32.73026
리프팅시술,5,f,2021-10-01,34.21052
리프팅시술,5,f,2021-11-01,40.21381
리프팅시술,5,f,2021-12-01,38.65131
리프팅시술,5,f,2022-01-01,48.51973
리프팅시술,5,f,2022-02-01,39.0625
리프팅시술,5,f,2022-03-01,41.28289
리프팅시술,5,f,2022-04-01,41.11842
리프팅시술,5,f,2022-05-01,41.94078
리프팅시술,5,f,2022-06-01,37.08881
리프팅시술,5,f,2022-07-01,35.69078
리프팅시술,5,f,2022-08-01,36.75986
리프팅시술,5,f,2022-09-01,39.0625
리프팅시술,5,f,2022-10-01,39.0625
리프팅시술,5,f,2022-11-01,73.76644
리프팅시술,5,f,2022-12-01,50.16447
리프팅시술,5,f,2023-01-01,53.20723
리프팅시술,5,f,2023-02-01,55.67434
리프팅시술,5,f,2023-03-01,59.53947
리프팅시술,5,f,2023-04-01,52.71381
리프팅시술,5,f,2023-05-01,52.05592
리프팅시술,5,f,2023-06-01,44.49013
리프팅시술,5,f,2023-07-01,49.42434
리프팅시술,5,f,2023-08-01,43.25657
리프팅시술,5,f,2023-09-01,43.17434
리프팅시술,5,f,2023-10-01,38.4046
리프팅시술,5,f,2023-11-01,38.56907
리프팅시술,5,f,2023-12-01,41.94078
리프팅시술,5,f,2024-01-01,50.65789
리프팅시술,5,f,2024-02-01,54.27631
리프팅시술,5,f,2024-03-01,49.17763
리프팅시술,5,f,2024-04-01,46.46381
리프팅시술,5,f,2024-05-01,45.64144
리프팅시술,5,f,2024-06-01,37.66447
리프팅시술,5,f,2024-07-01,43.00986
리프팅시술,5,f,2024-08-01,42.76315
리프팅시술,5,f,2024-09-01,40.78947
리프팅시술,5,f,2024-10-01,47.03947
리프팅시술,5,f,2024-11-01,54.27631
리프팅시술,5,f,2024-12-01,51.64473
리프팅시술,5,f,2025-01-01,64.30921
리프팅시술,5,f,2025-02-01,59.375
리프팅시술,5,f,2025-03-01,64.39144
리프팅시술,5,f,2025-04-01,55.5921
리프팅시술,5,f,2025-05-01,45.23026
리프팅시술,5,f,2025-06-01,44.16118
리프팅시술,5,f,2025-07-01,44.90131
리프팅시술,5,f,2025-08-01,57.07236
리프팅시술,5,f,2025-09-01,54.0296
리프팅시술,5,f,2025-10-01,49.67105
리프팅시술,5,f,2025-11-01,49.58881
리프팅시술,5,f,2025-12-01,50.74013
리프팅시술,5,m,2016-01-01,3.70967
리프팅시술,5,m,2016-02-01,7.74193
리프팅시술,5,m,2016-03-01,6.29032
리프팅시술,5,m,2016-04-01,28.54838
리프팅시술,5,m,2016-05-01,6.45161
리프팅시술,5,m,2016-06-01,6.6129
리프팅시술,5,m,2016-07-01,5.80645
리프팅시술,5,m,2016-08-01,14.51612
리프팅시술,5,m,2016-09-01,2.09677
리프팅시술,5,m,2016-10-01,12.41935
리프팅시술,5,m,2016-11-01,33.54838
리프팅시술,5,m,2016-12-01,22.09677
리프팅시술,5,m,2017-01-01,17.09677
리프팅시술,5,m,2017-02-01,16.6129
리프팅시술,5,m,2017-03-01,12.90322
리프팅시술,5,m,2017-04-01,8.70967
리프팅시술,5,m,2017-05-01,5.64516
리프팅시술,5,m,2017-06-01,12.41935
리프팅시술,5,m,2017-07-01,22.58064
리프팅시술,5,m,2017-08-01,22.74193
리프팅시술,5,m,2017-09-01,20.0
리프팅시술,5,m,2017-10-01,13.54838
리프팅시술,5,m,2017-11-01,32.90322
리프팅시술,5,m,2017-12-01,27.09677
리프팅시술,5,m,2018-01-01,13.2258
리프팅시술,5,m,2018-02-01,26.77419
리프팅시술,5,m,2018-03-01,38.06451
리프팅시술,5,m,2018-04-01,74.67741
리프팅시술,5,m,2018-05-01,40.96774
리프팅시술,5,m,2018-06-01,24.8387
리프팅시술,5,m,2018-07-01,34.8387
리프팅시술,5,m,2018-08-01,36.77419
리프팅시술,5,m,2018-09-01,100.0
리프팅시술,5,m,2018-10-01,79.19354
리프팅시술,5,m,2018-11-01,30.0
리프팅시술,5,m,2018-12-01,30.0
리프팅시술,5,m,2019-01-01,28.38709
리프팅시술,5,m,2019-02-01,18.38709
리프팅시술,5,m,2019-03-01,20.32258
리프팅시술,5,m,2019-04-01,20.48387
리프팅시술,5,m,2019-05-01,15.64516
리프팅시술,5,m,2019-06-01,19.8387
리프팅시술,5,m,2019-07-01,17.41935
리프팅시술,5,m,2019-08-01,18.06451
리프팅시술,5,m,2019-09-01,13.70967
리프팅시술,5,m,2019-10-01,19.8387
리프팅시술,5,m,2019-11-01,16.93548
리프팅시술,5,m,2019-12-01,18.2258
리프팅시술,5,m,2020-01-01,25.16129
리프팅시술,5,m,2020-02-01,17.58064
리프팅시술,5,m,2020-03-01,20.32258
리프팅시술,5,m,2020-04-01,15.48387
리프팅시술,5,m,2020-05-01,22.74193
리프팅시술,5,m,2020-06-01,17.09677
리프팅시술,5,m,2020-07-01,13.2258
리프팅시술,5,m,2020-08-01,11.77419
리프팅시술,5,m,2020-09-01,11.77419
리프팅시술,5,m,2020-10-01,12.74193
리프팅시술,5,m,2020-11-01,12.90322
리프팅시술,5,m,2020-12-01,12.41935
리프팅시술,5,m,2021-01-01,15.16129
리프팅시술,5,m,2021-02-01,10.0
리프팅시술,5,m,2021-03-01,13.70967
리프팅시술,5,m,2021-04-01,12.58064
리프팅시술,5,m,2021-05-01,15.32258
리프팅시술,5,m,2021-06-01,14.51612
리프팅시술,5,m,2021-07-01,13.87096
리프팅시술,5,m,2021-08-01,12.25806
리프팅시술,5,m,2021-09-01,14.67741
리프팅시술,5,m,2021-10-01,13.38709
리프팅시술,5,m,2021-11-01,14.8387
리프팅시술,5,m,2021-12-01,16.93548
리프팅시술,5,m,2022-01-01,17.58064
리프팅시술,5,m,2022-02-01,15.80645
리프팅시술,5,m,2022-03-01,15.48387
리프팅시술,5,m,2022-04-01,15.16129
리프팅시술,5,m,2022-05-01,15.16129
리프팅시술,5,m,2022-06-01,20.48387
리프팅시술,5,m,2022-07-01,18.70967
리프팅시술,5,m,2022-08-01,14.19354
리프팅시술,5,m,2022-09-01,17.74193
리프팅시술,5,m,2022-10-01,16.12903
리프팅시술,5,m,2022-11-01,27.25806
리프팅시술,5,m,2022-12-01,19.51612
리프팅시술,5,m,2023-01-01,22.09677
리프팅시술,5,m,2023-02-01,25.96774
리프팅시술,5,m,2023-03-01,23.54838
리프팅시술,5,m,2023-04-01,19.8387
리프팅시술,5,m,2023-05-01,20.16129
리프팅시술,5,m,2023-06-01,17.74193
리프팅시술,5,m,2023-07-01,18.38709
리프팅시술,5,m,2023-08-01,22.25806
리프팅시술,5,m,2023-09-01,15.0
리프팅시술,5,m,2023-10-01,17.25806
리프팅시술,5,m,2023-11-01,17.90322
리프팅시술,5,m,2023-12-01,20.32258
리프팅시술,5,m,2024-01-01,20.64516
리프팅시술,5,m,2024-02-01,24.03225
리프팅시술,5,m,2024-03-01,23.06451
리프팅시술,5,m,2024-04-01,26.12903
리프팅시술,5,m,2024-05-01,41.6129
리프팅시술,5,m,2024-06-01,31.45161
리프팅시술,5,m,2024-07-01,25.80645
리프팅시술,5,m,2024-08-01,20.80645
리프팅시술,5,m,2024-09-01,17.58064
리프팅시술,5,m,2024-10-01,18.2258
리프팅시술,5,m,2024-11-01,21.6129
리프팅시술,5,m,2024-12-01,23.54838
리프팅시술,5,m,2025-01-01,22.90322
리프팅시술,5,m,2025-02-01,23.06451
리프팅시술,5,m,2025-03-01,26.6129
리프팅시술,5,m,2025-04-01,26.12903
리프팅시술,5,m,2025-05-01,22.90322
리프팅시술,5,m,2025-06-01,21.93548
리프팅시술,5,m,2025-07-01,20.96774
리프팅시술,5,m,2025-08-01,16.29032
리프팅시술,5,m,2025-09-01,22.58064
리프팅시술,5,m,2025-10-01,24.19354
리프팅시술,5,m,2025-11-01,28.38709
리프팅시술,5,m,2025-12-01,21.29032
리프팅시술,6,all,2016-01-01,9.15141
리프팅시술,6,all,2016-02-01,13.69938
리프팅시술,6,all,2016-03-01,13.75485
리프팅시술,6,all,2016-04-01,61.12035
리프팅시술,6,all,2016-05-01,20.41042
리프팅시술,6,all,2016-06-01,12.20188
리프팅시술,6,all,2016-07-01,15.91791
리프팅시술,6,all,2016-08-01,34.44259
리프팅시술,6,all,2016-09-01,8.09761
리프팅시술,6,all,2016-10-01,24.07099
리프팅시술,6,all,2016-11-01,39.15696
리프팅시술,6,all,2016-12-01,26.28951
리프팅시술,6,all,2017-01-01,32.83416
리프팅시술,6,all,2017-02-01,39.15696
리프팅시술,6,all,2017-03-01,28.34165
리프팅시술,6,all,2017-04-01,20.18857
리프팅시술,6,all,2017-05-01,15.4742
리프팅시술,6,all,2017-06-01,26.4559
리프팅시술,6,all,2017-07-01,32.11314
리프팅시술,6,all,2017-08-01,26.56683
리프팅시술,6,all,2017-09-01,27.39877
리프팅시술,6,all,2017-10-01,28.45257
리프팅시술,6,all,2017-11-01,67.38768
리프팅시술,6,all,2017-12-01,53.41098
리프팅시술,6,all,2018-01-01,27.62063
리프팅시술,6,all,2018-02-01,32.72323
리프팅시술,6,all,2018-03-01,47.75374
리프팅시술,6,all,2018-04-01,89.68386
리프팅시술,6,all,2018-05-01,100.0
리프팅시술,6,all,2018-06-01,69.55074
리프팅시술,6,all,2018-07-01,48.91846
리프팅시술,6,all,2018-08-01,51.46977
리프팅시술,6,all,2018-09-01,58.01442
리프팅시술,6,all,2018-10-01,65.00277
리프팅시술,6,all,2018-11-01,47.92013
리프팅시술,6,all,2018-12-01,45.75707
리프팅시술,6,all,2019-01-01,59.8447
리프팅시술,6,all,2019-02-01,47.42096
리프팅시술,6,all,2019-03-01,48.64115
리프팅시술,6,all,2019-04-01,44.86966
리프팅시술,6,all,2019-05-01,35.77371
리프팅시술,6,all,2019-06-01,34.16528
리프팅시술,6,all,2019-07-01,37.38214
리프팅시술,6,all,2019-08-01,34.99722
리프팅시술,6,all,2019-09-01,34.94176
리프팅시술,6,all,2019-10-01,39.82251
리프팅시술,6,all,2019-11-01,46.97726
리프팅시술,6,all,2019-12-01,45.75707
리프팅시술,6,all,2020-01-01,52.24625
리프팅시술,6,all,2020-02-01,39.21242
리프팅시술,6,all,2020-03-01,33.27787
리프팅시술,6,all,2020-04-01,41.20909
리프팅시술,6,all,2020-05-01,39.48973
리프팅시술,6,all,2020-06-01,31.89129
리프팅시술,6,all,2020-07-01,38.54686
리프팅시술,6,all,2020-08-01,33.2224
리프팅시술,6,all,2020-09-01,34.2762
리프팅시술,6,all,2020-10-01,34.77537
리프팅시술,6,all,2020-11-01,30.78202
리프팅시술,6,all,2020-12-01,33.44425
리프팅시술,6,all,2021-01-01,38.54686
리프팅시술,6,all,2021-02-01,29.67276
리프팅시술,6,all,2021-03-01,37.49306
리프팅시술,6,all,2021-04-01,30.72656
리프팅시술,6,all,2021-05-01,34.66444
리프팅시술,6,all,2021-06-01,31.33666
리프팅시술,6,all,2021-07-01,32.44592
리프팅시술,6,all,2021-08-01,32.7787
리프팅시술,6,all,2021-09-01,35.16361
리프팅시술,6,all,2021-10-01,34.99722
리프팅시술,6,all,2021-11-01,39.9889
리프팅시술,6,all,2021-12-01,39.37881
리프팅시술,6,all,2022-01-01,41.37548
리프팅시술,6,all,2022-02-01,37.82584
리프팅시술,6,all,2022-03-01,36.93843
리프팅시술,6,all,2022-04-01,38.38047
리프팅시술,6,all,2022-05-01,43.03937
리프팅시술,6,all,2022-06-01,34.10981
리프팅시술,6,all,2022-07-01,34.8863
리프팅시술,6,all,2022-08-01,31.7249
리프팅시술,6,all,2022-09-01,33.55518
리프팅시술,6,all,2022-10-01,35.82917
리프팅시술,6,all,2022-11-01,68.1087
리프팅시술,6,all,2022-12-01,44.14864
리프팅시술,6,all,2023-01-01,43.64947
리프팅시술,6,all,2023-02-01,48.4193
리프팅시술,6,all,2023-03-01,46.7554
리프팅시술,6,all,2023-04-01,46.7554
리프팅시술,6,all,2023-05-01,40.43261
리프팅시술,6,all,2023-06-01,38.87964
리프팅시술,6,all,2023-07-01,35.49639
리프팅시술,6,all,2023-08-01,37.77038
리프팅시술,6,all,2023-09-01,33.44425
리프팅시술,6,all,2023-10-01,33.00055
리프팅시술,6,all,2023-11-01,30.83749
리프팅시술,6,all,2023-12-01,35.05268
리프팅시술,6,all,2024-01-01,42.98391
리프팅시술,6,all,2024-02-01,36.77204
리프팅시술,6,all,2024-03-01,39.15696
리프팅시술,6,all,2024-04-01,38.60232
리프팅시술,6,all,2024-05-01,35.21907
리프팅시술,6,all,2024-06-01,31.22573
리프팅시술,6,all,2024-07-01,31.39212
리프팅시술,6,all,2024-08-01,28.89628
리프팅시술,6,all,2024-09-01,27.73155
리프팅시술,6,all,2024-10-01,35.21907
리프팅시술,6,all,2024-11-01,40.37714
리프팅시술,6,all,2024-12-01,40.87631
리프팅시술,6,all,2025-01-01,43.98225
리프팅시술,6,all,2025-02-01,36.77204
리프팅시술,6,all,2025-03-01,42.59567
리프팅시술,6,all,2025-04-01,40.54353
리프팅시술,6,all,2025-05-01,36.27287
리프팅시술,6,all,2025-06-01,35.71824
리프팅시술,6,all,2025-07-01,30.78202
리프팅시술,6,all,2025-08-01,39.82251
리프팅시술,6,all,2025-09-01,39.04603
리프팅시술,6,all,2025-10-01,39.60066
리프팅시술,6,all,2025-11-01,37.54853
리프팅시술,6,all,2025-12-01,42.26289
리프팅시술,6,f,2016-01-01,9.62914
리프팅시술,6,f,2016-02-01,13.40273
리프팅시술,6,f,2016-03-01,13.85816
리프팅시술,6,f,2016-04-01,62.8497
리프팅시술,6,f,2016-05-01,20.68965
리프팅시술,6,f,2016-06-01,12.23162
리프팅시술,6,f,2016-07-01,16.20039
리프팅시술,6,f,2016-08-01,34.54782
리프팅시술,6,f,2016-09-01,7.93754
리프팅시술,6,f,2016-10-01,23.61743
리프팅시술,6,f,2016-11-01,34.67794
리프팅시술,6,f,2016-12-01,22.83669
리프팅시술,6,f,2017-01-01,31.55497
리프팅시술,6,f,2017-02-01,38.84189
리프팅시술,6,f,2017-03-01,28.17176
리프팅시술,6,f,2017-04-01,20.55953
리프팅시술,6,f,2017-05-01,14.6389
리프팅시술,6,f,2017-06-01,25.82953
리프팅시술,6,f,2017-07-01,32.07547
리프팅시술,6,f,2017-08-01,24.33311
리프팅시술,6,f,2017-09-01,25.63435
리프팅시술,6,f,2017-10-01,28.56213
리프팅시술,6,f,2017-11-01,66.23292
리프팅시술,6,f,2017-12-01,48.73129
리프팅시술,6,f,2018-01-01,26.41509
리프팅시술,6,f,2018-02-01,28.49707
리프팅시술,6,f,2018-03-01,43.33116
리프팅시술,6,f,2018-04-01,75.99219
리프팅시술,6,f,2018-05-01,100.0
리프팅시술,6,f,2018-06-01,70.0065
리프팅시술,6,f,2018-07-01,46.45413
리프팅시술,6,f,2018-08-01,49.0566
리프팅시술,6,f,2018-09-01,48.01561
리프팅시술,6,f,2018-10-01,45.93363
리프팅시술,6,f,2018-11-01,45.08783
리프팅시술,6,f,2018-12-01,42.94079
리프팅시술,6,f,2019-01-01,60.96291
리프팅시술,6,f,2019-02-01,47.36499
리프팅시술,6,f,2019-03-01,49.57709
리프팅시술,6,f,2019-04-01,44.50227
리프팅시술,6,f,2019-05-01,35.00325
리프팅시술,6,f,2019-06-01,34.28757
리프팅시술,6,f,2019-07-01,35.78399
리프팅시술,6,f,2019-08-01,34.02732
리프팅시술,6,f,2019-09-01,35.19843
리프팅시술,6,f,2019-10-01,39.10214
리프팅시술,6,f,2019-11-01,47.03968
리프팅시술,6,f,2019-12-01,46.38906
리프팅시술,6,f,2020-01-01,53.67599
리프팅시술,6,f,2020-02-01,39.49251
리프팅시술,6,f,2020-03-01,34.09238
리프팅시술,6,f,2020-04-01,42.42029
리프팅시술,6,f,2020-05-01,40.79375
리프팅시술,6,f,2020-06-01,30.64411
리프팅시술,6,f,2020-07-01,38.77683
리프팅시술,6,f,2020-08-01,33.83214
리프팅시술,6,f,2020-09-01,35.71893
리프팅시술,6,f,2020-10-01,36.1093
리프팅시술,6,f,2020-11-01,31.22966
리프팅시술,6,f,2020-12-01,32.59596
리프팅시술,6,f,2021-01-01,37.15029
리프팅시술,6,f,2021-02-01,29.21275
리프팅시술,6,f,2021-03-01,37.41054
리프팅시술,6,f,2021-04-01,30.70917
리프팅시술,6,f,2021-05-01,34.87312
리프팅시술,6,f,2021-06-01,31.6851
리프팅시술,6,f,2021-07-01,32.59596
리프팅시술,6,f,2021-08-01,33.57189
리프팅시술,6,f,2021-09-01,34.61288
리프팅시술,6,f,2021-10-01,36.89004
리프팅시술,6,f,2021-11-01,40.46844
리프팅시술,6,f,2021-12-01,40.59856
리프팅시술,6,f,2022-01-01,42.68054
리프팅시술,6,f,2022-02-01,38.71177
리프팅시술,6,f,2022-03-01,37.28041
리프팅시술,6,f,2022-04-01,38.51659
리프팅시술,6,f,2022-05-01,43.59141
리프팅시술,6,f,2022-06-01,33.83214
리프팅시술,6,f,2022-07-01,34.61288
리프팅시술,6,f,2022-08-01,31.03448
리프팅시술,6,f,2022-09-01,34.09238
리프팅시술,6,f,2022-10-01,35.91411
리프팅시술,6,f,2022-11-01,69.87638
리프팅시술,6,f,2022-12-01,45.4782
리프팅시술,6,f,2023-01-01,43.59141
리프팅시술,6,f,2023-02-01,46.97462
리프팅시술,6,f,2023-03-01,46.64931
리프팅시술,6,f,2023-04-01,46.64931
리프팅시술,6,f,2023-05-01,41.31424
리프팅시술,6,f,2023-06-01,37.73584
리프팅시술,6,f,2023-07-01,35.06831
리프팅시술,6,f,2023-08-01,36.43461
리프팅시술,6,f,2023-09-01,33.3767
리프팅시술,6,f,2023-10-01,33.50683
리프팅시술,6,f,2023-11-01,30.77423
리프팅시술,6,f,2023-12-01,34.02732
리프팅시술,6,f,2024-01-01,42.7456
리프팅시술,6,f,2024-02-01,35.78399
리프팅시술,6,f,2024-03-01,39.36239
리프팅시술,6,f,2024-04-01,37.21535
리프팅시술,6,f,2024-05-01,33.70201
리프팅시술,6,f,2024-06-01,29.53806
리프팅시술,6,f,2024-07-01,30.12361
리프팅시술,6,f,2024-08-01,27.00065
리프팅시술,6,f,2024-09-01,27.19583
리프팅시술,6,f,2024-10-01,35.5888
리프팅시술,6,f,2024-11-01,40.07807
리프팅시술,6,f,2024-12-01,39.81782
리프팅시술,6,f,2025-01-01,42.42029
리프팅시술,6,f,2025-02-01,35.91411
리프팅시술,6,f,2025-03-01,39.88288
리프팅시술,6,f,2025-04-01,37.80091
리프팅시술,6,f,2025-05-01,35.06831
리프팅시술,6,f,2025-06-01,30.44892
리프팅시술,6,f,2025-07-01,27.5862
리프팅시술,6,f,2025-08-01,34.80806
리프팅시술,6,f,2025-09-01,36.49967
리프팅시술,6,f,2025-10-01,38.64671
리프팅시술,6,f,2025-11-01,36.43461
리프팅시술,6,f,2025-12-01,40.27325
리프팅시술,6,m,2016-01-01,3.64806
리프팅시술,6,m,2016-02-01,8.79828
리프팅시술,6,m,2016-03-01,7.51072
리프팅시술,6,m,2016-04-01,29.18454
리프팅시술,6,m,2016-05-01,10.72961
리프팅시술,6,m,2016-06-01,6.86695
리프팅시술,6,m,2016-07-01,8.1545
리프팅시술,6,m,2016-08-01,19.3133
리프팅시술,6,m,2016-09-01,5.15021
리프팅시술,6,m,2016-10-01,15.23605
리프팅시술,6,m,2016-11-01,37.12446
리프팅시술,6,m,2016-12-01,26.39484
리프팅시술,6,m,2017-01-01,22.96137
리프팅시술,6,m,2017-02-01,23.39055
리프팅시술,6,m,2017-03-01,16.73819
리프팅시술,6,m,2017-04-01,10.30042
리프팅시술,6,m,2017-05-01,11.58798
리프팅시술,6,m,2017-06-01,17.16738
리프팅시술,6,m,2017-07-01,18.45493
리프팅시술,6,m,2017-08-01,22.53218
리프팅시술,6,m,2017-09-01,21.45922
리프팅시술,6,m,2017-10-01,15.87982
리프팅시술,6,m,2017-11-01,42.27467
리프팅시술,6,m,2017-12-01,45.92274
리프팅시술,6,m,2018-01-01,19.74248
리프팅시술,6,m,2018-02-01,32.61802
리프팅시술,6,m,2018-03-01,41.84549
리프팅시술,6,m,2018-04-01,96.35193
리프팅시술,6,m,2018-05-01,57.08154
리프팅시술,6,m,2018-06-01,38.19742
리프팅시술,6,m,2018-07-01,36.0515
리프팅시술,6,m,2018-08-01,37.33905
리프팅시술,6,m,2018-09-01,66.09442
리프팅시술,6,m,2018-10-01,100.0
리프팅시술,6,m,2018-11-01,36.69527
리프팅시술,6,m,2018-12-01,35.40772
리프팅시술,6,m,2019-01-01,30.4721
리프팅시술,6,m,2019-02-01,27.25321
리프팅시술,6,m,2019-03-01,24.67811
리프팅시술,6,m,2019-04-01,26.82403
리프팅시술,6,m,2019-05-01,22.96137
리프팅시술,6,m,2019-06-01,19.09871
리프팅시술,6,m,2019-07-01,26.60944
리프팅시술,6,m,2019-08-01,23.17596
리프팅시술,6,m,2019-09-01,19.09871
리프팅시술,6,m,2019-10-01,25.10729
리프팅시술,6,m,2019-11-01,26.60944
리프팅시술,6,m,2019-12-01,24.03433
리프팅시술,6,m,2020-01-01,25.10729
리프팅시술,6,m,2020-02-01,21.45922
리프팅시술,6,m,2020-03-01,16.30901
리프팅시술,6,m,2020-04-01,19.52789
리프팅시술,6,m,2020-05-01,18.24034
리프팅시술,6,m,2020-06-01,22.31759
리프팅시술,6,m,2020-07-01,21.24463
리프팅시술,6,m,2020-08-01,16.95278
리프팅시술,6,m,2020-09-01,14.80686
리프팅시술,6,m,2020-10-01,15.45064
리프팅시술,6,m,2020-11-01,16.09442
리프팅시술,6,m,2020-12-01,21.88841
리프팅시술,6,m,2021-01-01,26.60944
리프팅시술,6,m,2021-02-01,18.45493
리프팅시술,6,m,2021-03-01,21.67381
리프팅시술,6,m,2021-04-01,17.59656
리프팅시술,6,m,2021-05-01,19.09871
리프팅시술,6,m,2021-06-01,16.73819
리프팅시술,6,m,2021-07-01,18.02575
리프팅시술,6,m,2021-08-01,16.09442
리프팅시술,6,m,2021-09-01,21.88841
리프팅시술,6,m,2021-10-01,13.7339
리프팅시술,6,m,2021-11-01,21.24463
리프팅시술,6,m,2021-12-01,18.45493
리프팅시술,6,m,2022-01-01,19.3133
리프팅시술,6,m,2022-02-01,18.66952
리프팅시술,6,m,2022-03-01,19.95708
리프팅시술,6,m,2022-04-01,21.45922
리프팅시술,6,m,2022-05-01,22.74678
리프팅시술,6,m,2022-06-01,20.38626
리프팅시술,6,m,2022-07-01,20.81545
리프팅시술,6,m,2022-08-01,20.38626
리프팅시술,6,m,2022-09-01,17.38197
리프팅시술,6,m,2022-10-01,20.17167
리프팅시술,6,m,2022-11-01,33.04721
리프팅시술,6,m,2022-12-01,20.81545
리프팅시술,6,m,2023-01-01,25.10729
리프팅시술,6,m,2023-02-01,32.40343
리프팅시술,6,m,2023-03-01,27.03862
리프팅시술,6,m,2023-04-01,27.03862
리프팅시술,6,m,2023-05-01,20.17167
리프팅시술,6,m,2023-06-01,25.96566
리프팅시술,6,m,2023-07-01,21.67381
리프팅시술,6,m,2023-08-01,25.96566
리프팅시술,6,m,2023-09-01,19.3133
리프팅시술,6,m,2023-10-01,17.16738
리프팅시술,6,m,2023-11-01,17.81115
리프팅시술,6,m,2023-12-01,23.39055
리프팅시술,6,m,2024-01-01,25.32188
리프팅시술,6,m,2024-02-01,24.24892
리프팅시술,6,m,2024-03-01,21.67381
리프팅시술,6,m,2024-04-01,26.60944
리프팅시술,6,m,2024-05-01,25.10729
리프팅시술,6,m,2024-06-01,23.39055
리프팅시술,6,m,2024-07-01,22.103
리프팅시술,6,m,2024-08-01,22.74678
리프팅시술,6,m,2024-09-01,17.59656
리프팅시술,6,m,2024-10-01,18.88412
리프팅시술,6,m,2024-11-01,24.03433
리프팅시술,6,m,2024-12-01,26.82403
리프팅시술,6,m,2025-01-01,30.25751
리프팅시술,6,m,2025-02-01,23.81974
리프팅시술,6,m,2025-03-01,33.2618
리프팅시술,6,m,2025-04-01,32.18884
리프팅시술,6,m,2025-05-01,24.67811
리프팅시술,6,m,2025-06-01,37.76824
리프팅시술,6,m,2025-07-01,28.11158
리프팅시술,6,m,2025-08-01,39.27038
리프팅시술,6,m,2025-09-01,30.68669
리프팅시술,6,m,2025-10-01,25.75107
리프팅시술,6,m,2025-11-01,25.10729
리프팅시술,6,m,2025-12-01,30.68669
리프팅시술,7,all,2016-01-01,7.77005
리프팅시술,7,all,2016-02-01,11.24447
리프팅시술,7,all,2016-03-01,10.42324
리프팅시술,7,all,2016-04-01,50.09475
리프팅시술,7,all,2016-05-01,15.41377
리프팅시술,7,all,2016-06-01,11.24447
리프팅시술,7,all,2016-07-01,10.7391
리프팅시술,7,all,2016-08-01,27.41629
리프팅시술,7,all,2016-09-01,4.92735
리프팅시술,7,all,2016-10-01,20.78332
리프팅시술,7,all,2016-11-01,35.24952
리프팅시술,7,all,2016-12-01,20.40429
리프팅시술,7,all,2017-01-01,28.67972
리프팅시술,7,all,2017-02-01,32.2173
리프팅시술,7,all,2017-03-01,28.36386
리프팅시술,7,all,2017-04-01,15.16108
리프팅시술,7,all,2017-05-01,12.06569
리프팅시술,7,all,2017-06-01,21.98357
리프팅시술,7,all,2017-07-01,26.59507
리프팅시술,7,all,2017-08-01,23.49968
리프팅시술,7,all,2017-09-01,23.12065
리프팅시술,7,all,2017-10-01,23.37334
리프팅시술,7,all,2017-11-01,61.33922
리프팅시술,7,all,2017-12-01,40.24005
리프팅시술,7,all,2018-01-01,22.10991
리프팅시술,7,all,2018-02-01,25.26847
리프팅시술,7,all,2018-03-01,42.19835
리프팅시술,7,all,2018-04-01,74.41566
리프팅시술,7,all,2018-05-01,100.0
리프팅시술,7,all,2018-06-01,65.25584
리프팅시술,7,all,2018-07-01,43.8408
리프팅시술,7,all,2018-08-01,43.8408
리프팅시술,7,all,2018-09-01,54.32722
리프팅시술,7,all,2018-10-01,52.6216
리프팅시술,7,all,2018-11-01,38.09222
리프팅시술,7,all,2018-12-01,33.85975
리프팅시술,7,all,2019-01-01,45.10423
리프팅시술,7,all,2019-02-01,35.31269
리프팅시술,7,all,2019-03-01,38.59759
리프팅시술,7,all,2019-04-01,39.29248
리프팅시술,7,all,2019-05-01,31.83828
리프팅시술,7,all,2019-06-01,31.58559
리프팅시술,7,all,2019-07-01,30.57485
리프팅시술,7,all,2019-08-01,29.05874
리프팅시술,7,all,2019-09-01,27.92166
리프팅시술,7,all,2019-10-01,35.31269
리프팅시술,7,all,2019-11-01,39.6715
리프팅시술,7,all,2019-12-01,43.71446
리프팅시술,7,all,2020-01-01,46.55716
리프팅시술,7,all,2020-02-01,34.36512
리프팅시술,7,all,2020-03-01,33.9861
리프팅시술,7,all,2020-04-01,46.30448
리프팅시술,7,all,2020-05-01,41.8825
리프팅시술,7,all,2020-06-01,31.08022
리프팅시술,7,all,2020-07-01,34.93367
리프팅시술,7,all,2020-08-01,34.36512
리프팅시술,7,all,2020-09-01,32.97536
리프팅시술,7,all,2020-10-01,37.58686
리프팅시술,7,all,2020-11-01,41.31396
리프팅시술,7,all,2020-12-01,33.60707
리프팅시술,7,all,2021-01-01,51.04232
리프팅시술,7,all,2021-02-01,43.52495
리프팅시술,7,all,2021-03-01,45.54643
리프팅시술,7,all,2021-04-01,38.78711
리프팅시술,7,all,2021-05-01,39.92419
리프팅시술,7,all,2021-06-01,43.08275
리프팅시술,7,all,2021-07-01,36.3866
리프팅시술,7,all,2021-08-01,35.81806
리프팅시술,7,all,2021-09-01,47.44156
리프팅시술,7,all,2021-10-01,45.92545
리프팅시술,7,all,2021-11-01,53.88502
리프팅시술,7,all,2021-12-01,45.54643
리프팅시술,7,all,2022-01-01,53.82185
리프팅시술,7,all,2022-02-01,50.34744
리프팅시술,7,all,2022-03-01,52.49526
리프팅시술,7,all,2022-04-01,54.45356
리프팅시술,7,all,2022-05-01,56.22236
리프팅시술,7,all,2022-06-01,45.6096
리프팅시술,7,all,2022-07-01,43.20909
리프팅시술,7,all,2022-08-01,39.6715
리프팅시술,7,all,2022-09-01,44.283
리프팅시술,7,all,2022-10-01,45.86228
리프팅시술,7,all,2022-11-01,81.36449
리프팅시술,7,all,2022-12-01,50.97915
리프팅시술,7,all,2023-01-01,63.8029
리프팅시술,7,all,2023-02-01,68.16171
리프팅시술,7,all,2023-03-01,61.84459
리프팅시술,7,all,2023-04-01,60.77068
리프팅시술,7,all,2023-05-01,60.01263
리프팅시술,7,all,2023-06-01,54.26405
리프팅시술,7,all,2023-07-01,43.96715
리프팅시술,7,all,2023-08-01,52.6216
리프팅시술,7,all,2023-09-01,47.94693
리프팅시술,7,all,2023-10-01,47.88376
리프팅시술,7,all,2023-11-01,42.19835
리프팅시술,7,all,2023-12-01,51.92672
리프팅시술,7,all,2024-01-01,58.62286
리프팅시술,7,all,2024-02-01,51.35818
리프팅시술,7,all,2024-03-01,50.66329
리프팅시술,7,all,2024-04-01,55.27479
리프팅시술,7,all,2024-05-01,44.40934
리프팅시술,7,all,2024-06-01,42.38787
리프팅시술,7,all,2024-07-01,46.55716
리프팅시술,7,all,2024-08-01,40.17687
리프팅시술,7,all,2024-09-01,37.20783
리프팅시술,7,all,2024-10-01,45.42008
리프팅시술,7,all,2024-11-01,50.53695
리프팅시술,7,all,2024-12-01,56.03284
리프팅시술,7,all,2025-01-01,59.31775
리프팅시술,7,all,2025-02-01,48.0101
리프팅시술,7,all,2025-03-01,57.42261
리프팅시술,7,all,2025-04-01,58.81238
리프팅시술,7,all,2025-05-01,46.93619
리프팅시술,7,all,2025-06-01,51.23183
리프팅시술,7,all,2025-07-01,38.91345
리프팅시술,7,all,2025-08-01,50.34744
리프팅시술,7,all,2025-09-01,54.07454
리프팅시술,7,all,2025-10-01,46.80985
리프팅시술,7,all,2025-11-01,50.22109
리프팅시술,7,all,2025-12-01,56.3487
리프팅시술,7,f,2016-01-01,7.41839
리프팅시술,7,f,2016-02-01,11.42433
리프팅시술,7,f,2016-03-01,10.6083
리프팅시술,7,f,2016-04-01,50.81602
리프팅시술,7,f,2016-05-01,15.80118
리프팅시술,7,f,2016-06-01,10.38575
리프팅시술,7,f,2016-07-01,10.83086
리프팅시술,7,f,2016-08-01,27.52225
리프팅시술,7,f,2016-09-01,5.04451
리프팅시술,7,f,2016-10-01,21.7359
리프팅시술,7,f,2016-11-01,29.30267
리프팅시술,7,f,2016-12-01,17.21068
리프팅시술,7,f,2017-01-01,28.63501
리프팅시술,7,f,2017-02-01,31.75074
리프팅시술,7,f,2017-03-01,28.11572
리프팅시술,7,f,2017-04-01,14.54005
리프팅시술,7,f,2017-05-01,11.86943
리프팅시술,7,f,2017-06-01,20.25222
리프팅시술,7,f,2017-07-01,26.48367
리프팅시술,7,f,2017-08-01,22.10682
리프팅시술,7,f,2017-09-01,20.40059
리프팅시술,7,f,2017-10-01,23.29376
리프팅시술,7,f,2017-11-01,63.20474
리프팅시술,7,f,2017-12-01,37.68545
리프팅시술,7,f,2018-01-01,18.32344
리프팅시술,7,f,2018-02-01,22.77448
리프팅시술,7,f,2018-03-01,39.76261
리프팅시술,7,f,2018-04-01,65.94955
리프팅시술,7,f,2018-05-01,100.0
리프팅시술,7,f,2018-06-01,66.83976
리프팅시술,7,f,2018-07-01,41.76557
리프팅시술,7,f,2018-08-01,42.35905
리프팅시술,7,f,2018-09-01,45.17804
리프팅시술,7,f,2018-10-01,40.65281
리프팅시술,7,f,2018-11-01,36.12759
리프팅시술,7,f,2018-12-01,33.90207
리프팅시술,7,f,2019-01-01,45.54896
리프팅시술,7,f,2019-02-01,37.4629
리프팅시술,7,f,2019-03-01,39.24332
리프팅시술,7,f,2019-04-01,41.09792
리프팅시술,7,f,2019-05-01,32.93768
리프팅시술,7,f,2019-06-01,31.75074
리프팅시술,7,f,2019-07-01,28.85756
리프팅시술,7,f,2019-08-01,29.30267
리프팅시술,7,f,2019-09-01,28.78338
리프팅시술,7,f,2019-10-01,36.72106
리프팅시술,7,f,2019-11-01,40.65281
리프팅시술,7,f,2019-12-01,42.50741
리프팅시술,7,f,2020-01-01,47.99703
리프팅시술,7,f,2020-02-01,35.45994
리프팅시술,7,f,2020-03-01,35.23738
리프팅시술,7,f,2020-04-01,48.88724
리프팅시술,7,f,2020-05-01,43.0267
리프팅시술,7,f,2020-06-01,31.23145
리프팅시술,7,f,2020-07-01,35.75667
리프팅시술,7,f,2020-08-01,37.24035
리프팅시술,7,f,2020-09-01,35.08902
리프팅시술,7,f,2020-10-01,39.46587
리프팅시술,7,f,2020-11-01,43.62017
리프팅시술,7,f,2020-12-01,34.56973
리프팅시술,7,f,2021-01-01,52.7448
리프팅시술,7,f,2021-02-01,45.02967
리프팅시술,7,f,2021-03-01,47.55192
리프팅시술,7,f,2021-04-01,40.57863
리프팅시술,7,f,2021-05-01,41.02373
리프팅시술,7,f,2021-06-01,44.58456
리프팅시술,7,f,2021-07-01,37.09198
리프팅시술,7,f,2021-08-01,36.64688
리프팅시술,7,f,2021-09-01,49.48071
리프팅시술,7,f,2021-10-01,48.88724
리프팅시술,7,f,2021-11-01,56.23145
리프팅시술,7,f,2021-12-01,47.99703
리프팅시술,7,f,2022-01-01,56.30563
리프팅시술,7,f,2022-02-01,52.44807
리프팅시술,7,f,2022-03-01,54.52522
리프팅시술,7,f,2022-04-01,55.26706
리프팅시술,7,f,2022-05-01,56.60237
리프팅시술,7,f,2022-06-01,47.55192
리프팅시술,7,f,2022-07-01,44.65875
리프팅시술,7,f,2022-08-01,39.83679
리프팅시술,7,f,2022-09-01,45.17804
리프팅시술,7,f,2022-10-01,48.36795
리프팅시술,7,f,2022-11-01,83.7537
리프팅시술,7,f,2022-12-01,52.59643
리프팅시술,7,f,2023-01-01,65.727
리프팅시술,7,f,2023-02-01,70.62314
리프팅시술,7,f,2023-03-01,65.65281
리프팅시술,7,f,2023-04-01,63.42729
리프팅시술,7,f,2023-05-01,61.64688
리프팅시술,7,f,2023-06-01,54.22848
리프팅시술,7,f,2023-07-01,44.28783
리프팅시술,7,f,2023-08-01,51.40949
리프팅시술,7,f,2023-09-01,46.36498
리프팅시술,7,f,2023-10-01,49.92581
리프팅시술,7,f,2023-11-01,42.35905
리프팅시술,7,f,2023-12-01,52.52225
리프팅시술,7,f,2024-01-01,60.23738
리프팅시술,7,f,2024-02-01,51.48367
리프팅시술,7,f,2024-03-01,52.07715
리프팅시술,7,f,2024-04-01,53.85756
리프팅시술,7,f,2024-05-01,44.80712
리프팅시술,7,f,2024-06-01,42.06231
리프팅시술,7,f,2024-07-01,43.17507
리프팅시술,7,f,2024-08-01,39.76261
리프팅시술,7,f,2024-09-01,38.35311
리프팅시술,7,f,2024-10-01,45.02967
리프팅시술,7,f,2024-11-01,50.29673
리프팅시술,7,f,2024-12-01,52.2997
리프팅시술,7,f,2025-01-01,60.45994
리프팅시술,7,f,2025-02-01,49.18397
리프팅시술,7,f,2025-03-01,54.5994
리프팅시술,7,f,2025-04-01,58.23442
리프팅시술,7,f,2025-05-01,47.181
리프팅시술,7,f,2025-06-01,46.88427
리프팅시술,7,f,2025-07-01,38.57566
리프팅시술,7,f,2025-08-01,51.26112
리프팅시술,7,f,2025-09-01,54.82195
리프팅시술,7,f,2025-10-01,46.51335
리프팅시술,7,f,2025-11-01,50.81602
리프팅시술,7,f,2025-12-01,57.19584
리프팅시술,7,m,2016-01-01,7.95847
리프팅시술,7,m,2016-02-01,8.30449
리프팅시술,7,m,2016-03-01,7.61245
리프팅시술,7,m,2016-04-01,37.37024
리프팅시술,7,m,2016-05-01,10.72664
리프팅시술,7,m,2016-06-01,13.14878
리프팅시술,7,m,2016-07-01,8.30449
리프팅시술,7,m,2016-08-01,21.7993
리프팅시술,7,m,2016-09-01,3.4602
리프팅시술,7,m,2016-10-01,12.45674
리프팅시술,7,m,2016-11-01,56.40138
리프팅시술,7,m,2016-12-01,31.48788
리프팅시술,7,m,2017-01-01,23.52941
리프팅시술,7,m,2017-02-01,28.3737
리프팅시술,7,m,2017-03-01,24.22145
리프팅시술,7,m,2017-04-01,15.22491
리프팅시술,7,m,2017-05-01,10.72664
리프팅시술,7,m,2017-06-01,25.95155
리프팅시술,7,m,2017-07-01,22.14532
리프팅시술,7,m,2017-08-01,25.60553
리프팅시술,7,m,2017-09-01,31.48788
리프팅시술,7,m,2017-10-01,19.37716
리프팅시술,7,m,2017-11-01,41.17647
리프팅시술,7,m,2017-12-01,44.63667
리프팅시술,7,m,2018-01-01,35.64013
리프팅시술,7,m,2018-02-01,32.17993
리프팅시술,7,m,2018-03-01,45.67474
리프팅시술,7,m,2018-04-01,100.0
리프팅시술,7,m,2018-05-01,81.31487
리프팅시술,7,m,2018-06-01,45.67474
리프팅시술,7,m,2018-07-01,45.32871
리프팅시술,7,m,2018-08-01,42.56055
리프팅시술,7,m,2018-09-01,86.85121
리프팅시술,7,m,2018-10-01,98.61591
리프팅시술,7,m,2018-11-01,40.1384
리프팅시술,7,m,2018-12-01,27.33564
리프팅시술,7,m,2019-01-01,34.60207
리프팅시술,7,m,2019-02-01,18.68512
리프팅시술,7,m,2019-03-01,28.3737
리프팅시술,7,m,2019-04-01,23.52941
리프팅시술,7,m,2019-05-01,20.76124
리프팅시술,7,m,2019-06-01,24.91349
리프팅시술,7,m,2019-07-01,32.87197
리프팅시술,7,m,2019-08-01,22.49134
리프팅시술,7,m,2019-09-01,18.68512
리프팅시술,7,m,2019-10-01,22.14532
리프팅시술,7,m,2019-11-01,27.68166
리프팅시술,7,m,2019-12-01,41.17647
리프팅시술,7,m,2020-01-01,31.14186
리프팅시술,7,m,2020-02-01,22.83737
리프팅시술,7,m,2020-03-01,21.7993
리프팅시술,7,m,2020-04-01,25.60553
리프팅시술,7,m,2020-05-01,28.71972
리프팅시술,7,m,2020-06-01,24.56747
리프팅시술,7,m,2020-07-01,24.56747
리프팅시술,7,m,2020-08-01,14.53287
리프팅시술,7,m,2020-09-01,16.95501
리프팅시술,7,m,2020-10-01,21.7993
리프팅시술,7,m,2020-11-01,22.83737
리프팅시술,7,m,2020-12-01,22.83737
리프팅시술,7,m,2021-01-01,33.56401
리프팅시술,7,m,2021-02-01,28.3737
리프팅시술,7,m,2021-03-01,27.68166
리프팅시술,7,m,2021-04-01,23.18339
리프팅시술,7,m,2021-05-01,27.33564
리프팅시술,7,m,2021-06-01,28.02768
리프팅시술,7,m,2021-07-01,26.29757
리프팅시술,7,m,2021-08-01,25.25951
리프팅시술,7,m,2021-09-01,29.06574
리프팅시술,7,m,2021-10-01,23.52941
리프팅시술,7,m,2021-11-01,32.87197
리프팅시술,7,m,2021-12-01,25.60553
리프팅시술,7,m,2022-01-01,32.17993
리프팅시술,7,m,2022-02-01,31.14186
리프팅시술,7,m,2022-03-01,33.21799
리프팅시술,7,m,2022-04-01,40.48442
리프팅시술,7,m,2022-05-01,43.94463
리프팅시술,7,m,2022-06-01,28.02768
리프팅시술,7,m,2022-07-01,28.3737
리프팅시술,7,m,2022-08-01,31.48788
리프팅시술,7,m,2022-09-01,31.83391
리프팅시술,7,m,2022-10-01,25.60553
리프팅시술,7,m,2022-11-01,55.0173
리프팅시술,7,m,2022-12-01,33.91003
리프팅시술,7,m,2023-01-01,42.90657
리프팅시술,7,m,2023-02-01,43.94463
리프팅시술,7,m,2023-03-01,32.52595
리프팅시술,7,m,2023-04-01,37.02422
리프팅시술,7,m,2023-05-01,41.17647
리프팅시술,7,m,2023-06-01,44.29065
리프팅시술,7,m,2023-07-01,34.25605
리프팅시술,7,m,2023-08-01,48.4429
리프팅시술,7,m,2023-09-01,46.36678
리프팅시술,7,m,2023-10-01,29.41176
리프팅시술,7,m,2023-11-01,33.56401
리프팅시술,7,m,2023-12-01,39.44636
리프팅시술,7,m,2024-01-01,40.1384
리프팅시술,7,m,2024-02-01,41.17647
리프팅시술,7,m,2024-03-01,34.60207
리프팅시술,7,m,2024-04-01,51.55709
리프팅시술,7,m,2024-05-01,34.25605
리프팅시술,7,m,2024-06-01,35.98615
리프팅시술,7,m,2024-07-01,53.63321
리프팅시술,7,m,2024-08-01,34.60207
리프팅시술,7,m,2024-09-01,24.91349
리프팅시술,7,m,2024-10-01,38.75432
리프팅시술,7,m,2024-11-01,42.21453
리프팅시술,7,m,2024-12-01,62.97577
리프팅시술,7,m,2025-01-01,42.90657
리프팅시술,7,m,2025-02-01,33.56401
리프팅시술,7,m,2025-03-01,59.86159
리프팅시술,7,m,2025-04-01,50.51903
리프팅시술,7,m,2025-05-01,37.02422
리프팅시술,7,m,2025-06-01,61.93771
리프팅시술,7,m,2025-07-01,33.21799
리프팅시술,7,m,2025-08-01,36.6782
리프팅시술,7,m,2025-09-01,40.48442
리프팅시술,7,m,2025-10-01,39.44636
리프팅시술,7,m,2025-11-01,38.06228
리프팅시술,7,m,2025-12-01,41.86851
리프팅시술,8,all,2016-01-01,4.21422
리프팅시술,8,all,2016-02-01,10.97453
리프팅시술,8,all,2016-03-01,10.00877
리프팅시술,8,all,2016-04-01,45.1273
리프팅시술,8,all,2016-05-01,14.57418
리프팅시술,8,all,2016-06-01,7.55048
리프팅시술,8,all,2016-07-01,8.42844
리프팅시술,8,all,2016-08-01,23.52941
리프팅시술,8,all,2016-09-01,4.30201
리프팅시술,8,all,2016-10-01,13.43283
리프팅시술,8,all,2016-11-01,36.17208
리프팅시술,8,all,2016-12-01,21.3345
리프팅시술,8,all,2017-01-01,27.21685
리프팅시술,8,all,2017-02-01,34.50395
리프팅시술,8,all,2017-03-01,21.3345
리프팅시술,8,all,2017-04-01,14.04741
리프팅시술,8,all,2017-05-01,12.11589
리프팅시술,8,all,2017-06-01,21.86128
리프팅시술,8,all,2017-07-01,28.70939
리프팅시술,8,all,2017-08-01,23.705
리프팅시술,8,all,2017-09-01,23.44161
리프팅시술,8,all,2017-10-01,20.80772
리프팅시술,8,all,2017-11-01,58.91132
리프팅시술,8,all,2017-12-01,34.50395
리프팅시술,8,all,2018-01-01,24.40737
리프팅시술,8,all,2018-02-01,26.51448
리프팅시술,8,all,2018-03-01,52.151
리프팅시술,8,all,2018-04-01,84.72344
리프팅시술,8,all,2018-05-01,100.0
리프팅시술,8,all,2018-06-01,69.97366
리프팅시술,8,all,2018-07-01,44.86391
리프팅시술,8,all,2018-08-01,39.94732
리프팅시술,8,all,2018-09-01,50.57067
리프팅시술,8,all,2018-10-01,53.55575
리프팅시술,8,all,2018-11-01,33.71378
리프팅시술,8,all,2018-12-01,42.40561
리프팅시술,8,all,2019-01-01,53.90693
리프팅시술,8,all,2019-02-01,43.19578
리프팅시술,8,all,2019-03-01,40.03511
리프팅시술,8,all,2019-04-01,43.81035
리프팅시술,8,all,2019-05-01,34.76733
리프팅시술,8,all,2019-06-01,35.11852
리프팅시술,8,all,2019-07-01,32.30904
리프팅시술,8,all,2019-08-01,30.7287
리프팅시술,8,all,2019-09-01,29.76294
리프팅시술,8,all,2019-10-01,42.58121
리프팅시술,8,all,2019-11-01,54.43371
리프팅시술,8,all,2019-12-01,54.78489
리프팅시술,8,all,2020-01-01,56.18964
리프팅시술,8,all,2020-02-01,40.91308
리프팅시술,8,all,2020-03-01,39.15715
리프팅시술,8,all,2020-04-01,58.12115
리프팅시술,8,all,2020-05-01,56.27743
리프팅시술,8,all,2020-06-01,38.80597
리프팅시술,8,all,2020-07-01,42.40561
리프팅시술,8,all,2020-08-01,44.33713
리프팅시술,8,all,2020-09-01,43.28358
리프팅시술,8,all,2020-10-01,44.77611
리프팅시술,8,all,2020-11-01,52.76558
리프팅시술,8,all,2020-12-01,44.33713
리프팅시술,8,all,2021-01-01,65.75943
리프팅시술,8,all,2021-02-01,46.53204
리프팅시술,8,all,2021-03-01,47.5856
리프팅시술,8,all,2021-04-01,45.74187
리프팅시술,8,all,2021-05-01,43.63476
리프팅시술,8,all,2021-06-01,47.67339
리프팅시술,8,all,2021-07-01,45.56628
리프팅시술,8,all,2021-08-01,47.32221
리프팅시술,8,all,2021-09-01,53.99473
리프팅시술,8,all,2021-10-01,53.90693
리프팅시술,8,all,2021-11-01,63.38893
리프팅시술,8,all,2021-12-01,63.30114
리프팅시술,8,all,2022-01-01,71.3784
리프팅시술,8,all,2022-02-01,59.87708
리프팅시술,8,all,2022-03-01,53.11676
리프팅시술,8,all,2022-04-01,57.85776
리프팅시술,8,all,2022-05-01,65.84723
리프팅시술,8,all,2022-06-01,68.65671
리프팅시술,8,all,2022-07-01,51.36084
리프팅시술,8,all,2022-08-01,51.97541
리프팅시술,8,all,2022-09-01,54.6971
리프팅시술,8,all,2022-10-01,59.52589
리프팅시술,8,all,2022-11-01,76.47058
리프팅시술,8,all,2022-12-01,61.45741
리프팅시술,8,all,2023-01-01,63.56453
리프팅시술,8,all,2023-02-01,71.3784
리프팅시술,8,all,2023-03-01,69.71027
리프팅시술,8,all,2023-04-01,68.48112
리프팅시술,8,all,2023-05-01,67.51536
리프팅시술,8,all,2023-06-01,56.9798
리프팅시술,8,all,2023-07-01,54.52151
리프팅시술,8,all,2023-08-01,59.70149
리프팅시술,8,all,2023-09-01,48.55136
리프팅시술,8,all,2023-10-01,50.48287
리프팅시술,8,all,2023-11-01,53.20456
리프팅시술,8,all,2023-12-01,50.48287
리프팅시술,8,all,2024-01-01,59.96488
리프팅시술,8,all,2024-02-01,57.41878
리프팅시술,8,all,2024-03-01,55.75065
리프팅시술,8,all,2024-04-01,64.2669
리프팅시술,8,all,2024-05-01,50.57067
리프팅시술,8,all,2024-06-01,42.31782
리프팅시술,8,all,2024-07-01,45.39069
리프팅시술,8,all,2024-08-01,43.98595
리프팅시술,8,all,2024-09-01,38.27919
리프팅시술,8,all,2024-10-01,50.21949
리프팅시술,8,all,2024-11-01,54.6971
리프팅시술,8,all,2024-12-01,56.9798
리프팅시술,8,all,2025-01-01,64.88147
리프팅시술,8,all,2025-02-01,52.3266
리프팅시술,8,all,2025-03-01,61.63301
리프팅시술,8,all,2025-04-01,70.41264
리프팅시술,8,all,2025-05-01,55.13608
리프팅시술,8,all,2025-06-01,52.76558
리프팅시술,8,all,2025-07-01,47.32221
리프팅시술,8,all,2025-08-01,56.89201
리프팅시술,8,all,2025-09-01,57.59438
리프팅시술,8,all,2025-10-01,54.34591
리프팅시술,8,all,2025-11-01,51.18525
리프팅시술,8,all,2025-12-01,66.28621
리프팅시술,8,f,2016-01-01,4.32033
리프팅시술,8,f,2016-02-01,10.32665
리프팅시술,8,f,2016-03-01,9.79978
리프팅시술,8,f,2016-04-01,45.31085
리프팅시술,8,f,2016-05-01,12.85563
리프팅시술,8,f,2016-06-01,7.58693
리프팅시술,8,f,2016-07-01,8.32455
리프팅시술,8,f,2016-08-01,24.97365
리프팅시술,8,f,2016-09-01,4.53108
리프팅시술,8,f,2016-10-01,12.43414
리프팅시술,8,f,2016-11-01,30.55848
리프팅시술,8,f,2016-12-01,18.75658
리프팅시술,8,f,2017-01-01,26.65964
리프팅시술,8,f,2017-02-01,35.51106
리프팅시술,8,f,2017-03-01,21.9178
리프팅시술,8,f,2017-04-01,12.32876
리프팅시술,8,f,2017-05-01,13.3825
리프팅시술,8,f,2017-06-01,20.86406
리프팅시술,8,f,2017-07-01,28.76712
리프팅시술,8,f,2017-08-01,21.07481
리프팅시술,8,f,2017-09-01,23.39304
리프팅시술,8,f,2017-10-01,20.65331
리프팅시술,8,f,2017-11-01,59.64172
리프팅시술,8,f,2017-12-01,33.7197
리프팅시술,8,f,2018-01-01,23.39304
리프팅시술,8,f,2018-02-01,24.7629
리프팅시술,8,f,2018-03-01,52.37091
리프팅시술,8,f,2018-04-01,77.02845
리프팅시술,8,f,2018-05-01,100.0
리프팅시술,8,f,2018-06-01,70.81138
리프팅시술,8,f,2018-07-01,45.41622
리프팅시술,8,f,2018-08-01,38.9884
리프팅시술,8,f,2018-09-01,44.6786
리프팅시술,8,f,2018-10-01,47.10221
리프팅시술,8,f,2018-11-01,33.40358
리프팅시술,8,f,2018-12-01,43.20337
리프팅시술,8,f,2019-01-01,56.26975
리프팅시술,8,f,2019-02-01,45.62697
리프팅시술,8,f,2019-03-01,42.04425
리프팅시술,8,f,2019-04-01,48.15595
리프팅시술,8,f,2019-05-01,36.45943
리프팅시술,8,f,2019-06-01,37.40779
리프팅시술,8,f,2019-07-01,32.56059
리프팅시술,8,f,2019-08-01,32.87671
리프팅시술,8,f,2019-09-01,32.13909
리프팅시술,8,f,2019-10-01,46.78609
리프팅시술,8,f,2019-11-01,59.00948
리프팅시술,8,f,2019-12-01,59.95785
리프팅시술,8,f,2020-01-01,60.69546
리프팅시술,8,f,2020-02-01,43.94099
리프팅시술,8,f,2020-03-01,41.72813
리프팅시술,8,f,2020-04-01,62.38145
리프팅시술,8,f,2020-05-01,58.58798
리프팅시술,8,f,2020-06-01,41.93888
리프팅시술,8,f,2020-07-01,44.88935
리프팅시술,8,f,2020-08-01,48.3667
리프팅시술,8,f,2020-09-01,47.62908
리프팅시술,8,f,2020-10-01,48.68282
리프팅시술,8,f,2020-11-01,57.21812
리프팅시술,8,f,2020-12-01,48.15595
리프팅시술,8,f,2021-01-01,68.80927
리프팅시술,8,f,2021-02-01,51.31717
리프팅시술,8,f,2021-03-01,50.15806
리프팅시술,8,f,2021-04-01,49.52581
리프팅시술,8,f,2021-05-01,46.36459
리프팅시술,8,f,2021-06-01,51.31717
리프팅시술,8,f,2021-07-01,49.20969
리프팅시술,8,f,2021-08-01,51.31717
리프팅시술,8,f,2021-09-01,58.27186
리프팅시술,8,f,2021-10-01,56.58587
리프팅시술,8,f,2021-11-01,68.17702
리프팅시술,8,f,2021-12-01,67.96628
리프팅시술,8,f,2022-01-01,76.71232
리프팅시술,8,f,2022-02-01,61.11696
리프팅시술,8,f,2022-03-01,53.95152
리프팅시술,8,f,2022-04-01,59.85247
리프팅시술,8,f,2022-05-01,71.02212
리프팅시술,8,f,2022-06-01,72.81348
리프팅시술,8,f,2022-07-01,55.53213
리프팅시술,8,f,2022-08-01,54.47839
리프팅시술,8,f,2022-09-01,58.06111
리프팅시술,8,f,2022-10-01,62.90832
리프팅시술,8,f,2022-11-01,77.97681
리프팅시술,8,f,2022-12-01,64.80505
리프팅시술,8,f,2023-01-01,66.49104
리프팅시술,8,f,2023-02-01,76.18545
리프팅시술,8,f,2023-03-01,74.71022
리프팅시술,8,f,2023-04-01,70.81138
리프팅시술,8,f,2023-05-01,71.86512
리프팅시술,8,f,2023-06-01,58.69336
리프팅시술,8,f,2023-07-01,55.21601
리프팅시술,8,f,2023-08-01,61.64383
리프팅시술,8,f,2023-09-01,49.10432
리프팅시술,8,f,2023-10-01,53.74077
리프팅시술,8,f,2023-11-01,56.37513
리프팅시술,8,f,2023-12-01,53.2139
리프팅시술,8,f,2024-01-01,62.5922
리프팅시술,8,f,2024-02-01,61.43308
리프팅시술,8,f,2024-03-01,58.69336
리프팅시술,8,f,2024-04-01,68.70389
리프팅시술,8,f,2024-05-01,53.95152
리프팅시술,8,f,2024-06-01,44.36248
리프팅시술,8,f,2024-07-01,45.1001
리프팅시술,8,f,2024-08-01,46.57534
리프팅시술,8,f,2024-09-01,40.77976
리프팅시술,8,f,2024-10-01,53.00316
리프팅시술,8,f,2024-11-01,57.00737
리프팅시술,8,f,2024-12-01,61.22233
리프팅시술,8,f,2025-01-01,67.4394
리프팅시술,8,f,2025-02-01,54.58377
리프팅시술,8,f,2025-03-01,63.75131
리프팅시술,8,f,2025-04-01,71.54899
리프팅시술,8,f,2025-05-01,57.95574
리프팅시술,8,f,2025-06-01,49.63119
리프팅시술,8,f,2025-07-01,47.5237
리프팅시술,8,f,2025-08-01,58.9041
리프팅시술,8,f,2025-09-01,62.90832
리프팅시술,8,f,2025-10-01,55.95363
리프팅시술,8,f,2025-11-01,53.42465
리프팅시술,8,f,2025-12-01,69.65226
리프팅시술,8,m,2016-01-01,2.99145
리프팅시술,8,m,2016-02-01,11.53846
리프팅시술,8,m,2016-03-01,8.97435
리프팅시술,8,m,2016-04-01,35.89743
리프팅시술,8,m,2016-05-01,18.80341
리프팅시술,8,m,2016-06-01,5.9829
리프팅시술,8,m,2016-07-01,7.26495
리프팅시술,8,m,2016-08-01,13.24786
리프팅시술,8,m,2016-09-01,2.5641
리프팅시술,8,m,2016-10-01,14.95726
리프팅시술,8,m,2016-11-01,52.13675
리프팅시술,8,m,2016-12-01,27.77777
리프팅시술,8,m,2017-01-01,24.35897
리프팅시술,8,m,2017-02-01,23.93162
리프팅시술,8,m,2017-03-01,14.95726
리프팅시술,8,m,2017-04-01,18.37606
리프팅시술,8,m,2017-05-01,4.70085
리프팅시술,8,m,2017-06-01,21.79487
리프팅시술,8,m,2017-07-01,23.07692
리프팅시술,8,m,2017-08-01,29.91452
리프팅시술,8,m,2017-09-01,19.23076
리프팅시술,8,m,2017-10-01,17.52136
리프팅시술,8,m,2017-11-01,44.87179
리프팅시술,8,m,2017-12-01,31.19658
리프팅시술,8,m,2018-01-01,23.93162
리프팅시술,8,m,2018-02-01,28.63247
리프팅시술,8,m,2018-03-01,41.45299
리프팅시술,8,m,2018-04-01,100.0
리프팅시술,8,m,2018-05-01,81.19658
리프팅시술,8,m,2018-06-01,53.4188
리프팅시술,8,m,2018-07-01,34.18803
리프팅시술,8,m,2018-08-01,36.32478
리프팅시술,8,m,2018-09-01,64.95726
리프팅시술,8,m,2018-10-01,69.65811
리프팅시술,8,m,2018-11-01,28.63247
리프팅시술,8,m,2018-12-01,31.19658
리프팅시술,8,m,2019-01-01,34.18803
리프팅시술,8,m,2019-02-01,25.21367
리프팅시술,8,m,2019-03-01,24.35897
리프팅시술,8,m,2019-04-01,17.94871
리프팅시술,8,m,2019-05-01,21.36752
리프팅시술,8,m,2019-06-01,19.23076
리프팅시술,8,m,2019-07-01,25.21367
리프팅시술,8,m,2019-08-01,16.23931
리프팅시술,8,m,2019-09-01,14.52991
리프팅시술,8,m,2019-10-01,17.52136
리프팅시술,8,m,2019-11-01,25.64102
리프팅시술,8,m,2019-12-01,23.50427
리프팅시술,8,m,2020-01-01,27.35042
리프팅시술,8,m,2020-02-01,20.94017
리프팅시술,8,m,2020-03-01,21.36752
리프팅시술,8,m,2020-04-01,29.91452
리프팅시술,8,m,2020-05-01,36.32478
리프팅시술,8,m,2020-06-01,18.80341
리프팅시술,8,m,2020-07-01,24.35897
리프팅시술,8,m,2020-08-01,19.65811
리프팅시술,8,m,2020-09-01,17.52136
리프팅시술,8,m,2020-10-01,20.51282
리프팅시술,8,m,2020-11-01,24.78632
리프팅시술,8,m,2020-12-01,20.51282
리프팅시술,8,m,2021-01-01,41.02564
리프팅시술,8,m,2021-02-01,18.37606
리프팅시술,8,m,2021-03-01,28.20512
리프팅시술,8,m,2021-04-01,21.79487
리프팅시술,8,m,2021-05-01,24.35897
리프팅시술,8,m,2021-06-01,23.93162
리프팅시술,8,m,2021-07-01,22.22222
리프팅시술,8,m,2021-08-01,22.22222
리프팅시술,8,m,2021-09-01,26.49572
리프팅시술,8,m,2021-10-01,32.90598
리프팅시술,8,m,2021-11-01,32.05128
리프팅시술,8,m,2021-12-01,32.47863
리프팅시술,8,m,2022-01-01,36.32478
리프팅시술,8,m,2022-02-01,43.58974
리프팅시술,8,m,2022-03-01,39.74358
리프팅시술,8,m,2022-04-01,38.88888
리프팅시술,8,m,2022-05-01,32.47863
리프팅시술,8,m,2022-06-01,38.88888
리프팅시술,8,m,2022-07-01,24.78632
리프팅시술,8,m,2022-08-01,32.05128
리프팅시술,8,m,2022-09-01,30.76923
리프팅시술,8,m,2022-10-01,34.61538
리프팅시술,8,m,2022-11-01,55.9829
리프팅시술,8,m,2022-12-01,36.32478
리프팅시술,8,m,2023-01-01,39.74358
리프팅시술,8,m,2023-02-01,38.46153
리프팅시술,8,m,2023-03-01,36.32478
리프팅시술,8,m,2023-04-01,46.15384
리프팅시술,8,m,2023-05-01,37.17948
리프팅시술,8,m,2023-06-01,39.31623
리프팅시술,8,m,2023-07-01,41.45299
리프팅시술,8,m,2023-08-01,40.59829
리프팅시술,8,m,2023-09-01,37.17948
리프팅시술,8,m,2023-10-01,27.77777
리프팅시술,8,m,2023-11-01,30.34188
리프팅시술,8,m,2023-12-01,29.91452
리프팅시술,8,m,2024-01-01,38.03418
리프팅시술,8,m,2024-02-01,30.34188
리프팅시술,8,m,2024-03-01,33.33333
리프팅시술,8,m,2024-04-01,34.18803
리프팅시술,8,m,2024-05-01,27.35042
리프팅시술,8,m,2024-06-01,26.06837
리프팅시술,8,m,2024-07-01,38.03418
리프팅시술,8,m,2024-08-01,25.21367
리프팅시술,8,m,2024-09-01,20.94017
리프팅시술,8,m,2024-10-01,29.48717
리프팅시술,8,m,2024-11-01,35.04273
리프팅시술,8,m,2024-12-01,29.05982
리프팅시술,8,m,2025-01-01,42.30769
리프팅시술,8,m,2025-02-01,33.33333
리프팅시술,8,m,2025-03-01,41.45299
리프팅시술,8,m,2025-04-01,52.5641
리프팅시술,8,m,2025-05-01,33.33333
리프팅시술,8,m,2025-06-01,55.55555
리프팅시술,8,m,2025-07-01,37.60683
리프팅시술,8,m,2025-08-01,38.03418
리프팅시술,8,m,2025-09-01,25.21367
리프팅시술,8,m,2025-10-01,37.60683
리프팅시술,8,m,2025-11-01,32.47863
리프팅시술,8,m,2025-12-01,40.17094
리프팅시술,9,all,2016-01-01,3.41997
리프팅시술,9,all,2016-02-01,4.65116
리프팅시술,9,all,2016-03-01,4.37756
리프팅시술,9,all,2016-04-01,29.41176
리프팅시술,9,all,2016-05-01,8.89192
리프팅시술,9,all,2016-06-01,5.88235
리프팅시술,9,all,2016-07-01,4.65116
리프팅시술,9,all,2016-08-01,14.63748
리프팅시술,9,all,2016-09-01,1.64158
리프팅시술,9,all,2016-10-01,7.79753
리프팅시술,9,all,2016-11-01,22.16142
리프팅시술,9,all,2016-12-01,16.27906
리프팅시술,9,all,2017-01-01,26.81258
리프팅시술,9,all,2017-02-01,24.3502
리프팅시술,9,all,2017-03-01,20.38303
리프팅시술,9,all,2017-04-01,9.57592
리프팅시술,9,all,2017-05-01,5.47195
리프팅시술,9,all,2017-06-01,12.85909
리프팅시술,9,all,2017-07-01,20.51983
리프팅시술,9,all,2017-08-01,11.6279
리프팅시술,9,all,2017-09-01,14.36388
리프팅시술,9,all,2017-10-01,13.54309
리프팅시술,9,all,2017-11-01,41.45006
리프팅시술,9,all,2017-12-01,27.77017
리프팅시술,9,all,2018-01-01,16.82626
리프팅시술,9,all,2018-02-01,17.64705
리프팅시술,9,all,2018-03-01,41.58686
리프팅시술,9,all,2018-04-01,64.29548
리프팅시술,9,all,2018-05-01,74.9658
리프팅시술,9,all,2018-06-01,46.37482
리프팅시술,9,all,2018-07-01,29.68536
리프팅시술,9,all,2018-08-01,25.71819
리프팅시술,9,all,2018-09-01,28.18057
리프팅시술,9,all,2018-10-01,42.13406
리프팅시술,9,all,2018-11-01,27.35978
리프팅시술,9,all,2018-12-01,29.95896
리프팅시술,9,all,2019-01-01,41.03967
리프팅시술,9,all,2019-02-01,31.46374
리프팅시술,9,all,2019-03-01,41.45006
리프팅시술,9,all,2019-04-01,31.19015
리프팅시술,9,all,2019-05-01,29.54856
리프팅시술,9,all,2019-06-01,26.26538
리프팅시술,9,all,2019-07-01,27.35978
리프팅시술,9,all,2019-08-01,24.7606
리프팅시술,9,all,2019-09-01,24.0766
리프팅시술,9,all,2019-10-01,31.19015
리프팅시술,9,all,2019-11-01,43.50205
리프팅시술,9,all,2019-12-01,46.51162
리프팅시술,9,all,2020-01-01,45.00683
리프팅시술,9,all,2020-02-01,35.56771
리프팅시술,9,all,2020-03-01,43.50205
리프팅시술,9,all,2020-04-01,47.05882
리프팅시술,9,all,2020-05-01,44.59644
리프팅시술,9,all,2020-06-01,34.06292
리프팅시술,9,all,2020-07-01,32.96853
리프팅시술,9,all,2020-08-01,40.49247
리프팅시술,9,all,2020-09-01,46.10123
리프팅시술,9,all,2020-10-01,45.28043
리프팅시술,9,all,2020-11-01,45.55403
리프팅시술,9,all,2020-12-01,40.62927
리프팅시술,9,all,2021-01-01,68.26265
리프팅시술,9,all,2021-02-01,53.35157
리프팅시술,9,all,2021-03-01,58.54993
리프팅시술,9,all,2021-04-01,56.36114
리프팅시술,9,all,2021-05-01,52.94117
리프팅시술,9,all,2021-06-01,61.5595
리프팅시술,9,all,2021-07-01,52.39398
리프팅시술,9,all,2021-08-01,56.63474
리프팅시술,9,all,2021-09-01,63.47469
리프팅시술,9,all,2021-10-01,65.93707
리프팅시술,9,all,2021-11-01,75.37619
리프팅시술,9,all,2021-12-01,70.17783
리프팅시술,9,all,2022-01-01,100.0
리프팅시술,9,all,2022-02-01,80.16415
리프팅시술,9,all,2022-03-01,80.84815
리프팅시술,9,all,2022-04-01,90.28727
리프팅시술,9,all,2022-05-01,83.31053
리프팅시술,9,all,2022-06-01,66.89466
리프팅시술,9,all,2022-07-01,71.40902
리프팅시술,9,all,2022-08-01,67.16826
리프팅시술,9,all,2022-09-01,63.33789
리프팅시술,9,all,2022-10-01,77.42818
리프팅시술,9,all,2022-11-01,88.09849
리프팅시술,9,all,2022-12-01,77.01778
리프팅시술,9,all,2023-01-01,92.06566
리프팅시술,9,all,2023-02-01,89.05608
리프팅시술,9,all,2023-03-01,92.61285
리프팅시술,9,all,2023-04-01,87.96169
리프팅시술,9,all,2023-05-01,88.91928
리프팅시술,9,all,2023-06-01,81.80574
리프팅시술,9,all,2023-07-01,58.96032
리프팅시술,9,all,2023-08-01,76.06019
리프팅시술,9,all,2023-09-01,68.80984
리프팅시술,9,all,2023-10-01,71.95622
리프팅시술,9,all,2023-11-01,70.72503
리프팅시술,9,all,2023-12-01,69.22024
리프팅시술,9,all,2024-01-01,80.57455
리프팅시술,9,all,2024-02-01,78.24897
리프팅시술,9,all,2024-03-01,71.27222
리프팅시술,9,all,2024-04-01,91.65526
리프팅시술,9,all,2024-05-01,63.20109
리프팅시술,9,all,2024-06-01,60.19151
리프팅시술,9,all,2024-07-01,67.30506
리프팅시술,9,all,2024-08-01,58.54993
리프팅시술,9,all,2024-09-01,59.09712
리프팅시술,9,all,2024-10-01,73.46101
리프팅시술,9,all,2024-11-01,66.34746
리프팅시술,9,all,2024-12-01,77.70177
리프팅시술,9,all,2025-01-01,90.97127
리프팅시술,9,all,2025-02-01,71.54582
리프팅시술,9,all,2025-03-01,84.26812
리프팅시술,9,all,2025-04-01,91.38166
리프팅시술,9,all,2025-05-01,70.45143
리프팅시술,9,all,2025-06-01,70.99863
리프팅시술,9,all,2025-07-01,60.19151
리프팅시술,9,all,2025-08-01,71.81942
리프팅시술,9,all,2025-09-01,85.49931
리프팅시술,9,all,2025-10-01,62.65389
리프팅시술,9,all,2025-11-01,68.12585
리프팅시술,9,all,2025-12-01,78.38577
리프팅시술,9,f,2016-01-01,2.26244
리프팅시술,9,f,2016-02-01,3.92156
리프팅시술,9,f,2016-03-01,4.07239
리프팅시술,9,f,2016-04-01,27.30015
리프팅시술,9,f,2016-05-01,8.74811
리프팅시술,9,f,2016-06-01,5.27903
리프팅시술,9,f,2016-07-01,4.52488
리프팅시술,9,f,2016-08-01,11.91553
리프팅시술,9,f,2016-09-01,1.20663
리프팅시술,9,f,2016-10-01,6.6365
리프팅시술,9,f,2016-11-01,14.47963
리프팅시술,9,f,2016-12-01,11.16138
리프팅시술,9,f,2017-01-01,23.68024
리프팅시술,9,f,2017-02-01,20.36199
리프팅시술,9,f,2017-03-01,18.70286
리프팅시술,9,f,2017-04-01,6.33484
리프팅시술,9,f,2017-05-01,4.67571
리프팅시술,9,f,2017-06-01,11.7647
리프팅시술,9,f,2017-07-01,17.94871
리프팅시술,9,f,2017-08-01,10.70889
리프팅시술,9,f,2017-09-01,11.46304
리프팅시술,9,f,2017-10-01,13.12217
리프팅시술,9,f,2017-11-01,35.29411
리프팅시술,9,f,2017-12-01,23.22775
리프팅시술,9,f,2018-01-01,15.98793
리프팅시술,9,f,2018-02-01,14.02714
리프팅시술,9,f,2018-03-01,33.78582
리프팅시술,9,f,2018-04-01,46.90799
리프팅시술,9,f,2018-05-01,69.07993
리프팅시술,9,f,2018-06-01,42.08144
리프팅시술,9,f,2018-07-01,26.99849
리프팅시술,9,f,2018-08-01,22.77526
리프팅시술,9,f,2018-09-01,24.88687
리프팅시술,9,f,2018-10-01,36.95324
리프팅시술,9,f,2018-11-01,25.0377
리프팅시술,9,f,2018-12-01,26.84766
리프팅시술,9,f,2019-01-01,40.42232
리프팅시술,9,f,2019-02-01,29.86425
리프팅시술,9,f,2019-03-01,39.66817
리프팅시술,9,f,2019-04-01,29.26093
리프팅시술,9,f,2019-05-01,27.6018
리프팅시술,9,f,2019-06-01,23.83107
리프팅시술,9,f,2019-07-01,24.88687
리프팅시술,9,f,2019-08-01,22.4736
리프팅시술,9,f,2019-09-01,22.4736
리프팅시술,9,f,2019-10-01,30.01508
리프팅시술,9,f,2019-11-01,41.02564
리프팅시술,9,f,2019-12-01,46.60633
리프팅시술,9,f,2020-01-01,44.04223
리프팅시술,9,f,2020-02-01,36.50075
리프팅시술,9,f,2020-03-01,40.57315
리프팅시술,9,f,2020-04-01,45.39969
리프팅시술,9,f,2020-05-01,42.98642
리프팅시술,9,f,2020-06-01,30.6184
리프팅시술,9,f,2020-07-01,33.48416
리프팅시술,9,f,2020-08-01,40.57315
리프팅시술,9,f,2020-09-01,46.30467
리프팅시술,9,f,2020-10-01,45.09803
리프팅시술,9,f,2020-11-01,45.85218
리프팅시술,9,f,2020-12-01,38.76319
리프팅시술,9,f,2021-01-01,66.51583
리프팅시술,9,f,2021-02-01,52.18702
리프팅시술,9,f,2021-03-01,55.05279
리프팅시술,9,f,2021-04-01,55.6561
리프팅시술,9,f,2021-05-01,49.0196
리프팅시술,9,f,2021-06-01,60.48265
리프팅시술,9,f,2021-07-01,53.092
리프팅시술,9,f,2021-08-01,55.50527
리프팅시술,9,f,2021-09-01,62.44343
리프팅시술,9,f,2021-10-01,64.40422
리프팅시술,9,f,2021-11-01,75.26395
리프팅시술,9,f,2021-12-01,69.98491
리프팅시술,9,f,2022-01-01,100.0
리프팅시술,9,f,2022-02-01,80.09049
리프팅시술,9,f,2022-03-01,79.638
리프팅시술,9,f,2022-04-01,87.33031
리프팅시술,9,f,2022-05-01,80.09049
리프팅시술,9,f,2022-06-01,66.96832
리프팅시술,9,f,2022-07-01,71.04072
리프팅시술,9,f,2022-08-01,66.06334
리프팅시술,9,f,2022-09-01,63.34841
리프팅시술,9,f,2022-10-01,76.92307
리프팅시술,9,f,2022-11-01,84.46455
리프팅시술,9,f,2022-12-01,74.05731
리프팅시술,9,f,2023-01-01,89.59276
리프팅시술,9,f,2023-02-01,87.02865
리프팅시술,9,f,2023-03-01,91.10105
리프팅시술,9,f,2023-04-01,88.98944
리프팅시술,9,f,2023-05-01,88.53695
리프팅시술,9,f,2023-06-01,73.75565
리프팅시술,9,f,2023-07-01,56.71191
리프팅시술,9,f,2023-08-01,71.79487
리프팅시술,9,f,2023-09-01,67.26998
리프팅시술,9,f,2023-10-01,70.4374
리프팅시술,9,f,2023-11-01,66.66666
리프팅시술,9,f,2023-12-01,68.02413
리프팅시술,9,f,2024-01-01,76.62141
리프팅시술,9,f,2024-02-01,77.97888
리프팅시술,9,f,2024-03-01,68.92911
리프팅시술,9,f,2024-04-01,84.76621
리프팅시술,9,f,2024-05-01,58.52187
리프팅시술,9,f,2024-06-01,56.86274
리프팅시술,9,f,2024-07-01,58.37104
리프팅시술,9,f,2024-08-01,55.80693
리프팅시술,9,f,2024-09-01,55.95776
리프팅시술,9,f,2024-10-01,72.24736
리프팅시술,9,f,2024-11-01,63.8009
리프팅시술,9,f,2024-12-01,73.15233
리프팅시술,9,f,2025-01-01,88.83861
리프팅시술,9,f,2025-02-01,70.4374
리프팅시술,9,f,2025-03-01,80.09049
리프팅시술,9,f,2025-04-01,85.52036
리프팅시술,9,f,2025-05-01,66.96832
리프팅시술,9,f,2025-06-01,64.55505
리프팅시술,9,f,2025-07-01,56.25942
리프팅시술,9,f,2025-08-01,68.62745
리프팅시술,9,f,2025-09-01,85.97285
리프팅시술,9,f,2025-10-01,61.08597
리프팅시술,9,f,2025-11-01,64.55505
리프팅시술,9,f,2025-12-01,76.77224
리프팅시술,9,m,2016-01-01,6.2893
리프팅시술,9,m,2016-02-01,5.03144
리프팅시술,9,m,2016-03-01,3.14465
리프팅시술,9,m,2016-04-01,21.38364
리프팅시술,9,m,2016-05-01,4.40251
리프팅시술,9,m,2016-06-01,5.03144
리프팅시술,9,m,2016-07-01,2.51572
리프팅시술,9,m,2016-08-01,17.61006
리프팅시술,9,m,2016-09-01,2.51572
리프팅시술,9,m,2016-10-01,8.1761
리프팅시술,9,m,2016-11-01,41.50943
리프팅시술,9,m,2016-12-01,28.30188
리프팅시술,9,m,2017-01-01,24.5283
리프팅시술,9,m,2017-02-01,27.04402
리프팅시술,9,m,2017-03-01,15.72327
리프팅시술,9,m,2017-04-01,17.61006
리프팅시술,9,m,2017-05-01,5.66037
리프팅시술,9,m,2017-06-01,10.06289
리프팅시술,9,m,2017-07-01,19.49685
리프팅시술,9,m,2017-08-01,8.80503
리프팅시술,9,m,2017-09-01,18.23899
리프팅시술,9,m,2017-10-01,7.54716
리프팅시술,9,m,2017-11-01,43.39622
리프팅시술,9,m,2017-12-01,30.81761
리프팅시술,9,m,2018-01-01,10.69182
리프팅시술,9,m,2018-02-01,22.6415
리프팅시술,9,m,2018-03-01,50.31446
리프팅시술,9,m,2018-04-01,100.0
리프팅시술,9,m,2018-05-01,56.60377
리프팅시술,9,m,2018-06-01,37.73584
리프팅시술,9,m,2018-07-01,23.89937
리프팅시술,9,m,2018-08-01,23.27044
리프팅시술,9,m,2018-09-01,25.78616
리프팅시술,9,m,2018-10-01,39.62264
리프팅시술,9,m,2018-11-01,21.38364
리프팅시술,9,m,2018-12-01,25.78616
리프팅시술,9,m,2019-01-01,20.12578
리프팅시술,9,m,2019-02-01,20.12578
리프팅시술,9,m,2019-03-01,25.15723
리프팅시술,9,m,2019-04-01,21.38364
리프팅시술,9,m,2019-05-01,20.75471
리프팅시술,9,m,2019-06-01,21.38364
리프팅시술,9,m,2019-07-01,22.01257
리프팅시술,9,m,2019-08-01,20.12578
리프팅시술,9,m,2019-09-01,16.98113
리프팅시술,9,m,2019-10-01,18.23899
리프팅시술,9,m,2019-11-01,28.93081
리프팅시술,9,m,2019-12-01,19.49685
리프팅시술,9,m,2020-01-01,23.27044
리프팅시술,9,m,2020-02-01,11.32075
리프팅시술,9,m,2020-03-01,30.81761
리프팅시술,9,m,2020-04-01,27.04402
리프팅시술,9,m,2020-05-01,25.78616
리프팅시술,9,m,2020-06-01,28.93081
리프팅시술,9,m,2020-07-01,11.94968
리프팅시술,9,m,2020-08-01,16.98113
리프팅시술,9,m,2020-09-01,18.86792
리프팅시술,9,m,2020-10-01,20.12578
리프팅시술,9,m,2020-11-01,18.23899
리프팅시술,9,m,2020-12-01,25.15723
리프팅시술,9,m,2021-01-01,36.47798
리프팅시술,9,m,2021-02-01,27.67295
리프팅시술,9,m,2021-03-01,39.62264
리프팅시술,9,m,2021-04-01,27.04402
리프팅시술,9,m,2021-05-01,38.99371
리프팅시술,9,m,2021-06-01,30.81761
리프팅시술,9,m,2021-07-01,19.49685
리프팅시술,9,m,2021-08-01,28.93081
리프팅시술,9,m,2021-09-01,31.44654
리프팅시술,9,m,2021-10-01,34.59119
리프팅시술,9,m,2021-11-01,32.7044
리프팅시술,9,m,2021-12-01,30.81761
리프팅시술,9,m,2022-01-01,42.76729
리프팅시술,9,m,2022-02-01,34.59119
리프팅시술,9,m,2022-03-01,39.62264
리프팅시술,9,m,2022-04-01,50.94339
리프팅시술,9,m,2022-05-01,49.0566
리프팅시술,9,m,2022-06-01,28.30188
리프팅시술,9,m,2022-07-01,32.07547
리프팅시술,9,m,2022-08-01,33.33333
리프팅시술,9,m,2022-09-01,27.04402
리프팅시술,9,m,2022-10-01,35.22012
리프팅시술,9,m,2022-11-01,52.83018
리프팅시술,9,m,2022-12-01,45.28301
리프팅시술,9,m,2023-01-01,49.68553
리프팅시술,9,m,2023-02-01,46.54088
리프팅시술,9,m,2023-03-01,45.91194
리프팅시술,9,m,2023-04-01,33.33333
리프팅시술,9,m,2023-05-01,39.62264
리프팅시술,9,m,2023-06-01,68.55345
리프팅시술,9,m,2023-07-01,34.59119
리프팅시술,9,m,2023-08-01,50.31446
리프팅시술,9,m,2023-09-01,35.84905
리프팅시술,9,m,2023-10-01,37.10691
리프팅시술,9,m,2023-11-01,47.16981
리프팅시술,9,m,2023-12-01,34.59119
리프팅시술,9,m,2024-01-01,50.94339
리프팅시술,9,m,2024-02-01,34.59119
리프팅시술,9,m,2024-03-01,40.25157
리프팅시술,9,m,2024-04-01,67.92452
리프팅시술,9,m,2024-05-01,46.54088
리프팅시술,9,m,2024-06-01,39.62264
리프팅시술,9,m,2024-07-01,66.03773
리프팅시술,9,m,2024-08-01,36.47798
리프팅시술,9,m,2024-09-01,38.36477
리프팅시술,9,m,2024-10-01,36.47798
리프팅시술,9,m,2024-11-01,38.99371
리프팅시술,9,m,2024-12-01,52.20125
리프팅시술,9,m,2025-01-01,47.79874
리프팅시술,9,m,2025-02-01,35.22012
리프팅시술,9,m,2025-03-01,53.45911
리프팅시술,9,m,2025-04-01,63.52201
리프팅시술,9,m,2025-05-01,44.65408
리프팅시술,9,m,2025-06-01,57.2327
리프팅시술,9,m,2025-07-01,42.13836
리프팅시술,9,m,2025-08-01,44.02515
리프팅시술,9,m,2025-09-01,34.59119
리프팅시술,9,m,2025-10-01,33.33333
리프팅시술,9,m,2025-11-01,44.02515
리프팅시술,9,m,2025-12-01,40.25157
리프팅시술,10,all,2016-01-01,3.63636
리프팅시술,10,all,2016-02-01,6.13636
리프팅시술,10,all,2016-03-01,3.86363
리프팅시술,10,all,2016-04-01,19.31818
리프팅시술,10,all,2016-05-01,7.5
리프팅시술,10,all,2016-06-01,6.13636
리프팅시술,10,all,2016-07-01,4.54545
리프팅시술,10,all,2016-08-01,16.81818
리프팅시술,10,all,2016-09-01,3.18181
리프팅시술,10,all,2016-10-01,10.90909
리프팅시술,10,all,2016-11-01,19.54545
리프팅시술,10,all,2016-12-01,16.81818
리프팅시술,10,all,2017-01-01,20.45454
리프팅시술,10,all,2017-02-01,28.18181
리프팅시술,10,all,2017-03-01,17.27272
리프팅시술,10,all,2017-04-01,9.31818
리프팅시술,10,all,2017-05-01,6.13636
리프팅시술,10,all,2017-06-01,9.54545
리프팅시술,10,all,2017-07-01,16.13636
리프팅시술,10,all,2017-08-01,15.22727
리프팅시술,10,all,2017-09-01,17.95454
리프팅시술,10,all,2017-10-01,17.95454
리프팅시술,10,all,2017-11-01,41.13636
리프팅시술,10,all,2017-12-01,23.18181
리프팅시술,10,all,2018-01-01,18.18181
리프팅시술,10,all,2018-02-01,20.22727
리프팅시술,10,all,2018-03-01,35.90909
리프팅시술,10,all,2018-04-01,49.31818
리프팅시술,10,all,2018-05-01,52.95454
리프팅시술,10,all,2018-06-01,42.95454
리프팅시술,10,all,2018-07-01,23.63636
리프팅시술,10,all,2018-08-01,24.77272
리프팅시술,10,all,2018-09-01,22.04545
리프팅시술,10,all,2018-10-01,29.31818
리프팅시술,10,all,2018-11-01,22.27272
리프팅시술,10,all,2018-12-01,22.04545
리프팅시술,10,all,2019-01-01,30.68181
리프팅시술,10,all,2019-02-01,36.81818
리프팅시술,10,all,2019-03-01,22.27272
리프팅시술,10,all,2019-04-01,25.22727
리프팅시술,10,all,2019-05-01,22.5
리프팅시술,10,all,2019-06-01,21.36363
리프팅시술,10,all,2019-07-01,26.13636
리프팅시술,10,all,2019-08-01,17.5
리프팅시술,10,all,2019-09-01,19.31818
리프팅시술,10,all,2019-10-01,26.5909
리프팅시술,10,all,2019-11-01,31.13636
리프팅시술,10,all,2019-12-01,38.40909
리프팅시술,10,all,2020-01-01,30.68181
리프팅시술,10,all,2020-02-01,33.18181
리프팅시술,10,all,2020-03-01,31.13636
리프팅시술,10,all,2020-04-01,35.22727
리프팅시술,10,all,2020-05-01,34.54545
리프팅시술,10,all,2020-06-01,22.04545
리프팅시술,10,all,2020-07-01,26.36363
리프팅시술,10,all,2020-08-01,25.0
리프팅시술,10,all,2020-09-01,32.95454
리프팅시술,10,all,2020-10-01,32.95454
리프팅시술,10,all,2020-11-01,38.40909
리프팅시술,10,all,2020-12-01,35.22727
리프팅시술,10,all,2021-01-01,53.18181
리프팅시술,10,all,2021-02-01,44.54545
리프팅시술,10,all,2021-03-01,47.95454
리프팅시술,10,all,2021-04-01,44.0909
리프팅시술,10,all,2021-05-01,41.5909
리프팅시술,10,all,2021-06-01,37.27272
리프팅시술,10,all,2021-07-01,39.77272
리프팅시술,10,all,2021-08-01,42.04545
리프팅시술,10,all,2021-09-01,52.27272
리프팅시술,10,all,2021-10-01,47.27272
리프팅시술,10,all,2021-11-01,60.68181
리프팅시술,10,all,2021-12-01,52.95454
리프팅시술,10,all,2022-01-01,73.63636
리프팅시술,10,all,2022-02-01,60.90909
리프팅시술,10,all,2022-03-01,65.68181
리프팅시술,10,all,2022-04-01,65.45454
리프팅시술,10,all,2022-05-01,77.95454
리프팅시술,10,all,2022-06-01,53.40909
리프팅시술,10,all,2022-07-01,48.18181
리프팅시술,10,all,2022-08-01,56.36363
리프팅시술,10,all,2022-09-01,43.63636
리프팅시술,10,all,2022-10-01,62.95454
리프팅시술,10,all,2022-11-01,62.95454
리프팅시술,10,all,2022-12-01,57.5
리프팅시술,10,all,2023-01-01,67.5
리프팅시술,10,all,2023-02-01,78.40909
리프팅시술,10,all,2023-03-01,94.54545
리프팅시술,10,all,2023-04-01,75.0
리프팅시술,10,all,2023-05-01,71.5909
리프팅시술,10,all,2023-06-01,72.95454
리프팅시술,10,all,2023-07-01,56.13636
리프팅시술,10,all,2023-08-01,58.86363
리프팅시술,10,all,2023-09-01,50.68181
리프팅시술,10,all,2023-10-01,55.90909
리프팅시술,10,all,2023-11-01,53.18181
리프팅시술,10,all,2023-12-01,64.31818
리프팅시술,10,all,2024-01-01,79.0909
리프팅시술,10,all,2024-02-01,68.18181
리프팅시술,10,all,2024-03-01,63.63636
리프팅시술,10,all,2024-04-01,66.5909
리프팅시술,10,all,2024-05-01,60.22727
리프팅시술,10,all,2024-06-01,56.5909
리프팅시술,10,all,2024-07-01,65.22727
리프팅시술,10,all,2024-08-01,48.63636
리프팅시술,10,all,2024-09-01,56.13636
리프팅시술,10,all,2024-10-01,85.22727
리프팅시술,10,all,2024-11-01,62.27272
리프팅시술,10,all,2024-12-01,87.72727
리프팅시술,10,all,2025-01-01,76.81818
리프팅시술,10,all,2025-02-01,80.22727
리프팅시술,10,all,2025-03-01,88.86363
리프팅시술,10,all,2025-04-01,93.40909
리프팅시술,10,all,2025-05-01,69.77272
리프팅시술,10,all,2025-06-01,75.22727
리프팅시술,10,all,2025-07-01,53.40909
리프팅시술,10,all,2025-08-01,69.54545
리프팅시술,10,all,2025-09-01,100.0
리프팅시술,10,all,2025-10-01,67.27272
리프팅시술,10,all,2025-11-01,71.36363
리프팅시술,10,all,2025-12-01,79.0909
리프팅시술,10,f,2016-01-01,2.53807
리프팅시술,10,f,2016-02-01,3.29949
리프팅시술,10,f,2016-03-01,3.55329
리프팅시술,10,f,2016-04-01,14.21319
리프팅시술,10,f,2016-05-01,6.09137
리프팅시술,10,f,2016-06-01,3.55329
리프팅시술,10,f,2016-07-01,2.53807
리프팅시술,10,f,2016-08-01,13.70558
리프팅시술,10,f,2016-09-01,2.03045
리프팅시술,10,f,2016-10-01,9.64467
리프팅시술,10,f,2016-11-01,7.10659
리프팅시술,10,f,2016-12-01,11.42131
리프팅시술,10,f,2017-01-01,14.467
리프팅시술,10,f,2017-02-01,21.5736
리프팅시술,10,f,2017-03-01,13.95939
리프팅시술,10,f,2017-04-01,6.34517
리프팅시술,10,f,2017-05-01,4.56852
리프팅시술,10,f,2017-06-01,7.10659
리프팅시술,10,f,2017-07-01,12.94416
리프팅시술,10,f,2017-08-01,8.88324
리프팅시술,10,f,2017-09-01,11.92893
리프팅시술,10,f,2017-10-01,14.97461
리프팅시술,10,f,2017-11-01,34.01015
리프팅시술,10,f,2017-12-01,18.0203
리프팅시술,10,f,2018-01-01,12.43654
리프팅시술,10,f,2018-02-01,13.70558
리프팅시술,10,f,2018-03-01,28.42639
리프팅시술,10,f,2018-04-01,34.77157
리프팅시술,10,f,2018-05-01,46.7005
리프팅시술,10,f,2018-06-01,38.57868
리프팅시술,10,f,2018-07-01,17.25888
리프팅시술,10,f,2018-08-01,21.82741
리프팅시술,10,f,2018-09-01,15.98984
리프팅시술,10,f,2018-10-01,19.28934
리프팅시술,10,f,2018-11-01,19.03553
리프팅시술,10,f,2018-12-01,20.30456
리프팅시술,10,f,2019-01-01,27.66497
리프팅시술,10,f,2019-02-01,33.24873
리프팅시술,10,f,2019-03-01,20.05076
리프팅시술,10,f,2019-04-01,23.60406
리프팅시술,10,f,2019-05-01,20.30456
리프팅시술,10,f,2019-06-01,19.03553
리프팅시술,10,f,2019-07-01,20.55837
리프팅시술,10,f,2019-08-01,15.22842
리프팅시술,10,f,2019-09-01,16.75126
리프팅시술,10,f,2019-10-01,23.60406
리프팅시술,10,f,2019-11-01,26.39593
리프팅시술,10,f,2019-12-01,37.05583
리프팅시술,10,f,2020-01-01,28.93401
리프팅시술,10,f,2020-02-01,28.93401
리프팅시술,10,f,2020-03-01,29.94923
리프팅시술,10,f,2020-04-01,33.50253
리프팅시술,10,f,2020-05-01,32.99492
리프팅시술,10,f,2020-06-01,21.31979
리프팅시술,10,f,2020-07-01,23.60406
리프팅시술,10,f,2020-08-01,25.63451
리프팅시술,10,f,2020-09-01,32.2335
리프팅시술,10,f,2020-10-01,29.44162
리프팅시술,10,f,2020-11-01,38.83248
리프팅시술,10,f,2020-12-01,35.27918
리프팅시술,10,f,2021-01-01,53.8071
리프팅시술,10,f,2021-02-01,44.16243
리프팅시술,10,f,2021-03-01,45.93908
리프팅시술,10,f,2021-04-01,40.10152
리프팅시술,10,f,2021-05-01,36.80203
리프팅시술,10,f,2021-06-01,34.77157
리프팅시술,10,f,2021-07-01,38.07106
리프팅시술,10,f,2021-08-01,41.11675
리프팅시술,10,f,2021-09-01,52.79187
리프팅시술,10,f,2021-10-01,44.16243
리프팅시술,10,f,2021-11-01,58.37563
리프팅시술,10,f,2021-12-01,52.28426
리프팅시술,10,f,2022-01-01,68.27411
리프팅시술,10,f,2022-02-01,58.12182
리프팅시술,10,f,2022-03-01,63.95939
리프팅시술,10,f,2022-04-01,63.70558
리프팅시술,10,f,2022-05-01,74.61928
리프팅시술,10,f,2022-06-01,51.77664
리프팅시술,10,f,2022-07-01,44.16243
리프팅시술,10,f,2022-08-01,51.52284
리프팅시술,10,f,2022-09-01,41.37055
리프팅시술,10,f,2022-10-01,60.9137
리프팅시술,10,f,2022-11-01,56.85279
리프팅시술,10,f,2022-12-01,54.31472
리프팅시술,10,f,2023-01-01,67.00507
리프팅시술,10,f,2023-02-01,79.18781
리프팅시술,10,f,2023-03-01,92.38578
리프팅시술,10,f,2023-04-01,72.58883
리프팅시술,10,f,2023-05-01,68.78172
리프팅시술,10,f,2023-06-01,67.00507
리프팅시술,10,f,2023-07-01,48.98477
리프팅시술,10,f,2023-08-01,54.56852
리프팅시술,10,f,2023-09-01,47.46192
리프팅시술,10,f,2023-10-01,53.8071
리프팅시술,10,f,2023-11-01,51.26903
리프팅시술,10,f,2023-12-01,62.43654
리프팅시술,10,f,2024-01-01,71.31979
리프팅시술,10,f,2024-02-01,65.48223
리프팅시술,10,f,2024-03-01,60.9137
리프팅시술,10,f,2024-04-01,62.18274
리프팅시술,10,f,2024-05-01,55.07614
리프팅시술,10,f,2024-06-01,49.74619
리프팅시술,10,f,2024-07-01,56.85279
리프팅시술,10,f,2024-08-01,45.93908
리프팅시술,10,f,2024-09-01,53.29949
리프팅시술,10,f,2024-10-01,83.24873
리프팅시술,10,f,2024-11-01,56.59898
리프팅시술,10,f,2024-12-01,75.88832
리프팅시술,10,f,2025-01-01,72.08121
리프팅시술,10,f,2025-02-01,75.88832
리프팅시술,10,f,2025-03-01,84.01015
리프팅시술,10,f,2025-04-01,85.27918
리프팅시술,10,f,2025-05-01,62.18274
리프팅시술,10,f,2025-06-01,67.51269
리프팅시술,10,f,2025-07-01,47.46192
리프팅시술,10,f,2025-08-01,66.49746
리프팅시술,10,f,2025-09-01,100.0
리프팅시술,10,f,2025-10-01,63.95939
리프팅시술,10,f,2025-11-01,69.54314
리프팅시술,10,f,2025-12-01,78.6802
리프팅시술,10,m,2016-01-01,6.89655
리프팅시술,10,m,2016-02-01,16.09195
리프팅시술,10,m,2016-03-01,3.44827
리프팅시술,10,m,2016-04-01,33.33333
리프팅시술,10,m,2016-05-01,10.34482
리프팅시술,10,m,2016-06-01,14.94252
리프팅시술,10,m,2016-07-01,11.49425
리프팅시술,10,m,2016-08-01,22.9885
리프팅시술,10,m,2016-09-01,6.89655
리프팅시술,10,m,2016-10-01,11.49425
리프팅시술,10,m,2016-11-01,66.66666
리프팅시술,10,m,2016-12-01,33.33333
리프팅시술,10,m,2017-01-01,37.93103
리프팅시술,10,m,2017-02-01,44.82758
리프팅시술,10,m,2017-03-01,24.13793
리프팅시술,10,m,2017-04-01,18.3908
리프팅시술,10,m,2017-05-01,10.34482
리프팅시술,10,m,2017-06-01,16.09195
리프팅시술,10,m,2017-07-01,22.9885
리프팅시술,10,m,2017-08-01,36.7816
리프팅시술,10,m,2017-09-01,36.7816
리프팅시술,10,m,2017-10-01,22.9885
리프팅시술,10,m,2017-11-01,54.02298
리프팅시술,10,m,2017-12-01,35.63218
리프팅시술,10,m,2018-01-01,35.63218
리프팅시술,10,m,2018-02-01,40.22988
리프팅시술,10,m,2018-03-01,52.87356
리프팅시술,10,m,2018-04-01,91.95402
리프팅시술,10,m,2018-05-01,56.32183
리프팅시술,10,m,2018-06-01,42.52873
리프팅시술,10,m,2018-07-01,41.37931
리프팅시술,10,m,2018-08-01,26.43678
리프팅시술,10,m,2018-09-01,39.08045
리프팅시술,10,m,2018-10-01,60.91954
리프팅시술,10,m,2018-11-01,26.43678
리프팅시술,10,m,2018-12-01,19.54022
리프팅시술,10,m,2019-01-01,29.88505
리프팅시술,10,m,2019-02-01,35.63218
리프팅시술,10,m,2019-03-01,21.83908
리프팅시술,10,m,2019-04-01,20.68965
리프팅시술,10,m,2019-05-01,21.83908
리프팅시술,10,m,2019-06-01,21.83908
리프팅시술,10,m,2019-07-01,39.08045
리프팅시술,10,m,2019-08-01,19.54022
리프팅시술,10,m,2019-09-01,21.83908
리프팅시술,10,m,2019-10-01,27.5862
리프팅시술,10,m,2019-11-01,37.93103
리프팅시술,10,m,2019-12-01,26.43678
리프팅시술,10,m,2020-01-01,24.13793
리프팅시술,10,m,2020-02-01,36.7816
리프팅시술,10,m,2020-03-01,21.83908
리프팅시술,10,m,2020-04-01,26.43678
리프팅시술,10,m,2020-05-01,25.28735
리프팅시술,10,m,2020-06-01,14.94252
리프팅시술,10,m,2020-07-01,26.43678
리프팅시술,10,m,2020-08-01,10.34482
리프팅시술,10,m,2020-09-01,20.68965
리프팅시술,10,m,2020-10-01,33.33333
리프팅시술,10,m,2020-11-01,18.3908
리프팅시술,10,m,2020-12-01,18.3908
리프팅시술,10,m,2021-01-01,25.28735
리프팅시술,10,m,2021-02-01,25.28735
리프팅시술,10,m,2021-03-01,34.48275
리프팅시술,10,m,2021-04-01,41.37931
리프팅시술,10,m,2021-05-01,43.67816
리프팅시술,10,m,2021-06-01,31.03448
리프팅시술,10,m,2021-07-01,28.73563
리프팅시술,10,m,2021-08-01,26.43678
리프팅시술,10,m,2021-09-01,25.28735
리프팅시술,10,m,2021-10-01,39.08045
리프팅시술,10,m,2021-11-01,42.52873
리프팅시술,10,m,2021-12-01,31.03448
리프팅시술,10,m,2022-01-01,63.21839
리프팅시술,10,m,2022-02-01,44.82758
리프팅시술,10,m,2022-03-01,42.52873
리프팅시술,10,m,2022-04-01,42.52873
리프팅시술,10,m,2022-05-01,56.32183
리프팅시술,10,m,2022-06-01,35.63218
리프팅시술,10,m,2022-07-01,43.67816
리프팅시술,10,m,2022-08-01,51.72413
리프팅시술,10,m,2022-09-01,33.33333
리프팅시술,10,m,2022-10-01,42.52873
리프팅시술,10,m,2022-11-01,60.91954
리프팅시술,10,m,2022-12-01,44.82758
리프팅시술,10,m,2023-01-01,37.93103
리프팅시술,10,m,2023-02-01,37.93103
리프팅시술,10,m,2023-03-01,59.77011
리프팅시술,10,m,2023-04-01,50.57471
리프팅시술,10,m,2023-05-01,50.57471
리프팅시술,10,m,2023-06-01,65.51724
리프팅시술,10,m,2023-07-01,62.06896
리프팅시술,10,m,2023-08-01,50.57471
리프팅시술,10,m,2023-09-01,41.37931
리프팅시술,10,m,2023-10-01,39.08045
리프팅시술,10,m,2023-11-01,36.7816
리프팅시술,10,m,2023-12-01,42.52873
리프팅시술,10,m,2024-01-01,77.01149
리프팅시술,10,m,2024-02-01,48.27586
리프팅시술,10,m,2024-03-01,45.97701
리프팅시술,10,m,2024-04-01,55.17241
리프팅시술,10,m,2024-05-01,55.17241
리프팅시술,10,m,2024-06-01,60.91954
리프팅시술,10,m,2024-07-01,72.41379
리프팅시술,10,m,2024-08-01,37.93103
리프팅시술,10,m,2024-09-01,42.52873
리프팅시술,10,m,2024-10-01,54.02298
리프팅시술,10,m,2024-11-01,58.62068
리프팅시술,10,m,2024-12-01,100.0
리프팅시술,10,m,2025-01-01,62.06896
리프팅시술,10,m,2025-02-01,62.06896
리프팅시술,10,m,2025-03-01,68.96551
리프팅시술,10,m,2025-04-01,86.20689
리프팅시술,10,m,2025-05-01,71.26436
리프팅시술,10,m,2025-06-01,74.71264
리프팅시술,10,m,2025-07-01,55.17241
리프팅시술,10,m,2025-08-01,50.57471
리프팅시술,10,m,2025-09-01,52.87356
리프팅시술,10,m,2025-10-01,50.57471
리프팅시술,10,m,2025-11-01,45.97701
리프팅시술,10,m,2025-12-01,43.67816
리프팅시술,11,all,2016-01-01,3.42612
리프팅시술,11,all,2016-02-01,5.78158
리프팅시술,11,all,2016-03-01,3.85438
리프팅시술,11,all,2016-04-01,17.13062
리프팅시술,11,all,2016-05-01,4.06852
리프팅시술,11,all,2016-06-01,2.78372
리프팅시술,11,all,2016-07-01,5.35331
리프팅시술,11,all,2016-08-01,8.77944
리프팅시술,11,all,2016-09-01,1.71306
리프팅시술,11,all,2016-10-01,3.85438
리프팅시술,11,all,2016-11-01,16.48822
리프팅시술,11,all,2016-12-01,12.84796
리프팅시술,11,all,2017-01-01,14.77516
리프팅시술,11,all,2017-02-01,17.98715
리프팅시술,11,all,2017-03-01,13.70449
리프팅시술,11,all,2017-04-01,10.06423
리프팅시술,11,all,2017-05-01,5.35331
리프팅시술,11,all,2017-06-01,8.35117
리프팅시술,11,all,2017-07-01,7.92291
리프팅시술,11,all,2017-08-01,13.06209
리프팅시술,11,all,2017-09-01,10.06423
리프팅시술,11,all,2017-10-01,7.06638
리프팅시술,11,all,2017-11-01,33.40471
리프팅시술,11,all,2017-12-01,16.05995
리프팅시술,11,all,2018-01-01,10.70663
리프팅시술,11,all,2018-02-01,17.13062
리프팅시술,11,all,2018-03-01,25.48179
리프팅시술,11,all,2018-04-01,53.53319
리프팅시술,11,all,2018-05-01,40.89935
리프팅시술,11,all,2018-06-01,26.12419
리프팅시술,11,all,2018-07-01,17.13062
리프팅시술,11,all,2018-08-01,17.77301
리프팅시술,11,all,2018-09-01,16.27408
리프팅시술,11,all,2018-10-01,16.91648
리프팅시술,11,all,2018-11-01,16.91648
리프팅시술,11,all,2018-12-01,17.34475
리프팅시술,11,all,2019-01-01,22.69807
리프팅시술,11,all,2019-02-01,13.91862
리프팅시술,11,all,2019-03-01,17.34475
리프팅시술,11,all,2019-04-01,14.13276
리프팅시술,11,all,2019-05-01,11.7773
리프팅시술,11,all,2019-06-01,13.70449
리프팅시술,11,all,2019-07-01,20.12847
리프팅시술,11,all,2019-08-01,15.63169
리프팅시술,11,all,2019-09-01,13.70449
리프팅시술,11,all,2019-10-01,13.49036
리프팅시술,11,all,2019-11-01,27.40899
리프팅시술,11,all,2019-12-01,24.41113
리프팅시술,11,all,2020-01-01,23.12633
리프팅시술,11,all,2020-02-01,17.34475
리프팅시술,11,all,2020-03-01,17.13062
리프팅시술,11,all,2020-04-01,24.8394
리프팅시술,11,all,2020-05-01,24.197
리프팅시술,11,all,2020-06-01,14.98929
리프팅시술,11,all,2020-07-01,17.13062
리프팅시술,11,all,2020-08-01,14.34689
리프팅시술,11,all,2020-09-01,15.20342
리프팅시술,11,all,2020-10-01,23.98286
리프팅시술,11,all,2020-11-01,22.05567
리프팅시술,11,all,2020-12-01,21.6274
리프팅시술,11,all,2021-01-01,36.83083
리프팅시술,11,all,2021-02-01,38.97216
리프팅시술,11,all,2021-03-01,40.89935
리프팅시술,11,all,2021-04-01,30.62098
리프팅시술,11,all,2021-05-01,30.83511
리프팅시술,11,all,2021-06-01,30.19271
리프팅시술,11,all,2021-07-01,30.83511
리프팅시술,11,all,2021-08-01,23.76873
리프팅시술,11,all,2021-09-01,32.11991
리프팅시술,11,all,2021-10-01,28.26552
리프팅시술,11,all,2021-11-01,38.97216
리프팅시술,11,all,2021-12-01,35.54603
리프팅시술,11,all,2022-01-01,61.67023
리프팅시술,11,all,2022-02-01,60.38543
리프팅시술,11,all,2022-03-01,52.89079
리프팅시술,11,all,2022-04-01,58.02997
리프팅시술,11,all,2022-05-01,56.10278
리프팅시술,11,all,2022-06-01,52.46252
리프팅시술,11,all,2022-07-01,34.6895
리프팅시술,11,all,2022-08-01,33.61884
리프팅시술,11,all,2022-09-01,37.90149
리프팅시술,11,all,2022-10-01,38.97216
리프팅시술,11,all,2022-11-01,42.82655
리프팅시술,11,all,2022-12-01,49.6788
리프팅시술,11,all,2023-01-01,58.67237
리프팅시술,11,all,2023-02-01,66.38115
리프팅시술,11,all,2023-03-01,53.74732
리프팅시술,11,all,2023-04-01,51.17773
리프팅시술,11,all,2023-05-01,43.68308
리프팅시술,11,all,2023-06-01,59.31477
리프팅시술,11,all,2023-07-01,49.6788
리프팅시술,11,all,2023-08-01,53.31905
리프팅시술,11,all,2023-09-01,43.04068
리프팅시술,11,all,2023-10-01,48.394
리프팅시술,11,all,2023-11-01,43.68308
리프팅시술,11,all,2023-12-01,53.31905
리프팅시술,11,all,2024-01-01,64.23982
리프팅시술,11,all,2024-02-01,48.60813
리프팅시술,11,all,2024-03-01,50.10706
리프팅시술,11,all,2024-04-01,52.03426
리프팅시술,11,all,2024-05-01,46.03854
리프팅시술,11,all,2024-06-01,44.11134
리프팅시술,11,all,2024-07-01,55.46038
리프팅시술,11,all,2024-08-01,44.96788
리프팅시술,11,all,2024-09-01,43.68308
리프팅시술,11,all,2024-10-01,61.24197
리프팅시술,11,all,2024-11-01,54.60385
리프팅시술,11,all,2024-12-01,66.80942
리프팅시술,11,all,2025-01-01,64.66809
리프팅시술,11,all,2025-02-01,57.81584
리프팅시술,11,all,2025-03-01,81.37044
리프팅시술,11,all,2025-04-01,100.0
리프팅시술,11,all,2025-05-01,59.5289
리프팅시술,11,all,2025-06-01,65.09635
리프팅시술,11,all,2025-07-01,61.4561
리프팅시술,11,all,2025-08-01,62.0985
리프팅시술,11,all,2025-09-01,77.08779
리프팅시술,11,all,2025-10-01,53.74732
리프팅시술,11,all,2025-11-01,60.1713
리프팅시술,11,all,2025-12-01,69.80728
리프팅시술,11,f,2016-01-01,4.03726
리프팅시술,11,f,2016-02-01,4.34782
리프팅시술,11,f,2016-03-01,4.03726
리프팅시술,11,f,2016-04-01,14.59627
리프팅시술,11,f,2016-05-01,4.96894
리프팅시술,11,f,2016-06-01,1.86335
리프팅시술,11,f,2016-07-01,6.21118
리프팅시술,11,f,2016-08-01,8.07453
리프팅시술,11,f,2016-09-01,1.55279
리프팅시술,11,f,2016-10-01,2.48447
리프팅시술,11,f,2016-11-01,7.76397
리프팅시술,11,f,2016-12-01,8.38509
리프팅시술,11,f,2017-01-01,15.52795
리프팅시술,11,f,2017-02-01,11.18012
리프팅시술,11,f,2017-03-01,13.04347
리프팅시술,11,f,2017-04-01,5.90062
리프팅시술,11,f,2017-05-01,4.34782
리프팅시술,11,f,2017-06-01,7.76397
리프팅시술,11,f,2017-07-01,4.34782
리프팅시술,11,f,2017-08-01,12.1118
리프팅시술,11,f,2017-09-01,8.69565
리프팅시술,11,f,2017-10-01,6.52173
리프팅시술,11,f,2017-11-01,27.01863
리프팅시술,11,f,2017-12-01,15.21739
리프팅시술,11,f,2018-01-01,10.24844
리프팅시술,11,f,2018-02-01,13.04347
리프팅시술,11,f,2018-03-01,21.73913
리프팅시술,11,f,2018-04-01,45.96273
리프팅시술,11,f,2018-05-01,43.47826
리프팅시술,11,f,2018-06-01,27.63975
리프팅시술,11,f,2018-07-01,16.77018
리프팅시술,11,f,2018-08-01,15.21739
리프팅시술,11,f,2018-09-01,16.14906
리프팅시술,11,f,2018-10-01,16.14906
리프팅시술,11,f,2018-11-01,16.14906
리프팅시술,11,f,2018-12-01,16.77018
리프팅시술,11,f,2019-01-01,26.08695
리프팅시술,11,f,2019-02-01,15.21739
리프팅시술,11,f,2019-03-01,17.70186
리프팅시술,11,f,2019-04-01,14.59627
리프팅시술,11,f,2019-05-01,11.18012
리프팅시술,11,f,2019-06-01,13.97515
리프팅시술,11,f,2019-07-01,17.3913
리프팅시술,11,f,2019-08-01,17.3913
리프팅시술,11,f,2019-09-01,11.49068
리프팅시술,11,f,2019-10-01,13.66459
리프팅시술,11,f,2019-11-01,30.12422
리프팅시술,11,f,2019-12-01,22.04968
리프팅시술,11,f,2020-01-01,26.08695
리프팅시술,11,f,2020-02-01,19.25465
리프팅시술,11,f,2020-03-01,17.08074
리프팅시술,11,f,2020-04-01,30.74534
리프팅시술,11,f,2020-05-01,26.08695
리프팅시술,11,f,2020-06-01,17.3913
리프팅시술,11,f,2020-07-01,18.01242
리프팅시술,11,f,2020-08-01,15.8385
리프팅시술,11,f,2020-09-01,17.08074
리프팅시술,11,f,2020-10-01,27.32919
리프팅시술,11,f,2020-11-01,23.29192
리프팅시술,11,f,2020-12-01,24.53416
리프팅시술,11,f,2021-01-01,43.78881
리프팅시술,11,f,2021-02-01,47.20496
리프팅시술,11,f,2021-03-01,51.55279
리프팅시술,11,f,2021-04-01,31.67701
리프팅시술,11,f,2021-05-01,38.81987
리프팅시술,11,f,2021-06-01,36.3354
리프팅시술,11,f,2021-07-01,36.95652
리프팅시술,11,f,2021-08-01,24.53416
리프팅시술,11,f,2021-09-01,33.22981
리프팅시술,11,f,2021-10-01,31.0559
리프팅시술,11,f,2021-11-01,47.20496
리프팅시술,11,f,2021-12-01,38.19875
리프팅시술,11,f,2022-01-01,77.63975
리프팅시술,11,f,2022-02-01,68.94409
리프팅시술,11,f,2022-03-01,63.66459
리프팅시술,11,f,2022-04-01,66.77018
리프팅시술,11,f,2022-05-01,65.21739
리프팅시술,11,f,2022-06-01,58.69565
리프팅시술,11,f,2022-07-01,42.23602
리프팅시술,11,f,2022-08-01,38.19875
리프팅시술,11,f,2022-09-01,43.47826
리프팅시술,11,f,2022-10-01,41.30434
리프팅시술,11,f,2022-11-01,48.13664
리프팅시술,11,f,2022-12-01,55.59006
리프팅시술,11,f,2023-01-01,65.8385
리프팅시술,11,f,2023-02-01,77.32919
리프팅시술,11,f,2023-03-01,66.45962
리프팅시술,11,f,2023-04-01,58.07453
리프팅시술,11,f,2023-05-01,50.0
리프팅시술,11,f,2023-06-01,63.97515
리프팅시술,11,f,2023-07-01,50.31055
리프팅시술,11,f,2023-08-01,65.8385
리프팅시술,11,f,2023-09-01,47.82608
리프팅시술,11,f,2023-10-01,57.76397
리프팅시술,11,f,2023-11-01,49.68944
리프팅시술,11,f,2023-12-01,57.76397
리프팅시술,11,f,2024-01-01,74.2236
리프팅시술,11,f,2024-02-01,59.31677
리프팅시술,11,f,2024-03-01,58.38509
리프팅시술,11,f,2024-04-01,64.90683
리프팅시술,11,f,2024-05-01,52.79503
리프팅시술,11,f,2024-06-01,49.37888
리프팅시술,11,f,2024-07-01,53.10559
리프팅시술,11,f,2024-08-01,53.10559
리프팅시술,11,f,2024-09-01,52.17391
리프팅시술,11,f,2024-10-01,70.49689
리프팅시술,11,f,2024-11-01,58.07453
리프팅시술,11,f,2024-12-01,77.01863
리프팅시술,11,f,2025-01-01,73.29192
리프팅시술,11,f,2025-02-01,65.52795
리프팅시술,11,f,2025-03-01,90.06211
리프팅시술,11,f,2025-04-01,100.0
리프팅시술,11,f,2025-05-01,57.76397
리프팅시술,11,f,2025-06-01,59.00621
리프팅시술,11,f,2025-07-01,58.69565
리프팅시술,11,f,2025-08-01,65.8385
리프팅시술,11,f,2025-09-01,87.26708
리프팅시술,11,f,2025-10-01,58.07453
리프팅시술,11,f,2025-11-01,68.63354
리프팅시술,11,f,2025-12-01,84.47204
리프팅시술,11,m,2016-01-01,2.06896
리프팅시술,11,m,2016-02-01,8.96551
리프팅시술,11,m,2016-03-01,3.44827
리프팅시술,11,m,2016-04-01,22.75862
리프팅시술,11,m,2016-05-01,2.06896
리프팅시술,11,m,2016-06-01,4.82758
리프팅시술,11,m,2016-07-01,3.44827
리프팅시술,11,m,2016-08-01,10.34482
리프팅시술,11,m,2016-09-01,2.06896
리프팅시술,11,m,2016-10-01,6.89655
리프팅시술,11,m,2016-11-01,35.86206
리프팅시술,11,m,2016-12-01,22.75862
리프팅시술,11,m,2017-01-01,13.10344
리프팅시술,11,m,2017-02-01,33.10344
리프팅시술,11,m,2017-03-01,15.17241
리프팅시술,11,m,2017-04-01,19.31034
리프팅시술,11,m,2017-05-01,7.5862
리프팅시술,11,m,2017-06-01,9.65517
리프팅시술,11,m,2017-07-01,15.86206
리프팅시술,11,m,2017-08-01,15.17241
리프팅시술,11,m,2017-09-01,13.10344
리프팅시술,11,m,2017-10-01,8.27586
리프팅시술,11,m,2017-11-01,47.5862
리프팅시술,11,m,2017-12-01,17.93103
리프팅시술,11,m,2018-01-01,11.72413
리프팅시술,11,m,2018-02-01,26.20689
리프팅시술,11,m,2018-03-01,33.7931
리프팅시술,11,m,2018-04-01,70.34482
리프팅시술,11,m,2018-05-01,35.17241
리프팅시술,11,m,2018-06-01,22.75862
리프팅시술,11,m,2018-07-01,17.93103
리프팅시술,11,m,2018-08-01,23.44827
리프팅시술,11,m,2018-09-01,16.55172
리프팅시술,11,m,2018-10-01,18.62068
리프팅시술,11,m,2018-11-01,18.62068
리프팅시술,11,m,2018-12-01,18.62068
리프팅시술,11,m,2019-01-01,15.17241
리프팅시술,11,m,2019-02-01,11.03448
리프팅시술,11,m,2019-03-01,16.55172
리프팅시술,11,m,2019-04-01,13.10344
리프팅시술,11,m,2019-05-01,13.10344
리프팅시술,11,m,2019-06-01,13.10344
리프팅시술,11,m,2019-07-01,26.20689
리프팅시술,11,m,2019-08-01,11.72413
리프팅시술,11,m,2019-09-01,18.62068
리프팅시술,11,m,2019-10-01,13.10344
리프팅시술,11,m,2019-11-01,21.37931
리프팅시술,11,m,2019-12-01,29.65517
리프팅시술,11,m,2020-01-01,16.55172
리프팅시술,11,m,2020-02-01,13.10344
리프팅시술,11,m,2020-03-01,17.24137
리프팅시술,11,m,2020-04-01,11.72413
리프팅시술,11,m,2020-05-01,20.0
리프팅시술,11,m,2020-06-01,9.65517
리프팅시술,11,m,2020-07-01,15.17241
리프팅시술,11,m,2020-08-01,11.03448
리프팅시술,11,m,2020-09-01,11.03448
리프팅시술,11,m,2020-10-01,16.55172
리프팅시술,11,m,2020-11-01,19.31034
리프팅시술,11,m,2020-12-01,15.17241
리프팅시술,11,m,2021-01-01,21.37931
리프팅시술,11,m,2021-02-01,20.68965
리프팅시술,11,m,2021-03-01,17.24137
리프팅시술,11,m,2021-04-01,28.27586
리프팅시술,11,m,2021-05-01,13.10344
리프팅시술,11,m,2021-06-01,16.55172
리프팅시술,11,m,2021-07-01,17.24137
리프팅시술,11,m,2021-08-01,22.06896
리프팅시술,11,m,2021-09-01,29.65517
리프팅시술,11,m,2021-10-01,22.06896
리프팅시술,11,m,2021-11-01,20.68965
리프팅시술,11,m,2021-12-01,29.65517
리프팅시술,11,m,2022-01-01,26.20689
리프팅시술,11,m,2022-02-01,41.37931
리프팅시술,11,m,2022-03-01,28.96551
리프팅시술,11,m,2022-04-01,38.62068
리프팅시술,11,m,2022-05-01,35.86206
리프팅시술,11,m,2022-06-01,38.62068
리프팅시술,11,m,2022-07-01,17.93103
리프팅시술,11,m,2022-08-01,23.44827
리프팅시술,11,m,2022-09-01,25.51724
리프팅시술,11,m,2022-10-01,33.7931
리프팅시술,11,m,2022-11-01,31.03448
리프팅시술,11,m,2022-12-01,36.55172
리프팅시술,11,m,2023-01-01,42.75862
리프팅시술,11,m,2023-02-01,42.06896
리프팅시술,11,m,2023-03-01,25.51724
리프팅시술,11,m,2023-04-01,35.86206
리프팅시술,11,m,2023-05-01,29.65517
리프팅시술,11,m,2023-06-01,48.96551
리프팅시술,11,m,2023-07-01,48.27586
리프팅시술,11,m,2023-08-01,25.51724
리프팅시술,11,m,2023-09-01,32.41379
리프팅시술,11,m,2023-10-01,27.5862
리프팅시술,11,m,2023-11-01,30.34482
리프팅시술,11,m,2023-12-01,43.44827
리프팅시술,11,m,2024-01-01,42.06896
리프팅시술,11,m,2024-02-01,24.82758
리프팅시술,11,m,2024-03-01,31.72413
리프팅시술,11,m,2024-04-01,23.44827
리프팅시술,11,m,2024-05-01,31.03448
리프팅시술,11,m,2024-06-01,32.41379
리프팅시술,11,m,2024-07-01,60.68965
리프팅시술,11,m,2024-08-01,26.89655
리프팅시술,11,m,2024-09-01,24.82758
리프팅시술,11,m,2024-10-01,40.68965
리프팅시술,11,m,2024-11-01,46.89655
리프팅시술,11,m,2024-12-01,44.13793
리프팅시술,11,m,2025-01-01,45.51724
리프팅시술,11,m,2025-02-01,40.68965
리프팅시술,11,m,2025-03-01,62.06896
리프팅시술,11,m,2025-04-01,100.0
리프팅시술,11,m,2025-05-01,63.44827
리프팅시술,11,m,2025-06-01,78.62068
리프팅시술,11,m,2025-07-01,67.5862
리프팅시술,11,m,2025-08-01,53.7931
리프팅시술,11,m,2025-09-01,54.48275
리프팅시술,11,m,2025-10-01,44.13793
리프팅시술,11,m,2025-11-01,41.37931
리프팅시술,11,m,2025-12-01,37.24137
